1 116 0.043856790 ubox
1 589 0.897174445 ubox
1 590 0.010245517 ubox
1 591 0.007042440 ubox
2 115 0.049038959 ubox
2 588 0.997809066 ubox
2 589 0.017350016 ubox
2 590 0.007922042 ubox
3 64 0.005355461 ubox
3 97 0.003409769 ubox
3 114 0.049080172 ubox
3 587 0.998195540 ubox
3 588 0.007243127 ubox
3 589 0.007812226 ubox
3 591 0.006567727 ubox
4 12 0.019247289 ubox
4 63 0.005494912 ubox
4 96 0.003490662 ubox
4 113 0.049089972 ubox
4 586 0.998286299 ubox
4 588 0.007707053 ubox
4 590 0.007530703 ubox
5 11 0.020249795 ubox
5 62 0.005537763 ubox
5 95 0.003499053 ubox
5 112 0.049091961 ubox
5 523 0.006985944 ubox
5 585 0.995893301 ubox
6 10 0.020768136 ubox
6 12 0.007735398 ubox
6 38 0.045486681 ubox
6 61 0.005557939 ubox
6 86 0.003523128 ubox
6 90 0.003534938 ubox
6 94 0.003491505 ubox
6 111 0.049093500 ubox
6 168 0.003225022 ubox
6 522 0.008270898 ubox
6 584 0.442729772 ubox
6 588 0.008046472 ubox
7 20 0.007233382 ubox
7 37 0.044173852 ubox
7 46 0.003310875 ubox
7 60 0.005223143 ubox
7 85 0.003185889 ubox
7 89 0.003296678 ubox
7 110 0.048671459 ubox
7 167 0.003241963 ubox
7 584 0.012994233 ubox
7 587 0.007611707 ubox
8 18 0.008982591 ubox
8 19 0.006949792 ubox
8 45 0.004155251 ubox
8 58 0.003248266 ubox
8 166 0.003239874 ubox
8 583 0.077917389 ubox
9 15 0.008259594 ubox
9 17 0.009395710 ubox
9 20 0.004957649 ubox
9 37 0.011184573 ubox
9 44 0.004935002 ubox
9 57 0.003202647 ubox
9 96 0.006088970 ubox
9 109 0.048728073 ubox
9 165 0.003180210 ubox
9 173 0.003320224 ubox
9 520 0.019879467 ubox
9 522 0.019029538 ubox
9 524 0.941200962 ubox
9 526 0.008042713 ubox
9 580 0.007192585 ubox
9 582 0.071230619 ubox
9 586 0.004137413 ubox
10 14 0.008524285 ubox
10 16 0.009500512 ubox
10 18 0.024090522 ubox
10 19 0.003679004 ubox
10 35 0.138200927 ubox
10 36 0.010527343 ubox
10 95 0.006895656 ubox
10 108 0.049007810 ubox
10 172 0.003335587 ubox
10 519 0.020676234 ubox
10 521 0.022187207 ubox
10 523 0.979539956 ubox
10 525 0.005676459 ubox
10 579 0.009628149 ubox
10 583 0.053647689 ubox
10 585 0.004469395 ubox
11 17 0.026048045 ubox
11 34 0.138823587 ubox
11 37 0.021780784 ubox
11 54 0.004932746 ubox
11 94 0.006895585 ubox
11 107 0.048997623 ubox
11 517 0.022993840 ubox
11 522 0.979633690 ubox
11 580 0.058218483 ubox
11 582 0.053935334 ubox
11 584 0.004426729 ubox
12 16 0.025526474 ubox
12 32 0.006655740 ubox
12 33 0.135324047 ubox
12 35 0.005409811 ubox
12 36 0.021894869 ubox
12 40 0.029500726 ubox
12 53 0.004946234 ubox
12 92 0.005001564 ubox
12 93 0.004756502 ubox
12 170 0.003305534 ubox
12 516 0.023080865 ubox
12 519 0.049706161 ubox
12 521 0.978463390 ubox
12 523 0.004244535 ubox
12 578 0.102475505 ubox
12 579 0.010897603 ubox
12 583 0.004305428 ubox
13 30 0.018458983 ubox
13 31 0.009521461 ubox
13 34 0.004625366 ubox
13 39 0.029724273 ubox
13 52 0.004248549 ubox
13 91 0.006899555 ubox
13 97 0.004055003 ubox
13 105 0.039273135 ubox
13 106 0.026396153 ubox
13 169 0.003439843 ubox
13 515 0.022477635 ubox
13 518 0.058111519 ubox
13 520 0.952614976 ubox
13 522 0.003989903 ubox
13 577 0.103076205 ubox
13 581 0.056452375 ubox
14 29 0.018616990 ubox
14 34 0.027857698 ubox
14 38 0.029728492 ubox
14 90 0.006924099 ubox
14 96 0.004118761 ubox
14 104 0.039838609 ubox
14 105 0.026748287 ubox
14 168 0.003441122 ubox
14 511 0.006337747 ubox
14 517 0.063623350 ubox
14 576 0.103072396 ubox
14 580 0.057167098 ubox
14 635 0.003498539 ubox
15 28 0.015780553 ubox
15 33 0.027529190 ubox
15 510 0.006130717 ubox
15 512 0.080098382 ubox
15 575 0.096799314 ubox
15 579 0.056957845 ubox
15 634 0.003205642 ubox
16 29 0.244298312 ubox
16 37 0.028685640 ubox
16 54 0.005704720 ubox
16 63 0.006765934 ubox
16 96 0.003244255 ubox
16 511 0.081153037 ubox
16 517 0.950250638 ubox
17 25 0.008641531 ubox
17 28 0.245083909 ubox
17 35 0.008144537 ubox
17 36 0.028489030 ubox
17 40 0.004850859 ubox
17 53 0.005719213 ubox
17 62 0.006783057 ubox
17 95 0.003248599 ubox
17 100 0.005802762 ubox
17 166 0.003892057 ubox
17 465 0.026507958 ubox
17 510 0.080239955 ubox
17 516 0.951957143 ubox
17 519 0.080503078 ubox
17 578 0.056600904 ubox
18 24 0.011807823 ubox
18 27 0.245721210 ubox
18 30 0.010790517 ubox
18 34 0.008637483 ubox
18 39 0.004866061 ubox
18 52 0.005625265 ubox
18 61 0.006757364 ubox
18 99 0.005709383 ubox
18 165 0.004228047 ubox
18 463 0.011442565 ubox
18 464 0.026764946 ubox
18 509 0.071926704 ubox
18 511 0.004075846 ubox
18 515 0.888284452 ubox
18 518 0.080144770 ubox
18 577 0.056324845 ubox
19 23 0.018788455 ubox
19 26 0.244080284 ubox
19 29 0.011241589 ubox
19 34 0.025141870 ubox
19 38 0.004848543 ubox
19 50 0.003964133 ubox
19 98 0.005075116 ubox
19 164 0.004277156 ubox
19 462 0.013295257 ubox
19 463 0.025925903 ubox
19 509 0.235060849 ubox
19 511 0.027494014 ubox
19 517 0.077278658 ubox
19 576 0.056028379 ubox
20 25 0.223230642 ubox
20 28 0.010974096 ubox
20 33 0.025381248 ubox
20 49 0.003972890 ubox
20 163 0.004260710 ubox
20 506 0.008768793 ubox
20 507 0.060504793 ubox
20 508 0.238121221 ubox
20 510 0.026884694 ubox
20 513 0.393629138 ubox
20 575 0.053565511 ubox
21 32 0.024148498 ubox
21 33 0.004762674 ubox
21 48 0.003906360 ubox
21 162 0.004049803 ubox
21 505 0.009157610 ubox
21 506 0.065644942 ubox
21 507 0.237963684 ubox
21 508 0.013286346 ubox
21 512 0.354878638 ubox
21 513 0.064447930 ubox
22 32 0.004640905 ubox
22 33 0.006042186 ubox
22 47 0.003651191 ubox
22 49 0.004278412 ubox
22 469 0.004652521 ubox
22 504 0.008911811 ubox
22 505 0.065648950 ubox
22 506 0.236711270 ubox
22 507 0.014890728 ubox
22 508 0.014289356 ubox
22 512 0.062078523 ubox
22 513 0.066371986 ubox
23 32 0.006217713 ubox
23 33 0.012208064 ubox
23 48 0.004522162 ubox
23 468 0.004927088 ubox
23 504 0.062999746 ubox
23 505 0.229365155 ubox
23 506 0.014275357 ubox
23 507 0.013394304 ubox
23 508 0.008136603 ubox
23 512 0.059493011 ubox
23 513 0.036517027 ubox
24 32 0.012886158 ubox
24 47 0.004572865 ubox
24 460 0.888461145 ubox
24 504 0.175723686 ubox
24 505 0.007802724 ubox
24 506 0.006881415 ubox
24 507 0.003977619 ubox
24 510 0.109956706 ubox
24 512 0.037535091 ubox
25 31 0.012950026 ubox
25 34 0.007203108 ubox
25 46 0.004570270 ubox
25 441 0.010485812 ubox
25 459 0.947308883 ubox
25 503 0.102289268 ubox
25 509 0.110044322 ubox
25 511 0.037398445 ubox
26 33 0.007323550 ubox
26 45 0.004161362 ubox
26 440 0.010597967 ubox
26 458 0.950993233 ubox
26 507 0.006837849 ubox
26 508 0.108752232 ubox
26 510 0.033472800 ubox
27 32 0.006079284 ubox
27 58 0.004947338 ubox
27 156 0.007050555 ubox
27 439 0.010629108 ubox
27 457 0.951813468 ubox
27 460 0.004205942 ubox
27 491 0.005292020 ubox
27 506 0.005781924 ubox
27 507 0.082666196 ubox
27 510 0.019868933 ubox
28 37 0.013204081 ubox
28 41 0.004270179 ubox
28 50 0.006865355 ubox
28 57 0.005291640 ubox
28 60 0.115317032 ubox
28 102 0.004312661 ubox
28 155 0.007428336 ubox
28 438 0.010579366 ubox
28 456 0.952081296 ubox
28 459 0.004452806 ubox
28 462 0.003710191 ubox
28 481 0.009493844 ubox
28 486 0.006086114 ubox
28 490 0.006639125 ubox
28 499 0.072332216 ubox
28 501 0.034663939 ubox
28 509 0.024869582 ubox
28 515 0.016587709 ubox
29 36 0.018367463 ubox
29 40 0.004357715 ubox
29 49 0.007109394 ubox
29 59 0.117860499 ubox
29 101 0.004661514 ubox
29 154 0.006543544 ubox
29 455 0.952202616 ubox
29 458 0.004462837 ubox
29 461 0.003838934 ubox
29 480 0.009822002 ubox
29 485 0.006349811 ubox
29 489 0.008852910 ubox
29 498 0.074470814 ubox
29 500 0.035030152 ubox
29 505 0.028419605 ubox
29 506 0.035259098 ubox
29 507 0.004318687 ubox
29 508 0.024844034 ubox
29 514 0.024082249 ubox
30 48 0.007241627 ubox
30 58 0.113863930 ubox
30 153 0.004663568 ubox
30 154 0.026161367 ubox
30 436 0.010561406 ubox
30 454 0.675771438 ubox
30 457 0.004301394 ubox
30 460 0.003830840 ubox
30 479 0.009706566 ubox
30 497 0.073794624 ubox
30 504 0.028018948 ubox
30 505 0.036452744 ubox
30 506 0.004721143 ubox
30 507 0.023972947 ubox
30 513 0.024061688 ubox
31 45 0.004496811 ubox
31 47 0.007235476 ubox
31 58 0.028509310 ubox
31 83 0.013348591 ubox
31 153 0.028639582 ubox
31 435 0.010533589 ubox
31 454 0.670011220 ubox
31 504 0.035612242 ubox
31 505 0.003988641 ubox
31 506 0.018639872 ubox
31 512 0.023574019 ubox
32 39 0.006044178 ubox
32 42 0.035180201 ubox
32 43 0.008909511 ubox
32 44 0.005400205 ubox
32 46 0.006953612 ubox
32 55 0.125848498 ubox
32 56 0.051502810 ubox
32 57 0.036980835 ubox
32 64 0.080028161 ubox
32 65 0.004140825 ubox
32 81 0.003949120 ubox
32 82 0.014189967 ubox
32 97 0.126124879 ubox
32 98 0.003398939 ubox
32 110 0.005061870 ubox
32 152 0.029273365 ubox
32 184 0.003185837 ubox
32 434 0.010294274 ubox
32 453 0.947567890 ubox
32 482 0.022014579 ubox
32 487 0.044886601 ubox
32 502 0.023636878 ubox
32 503 0.033840155 ubox
32 511 0.019167583 ubox
32 518 0.040314690 ubox
33 38 0.006100452 ubox
33 41 0.036944632 ubox
33 42 0.009302130 ubox
33 43 0.005433853 ubox
33 52 0.043489759 ubox
33 54 0.130195735 ubox
33 55 0.046425941 ubox
33 56 0.036431729 ubox
33 60 0.003781137 ubox
33 63 0.081395730 ubox
33 64 0.003361378 ubox
33 80 0.004139516 ubox
33 81 0.014224380 ubox
33 96 0.128228319 ubox
33 109 0.005208831 ubox
33 151 0.029324770 ubox
33 433 0.008747796 ubox
33 452 0.951511831 ubox
33 481 0.024159003 ubox
33 486 0.046362728 ubox
33 499 0.008159469 ubox
33 501 0.025678496 ubox
33 502 0.031776750 ubox
33 509 0.003223924 ubox
33 517 0.041082803 ubox
33 520 0.005791894 ubox
33 524 0.003195041 ubox
34 40 0.037129880 ubox
34 51 0.046799117 ubox
34 53 0.132971528 ubox
34 59 0.003945320 ubox
34 62 0.082148275 ubox
34 79 0.003642028 ubox
34 95 0.129331645 ubox
34 108 0.005226899 ubox
34 134 0.003277008 ubox
34 150 0.029336060 ubox
34 191 0.005125730 ubox
34 431 0.010231886 ubox
34 439 0.005051196 ubox
34 451 0.952302578 ubox
34 475 0.011948433 ubox
34 480 0.024691721 ubox
34 485 0.046642117 ubox
34 489 0.003598125 ubox
34 495 0.074012665 ubox
34 498 0.009530635 ubox
34 500 0.026600363 ubox
34 508 0.003299925 ubox
34 516 0.041443766 ubox
34 519 0.007480196 ubox
34 523 0.003439970 ubox
35 61 0.082128765 ubox
35 94 0.128563744 ubox
35 105 0.004753146 ubox
35 107 0.005212618 ubox
35 133 0.003285200 ubox
35 149 0.029249767 ubox
35 190 0.005140366 ubox
35 430 0.010292968 ubox
35 438 0.005490432 ubox
35 450 0.952305144 ubox
35 474 0.012606714 ubox
35 484 0.046642879 ubox
35 488 0.003590282 ubox
35 494 0.052653781 ubox
35 522 0.003290883 ubox
36 46 0.004200330 ubox
36 54 0.053791800 ubox
36 63 0.004390876 ubox
36 94 0.013470580 ubox
36 96 0.003220490 ubox
36 104 0.004764401 ubox
36 147 0.021093270 ubox
36 182 0.017702255 ubox
36 189 0.005135919 ubox
36 429 0.010282150 ubox
36 437 0.005464960 ubox
36 449 0.952273567 ubox
36 473 0.012591147 ubox
36 483 0.046602335 ubox
36 494 0.056938212 ubox
36 517 0.008627981 ubox
37 45 0.004199280 ubox
37 48 0.004752413 ubox
37 49 0.217124665 ubox
37 53 0.053147414 ubox
37 59 0.043569982 ubox
37 62 0.004387930 ubox
37 78 0.047848020 ubox
37 79 0.011418814 ubox
37 93 0.018518223 ubox
37 95 0.003204527 ubox
37 101 0.004834542 ubox
37 131 0.003385004 ubox
37 146 0.008991751 ubox
37 181 0.018013190 ubox
37 187 0.005154521 ubox
37 436 0.003782679 ubox
37 448 0.945707349 ubox
37 477 0.037811290 ubox
37 478 0.006073174 ubox
37 493 0.077132567 ubox
37 496 0.005059213 ubox
37 497 0.003637566 ubox
37 498 0.008761843 ubox
37 514 0.055678142 ubox
37 516 0.008100360 ubox
38 47 0.009073944 ubox
38 48 0.738452791 ubox
38 49 0.030279509 ubox
38 58 0.030683363 ubox
38 59 0.088024475 ubox
38 77 0.065864647 ubox
38 78 0.043989099 ubox
38 92 0.017546099 ubox
38 93 0.006189414 ubox
38 100 0.005645935 ubox
38 130 0.003471521 ubox
38 176 0.003345417 ubox
38 180 0.018021587 ubox
38 186 0.005170966 ubox
38 476 0.038638276 ubox
38 480 0.003707940 ubox
38 492 0.077496131 ubox
38 495 0.005053796 ubox
38 496 0.003614537 ubox
38 497 0.006076839 ubox
38 498 0.014450883 ubox
38 513 0.055938656 ubox
38 514 0.006862646 ubox
39 47 0.757185293 ubox
39 48 0.024427089 ubox
39 58 0.086350327 ubox
39 92 0.006514775 ubox
39 129 0.003354770 ubox
39 148 0.014877351 ubox
39 175 0.003213056 ubox
39 179 0.017767780 ubox
39 185 0.004971226 ubox
39 475 0.038641536 ubox
39 479 0.003556889 ubox
39 491 0.077502999 ubox
39 497 0.013687959 ubox
39 512 0.056171312 ubox
39 513 0.004986346 ubox
40 46 0.761105961 ubox
40 76 0.100617885 ubox
40 94 0.010196948 ubox
40 147 0.016051818 ubox
40 149 0.022255623 ubox
40 157 0.004655904 ubox
40 164 0.009789233 ubox
40 474 0.038618556 ubox
40 490 0.077397879 ubox
40 494 0.005631976 ubox
40 511 0.056368910 ubox
41 45 0.639053581 ubox
41 48 0.009487944 ubox
41 49 0.018072372 ubox
41 75 0.097219971 ubox
41 93 0.010147985 ubox
41 148 0.021625526 ubox
41 156 0.004573765 ubox
41 163 0.009266012 ubox
41 175 0.004091320 ubox
41 493 0.005376377 ubox
41 510 0.054599915 ubox
42 47 0.009044473 ubox
42 48 0.019271880 ubox
42 49 0.011215878 ubox
42 74 0.093404202 ubox
42 75 0.035087323 ubox
42 92 0.009538057 ubox
42 162 0.007331438 ubox
42 174 0.005758120 ubox
42 175 0.003610611 ubox
42 508 0.008753458 ubox
43 47 0.016771384 ubox
43 48 0.010333162 ubox
43 49 0.006789605 ubox
43 73 0.087080563 ubox
43 74 0.044460694 ubox
43 93 0.007421905 ubox
43 154 0.003482811 ubox
43 163 0.015196613 ubox
43 174 0.003641283 ubox
43 175 0.061342012 ubox
43 507 0.008110719 ubox
43 508 0.012507915 ubox
44 48 0.006246166 ubox
44 58 0.018384287 ubox
44 73 0.051754690 ubox
44 92 0.008831250 ubox
44 153 0.003529784 ubox
44 156 0.003436359 ubox
44 162 0.016980359 ubox
44 174 0.075848409 ubox
44 491 0.004957107 ubox
44 506 0.006540741 ubox
44 507 0.008832173 ubox
45 52 0.098702241 ubox
45 54 0.109552818 ubox
45 57 0.019369559 ubox
45 60 0.152826675 ubox
45 63 0.012215390 ubox
45 72 0.057939698 ubox
45 84 0.547879006 ubox
45 91 0.009956953 ubox
45 102 0.010254166 ubox
45 109 0.009655871 ubox
45 155 0.003666023 ubox
45 161 0.017540000 ubox
45 167 0.003478374 ubox
45 171 0.073097276 ubox
45 173 0.079225790 ubox
45 486 0.004370649 ubox
45 490 0.005138601 ubox
45 517 0.006005878 ubox
46 51 0.101556030 ubox
46 53 0.123553983 ubox
46 58 0.081860598 ubox
46 59 0.155360120 ubox
46 62 0.013826214 ubox
46 70 0.090456243 ubox
46 71 0.047708111 ubox
46 83 0.564026483 ubox
46 92 0.003191694 ubox
46 100 0.031146648 ubox
46 101 0.009286739 ubox
46 108 0.009990970 ubox
46 150 0.003181332 ubox
46 154 0.003617918 ubox
46 162 0.004504415 ubox
46 166 0.003523371 ubox
46 170 0.075625736 ubox
46 172 0.079458529 ubox
46 485 0.004464196 ubox
46 489 0.006933847 ubox
46 516 0.006950532 ubox
47 52 0.108910614 ubox
47 55 0.016935589 ubox
47 56 0.060079348 ubox
47 57 0.119194101 ubox
47 61 0.013734491 ubox
47 67 0.006333921 ubox
47 68 0.007919419 ubox
47 69 0.096212772 ubox
47 82 0.566191508 ubox
47 89 0.010283453 ubox
47 91 0.005218683 ubox
47 99 0.031642961 ubox
47 107 0.009988919 ubox
47 159 0.017698062 ubox
47 161 0.005020148 ubox
47 165 0.003454863 ubox
47 169 0.076399061 ubox
47 171 0.076646111 ubox
47 484 0.004445655 ubox
47 488 0.006659808 ubox
47 515 0.006911331 ubox
48 54 0.017131988 ubox
48 55 0.066372477 ubox
48 56 0.121778330 ubox
48 57 0.117725346 ubox
48 60 0.011921681 ubox
48 65 0.003356819 ubox
48 66 0.006886838 ubox
48 67 0.008783405 ubox
48 68 0.095331492 ubox
48 69 0.008459939 ubox
48 81 0.566659095 ubox
48 88 0.010332075 ubox
48 90 0.005365568 ubox
48 98 0.031568559 ubox
48 99 0.007207051 ubox
48 106 0.009950854 ubox
48 152 0.004642688 ubox
48 158 0.017705648 ubox
48 160 0.005078322 ubox
48 168 0.077012942 ubox
48 169 0.016347121 ubox
48 483 0.004323559 ubox
48 487 0.005992232 ubox
49 54 0.066768134 ubox
49 55 0.121351023 ubox
49 56 0.120873412 ubox
49 60 0.008253531 ubox
49 64 0.003667437 ubox
49 65 0.007540307 ubox
49 66 0.009064155 ubox
49 67 0.091422953 ubox
49 68 0.008476588 ubox
49 80 0.567780373 ubox
49 81 0.004127421 ubox
49 84 0.003625154 ubox
49 87 0.010316819 ubox
49 89 0.005345518 ubox
49 97 0.030865590 ubox
49 98 0.008391248 ubox
49 105 0.009832713 ubox
49 149 0.044102183 ubox
49 151 0.007920179 ubox
49 157 0.017635152 ubox
49 159 0.005094803 ubox
49 167 0.076895174 ubox
49 168 0.016158651 ubox
49 171 0.005030738 ubox
49 482 0.003624921 ubox
49 486 0.005229184 ubox
50 79 0.564632955 ubox
50 83 0.003584705 ubox
50 148 0.047025994 ubox
50 156 0.017042758 ubox
50 166 0.075401744 ubox
50 170 0.005374063 ubox
50 512 0.010257275 ubox
51 76 0.018188859 ubox
51 94 0.004225196 ubox
51 147 0.047758555 ubox
51 149 0.324664682 ubox
51 157 0.012849345 ubox
51 164 0.038133195 ubox
51 511 0.010792534 ubox
52 75 0.016041758 ubox
52 93 0.003882802 ubox
52 148 0.324772385 ubox
52 156 0.012653352 ubox
52 163 0.035425250 ubox
52 439 0.003343635 ubox
52 510 0.010520754 ubox
53 63 0.184482614 ubox
53 76 0.583863542 ubox
53 94 0.005819214 ubox
53 96 0.221125039 ubox
53 145 0.038767538 ubox
53 147 0.324517400 ubox
53 149 0.007113454 ubox
53 157 0.006429556 ubox
53 164 0.039864849 ubox
53 438 0.003594504 ubox
53 517 0.004047155 ubox
53 522 0.005766764 ubox
54 62 0.184714075 ubox
54 74 0.006625921 ubox
54 75 0.564058529 ubox
54 93 0.005297813 ubox
54 95 0.220943590 ubox
54 144 0.038805258 ubox
54 146 0.162090800 ubox
54 148 0.004701175 ubox
54 154 0.010632057 ubox
54 156 0.006212540 ubox
54 163 0.039047019 ubox
54 478 0.003707196 ubox
54 507 0.010874302 ubox
54 508 0.005997103 ubox
54 514 0.003199182 ubox
54 516 0.004037035 ubox
54 521 0.005770252 ubox
55 73 0.007342866 ubox
55 74 0.549642048 ubox
55 75 0.200651440 ubox
55 92 0.004828479 ubox
55 93 0.006709754 ubox
55 143 0.038643666 ubox
55 153 0.010571727 ubox
55 162 0.037979514 ubox
55 163 0.006603161 ubox
55 477 0.003675355 ubox
55 506 0.011402231 ubox
55 507 0.005813748 ubox
55 513 0.003181084 ubox
56 73 0.513875595 ubox
56 74 0.238449514 ubox
56 75 0.035425135 ubox
56 92 0.004979927 ubox
56 93 0.178668543 ubox
56 142 0.035056248 ubox
56 154 0.006274044 ubox
56 162 0.006174034 ubox
56 163 0.072871293 ubox
56 440 0.006581040 ubox
56 505 0.011601648 ubox
56 506 0.005408944 ubox
57 73 0.268180156 ubox
57 74 0.037851786 ubox
57 83 0.011445550 ubox
57 92 0.222142908 ubox
57 148 0.007849812 ubox
57 153 0.006464727 ubox
57 162 0.076190555 ubox
57 166 0.036532473 ubox
57 170 0.056344198 ubox
57 435 0.003628552 ubox
57 439 0.007036749 ubox
57 475 0.003782811 ubox
57 504 0.011723409 ubox
57 505 0.004441558 ubox
58 64 0.029426159 ubox
58 72 0.283264930 ubox
58 82 0.011701263 ubox
58 87 0.017469937 ubox
58 91 0.222926812 ubox
58 97 0.015576390 ubox
58 105 0.015212739 ubox
58 106 0.160651314 ubox
58 147 0.007677215 ubox
58 152 0.006012159 ubox
58 158 0.050604690 ubox
58 161 0.076786675 ubox
58 165 0.038592527 ubox
58 169 0.059166598 ubox
58 434 0.004059207 ubox
58 438 0.007066041 ubox
58 443 0.006091939 ubox
58 474 0.003816429 ubox
58 503 0.011833346 ubox
58 581 0.003223612 ubox
59 63 0.029757624 ubox
59 76 0.026494009 ubox
59 86 0.017715025 ubox
59 90 0.222761380 ubox
59 96 0.015782989 ubox
59 104 0.016360659 ubox
59 105 0.162075821 ubox
59 149 0.207222976 ubox
59 157 0.051274379 ubox
59 160 0.076756793 ubox
59 164 0.038597504 ubox
59 168 0.059197903 ubox
59 433 0.004076928 ubox
59 437 0.007073693 ubox
59 442 0.006145124 ubox
59 473 0.003805682 ubox
59 502 0.011823994 ubox
59 511 0.003659499 ubox
59 580 0.003252956 ubox
60 75 0.026371659 ubox
60 79 0.062577721 ubox
60 135 0.017859106 ubox
60 142 0.016852088 ubox
60 148 0.202192016 ubox
60 156 0.050224510 ubox
60 163 0.035771988 ubox
60 432 0.004067240 ubox
60 436 0.006924242 ubox
60 440 0.006770255 ubox
60 510 0.003591211 ubox
60 579 0.003248109 ubox
61 70 0.799114782 ubox
61 77 0.444138502 ubox
61 78 0.046508261 ubox
61 95 0.018147512 ubox
61 108 0.008399829 ubox
61 134 0.018530597 ubox
61 141 0.017837471 ubox
61 146 0.281384224 ubox
61 162 0.011234259 ubox
61 431 0.004056357 ubox
61 435 0.005501701 ubox
61 439 0.007571406 ubox
61 523 0.030875035 ubox
61 578 0.003209037 ubox
62 69 0.799658421 ubox
62 76 0.446831488 ubox
62 94 0.018155627 ubox
62 107 0.008500916 ubox
62 133 0.018511398 ubox
62 145 0.286562561 ubox
62 157 0.029564641 ubox
62 430 0.004046017 ubox
62 434 0.005298144 ubox
62 438 0.007634168 ubox
62 522 0.030921278 ubox
63 74 0.009395894 ubox
63 75 0.444925307 ubox
63 93 0.017991528 ubox
63 144 0.286581774 ubox
63 156 0.026791756 ubox
63 521 0.030848869 ubox
64 73 0.013249078 ubox
64 74 0.443542661 ubox
64 75 0.035680330 ubox
64 92 0.016630660 ubox
64 143 0.286448503 ubox
64 154 0.008202849 ubox
64 436 0.007603197 ubox
65 73 0.430498018 ubox
65 74 0.045195493 ubox
65 75 0.005510282 ubox
65 137 0.005235976 ubox
65 142 0.284184616 ubox
65 143 0.003740886 ubox
65 153 0.007865193 ubox
65 154 0.011940315 ubox
65 435 0.007579946 ubox
66 73 0.050108430 ubox
66 74 0.007087224 ubox
66 75 0.010403512 ubox
66 136 0.005713623 ubox
66 137 0.284810484 ubox
66 142 0.003824055 ubox
66 153 0.011624455 ubox
67 73 0.008991373 ubox
67 74 0.012536357 ubox
67 135 0.004111667 ubox
67 136 0.286974687 ubox
67 137 0.003508833 ubox
68 73 0.016136942 ubox
68 79 0.007359980 ubox
68 135 0.287312546 ubox
68 432 0.007858056 ubox
68 440 0.004471581 ubox
69 77 0.042053351 ubox
69 78 0.006734997 ubox
69 95 0.252046760 ubox
69 108 0.005163174 ubox
69 134 0.287431938 ubox
69 431 0.007923669 ubox
69 439 0.005082357 ubox
69 448 0.007520372 ubox
69 489 0.007220322 ubox
70 76 0.042233638 ubox
70 94 0.252128939 ubox
70 105 0.017167631 ubox
70 107 0.005261981 ubox
70 133 0.287173530 ubox
70 430 0.007923756 ubox
70 438 0.005145936 ubox
70 447 0.008072933 ubox
70 488 0.007212335 ubox
71 94 0.078727805 ubox
71 104 0.018010669 ubox
71 149 0.010602628 ubox
71 157 0.011735995 ubox
71 429 0.007918268 ubox
71 437 0.005151236 ubox
71 446 0.008087209 ubox
72 83 0.095819024 ubox
72 92 0.308822426 ubox
72 93 0.061888441 ubox
72 148 0.010481941 ubox
72 156 0.011694208 ubox
72 170 0.009992618 ubox
72 436 0.004562680 ubox
73 81 0.021542256 ubox
73 82 0.103309412 ubox
73 85 0.015145116 ubox
73 86 0.092179712 ubox
73 87 0.067361441 ubox
73 88 0.043722981 ubox
73 89 0.064168341 ubox
73 90 0.046843784 ubox
73 91 0.382176104 ubox
73 97 0.008252067 ubox
73 98 0.417012502 ubox
73 99 0.023242531 ubox
73 103 0.003646036 ubox
73 104 0.029319005 ubox
73 106 0.004972853 ubox
73 111 0.024072952 ubox
73 147 0.009017986 ubox
73 155 0.010746783 ubox
73 169 0.010761248 ubox
73 487 0.003375625 ubox
73 488 0.090665496 ubox
74 80 0.022215341 ubox
74 81 0.102738663 ubox
74 82 0.024467157 ubox
74 84 0.015082825 ubox
74 85 0.100283743 ubox
74 86 0.068309241 ubox
74 87 0.045624841 ubox
74 88 0.065861392 ubox
74 89 0.052144033 ubox
74 90 0.384534079 ubox
74 91 0.041553550 ubox
74 96 0.005931963 ubox
74 97 0.440529518 ubox
74 98 0.020828457 ubox
74 103 0.032401298 ubox
74 105 0.004831921 ubox
74 110 0.046649343 ubox
74 152 0.014835182 ubox
74 168 0.010760109 ubox
74 487 0.101542563 ubox
75 80 0.091901922 ubox
75 81 0.027761736 ubox
75 84 0.101592243 ubox
75 85 0.067885655 ubox
75 86 0.045203204 ubox
75 87 0.064799713 ubox
75 88 0.052739348 ubox
75 89 0.384554035 ubox
75 90 0.042384154 ubox
75 96 0.441890771 ubox
75 97 0.016427408 ubox
75 102 0.032940423 ubox
75 104 0.004627117 ubox
75 106 0.006059188 ubox
75 109 0.049276747 ubox
75 132 0.003918771 ubox
75 151 0.017111833 ubox
75 167 0.010534609 ubox
75 171 0.004686564 ubox
75 173 0.004403924 ubox
75 486 0.103301141 ubox
76 83 0.093434543 ubox
76 95 0.443050109 ubox
76 101 0.032973936 ubox
76 108 0.049692153 ubox
76 131 0.003934362 ubox
76 150 0.017390910 ubox
76 166 0.010121946 ubox
76 170 0.004920313 ubox
76 172 0.004993063 ubox
76 191 0.007195099 ubox
76 431 0.003619271 ubox
76 448 0.028884912 ubox
76 475 0.003284690 ubox
76 485 0.103626269 ubox
76 541 0.006679687 ubox
77 94 0.442562833 ubox
77 105 0.099938671 ubox
77 107 0.049452937 ubox
77 149 0.017409210 ubox
77 190 0.007960411 ubox
77 430 0.003624757 ubox
77 445 0.009780225 ubox
77 446 0.009860971 ubox
77 447 0.035067443 ubox
77 474 0.003732350 ubox
77 484 0.103627050 ubox
77 538 0.003596920 ubox
77 540 0.007313509 ubox
78 86 0.480383392 ubox
78 90 0.216548253 ubox
78 104 0.100180973 ubox
78 105 0.047471596 ubox
78 107 0.004826240 ubox
78 160 0.010778985 ubox
78 168 0.029979981 ubox
78 189 0.007962422 ubox
78 429 0.003619513 ubox
78 444 0.009791218 ubox
78 445 0.009854892 ubox
78 446 0.034984514 ubox
78 473 0.003742235 ubox
78 483 0.103613277 ubox
78 537 0.003603919 ubox
78 539 0.007319975 ubox
79 85 0.471838693 ubox
79 89 0.212773308 ubox
79 94 0.007557508 ubox
79 103 0.097170446 ubox
79 104 0.046685230 ubox
79 106 0.005790419 ubox
79 159 0.010682215 ubox
79 167 0.029864735 ubox
79 188 0.007570585 ubox
79 443 0.009368332 ubox
79 444 0.009075974 ubox
79 445 0.030561667 ubox
79 472 0.003468361 ubox
79 482 0.095878912 ubox
79 536 0.003567187 ubox
79 538 0.007257200 ubox
80 93 0.041457111 ubox
80 166 0.029224606 ubox
80 535 0.003478958 ubox
81 92 0.044916552 ubox
81 93 0.208576562 ubox
81 163 0.008755481 ubox
81 513 0.003755795 ubox
82 92 0.214131788 ubox
82 156 0.011300717 ubox
82 162 0.009530163 ubox
82 512 0.004038618 ubox
82 535 0.006911422 ubox
83 91 0.214010609 ubox
83 94 0.062011443 ubox
83 155 0.011381448 ubox
83 161 0.009500260 ubox
83 167 0.003280432 ubox
83 441 0.028253615 ubox
83 509 0.003418572 ubox
83 511 0.004068367 ubox
83 534 0.006906195 ubox
84 93 0.102010970 ubox
84 154 0.011304835 ubox
84 166 0.003248267 ubox
84 440 0.028043036 ubox
84 508 0.003426280 ubox
84 510 0.003955271 ubox
85 92 0.105380101 ubox
85 93 0.011565120 ubox
85 153 0.011096419 ubox
85 439 0.026914350 ubox
85 477 0.014776994 ubox
85 479 0.020246944 ubox
85 507 0.003403798 ubox
86 92 0.010737628 ubox
86 93 0.038934369 ubox
86 130 0.006922488 ubox
86 176 0.004280607 ubox
86 180 0.004072597 ubox
86 303 0.008806195 ubox
86 476 0.015157121 ubox
86 478 0.020684683 ubox
86 480 0.071252497 ubox
86 506 0.003366699 ubox
86 508 0.003615800 ubox
86 531 0.008204053 ubox
87 92 0.037840514 ubox
87 93 0.015723167 ubox
87 129 0.006053502 ubox
87 137 0.015336752 ubox
87 175 0.004443095 ubox
87 179 0.004078122 ubox
87 302 0.008809016 ubox
87 475 0.014952054 ubox
87 477 0.016398167 ubox
87 479 0.070625440 ubox
87 505 0.003320579 ubox
87 507 0.003654216 ubox
87 508 0.003320826 ubox
87 530 0.008086008 ubox
88 92 0.014495468 ubox
88 128 0.004849874 ubox
88 129 0.005310632 ubox
88 136 0.016433678 ubox
88 174 0.004309344 ubox
88 178 0.003919690 ubox
88 179 0.004078180 ubox
88 301 0.008622601 ubox
88 436 0.004207177 ubox
88 506 0.003637143 ubox
88 507 0.003512718 ubox
89 128 0.006488620 ubox
89 135 0.016608054 ubox
89 178 0.004415048 ubox
89 435 0.004121827 ubox
89 477 0.072109124 ubox
89 505 0.003594567 ubox
89 506 0.003554316 ubox
90 127 0.007332546 ubox
90 134 0.016638645 ubox
90 154 0.024163015 ubox
90 163 0.006594158 ubox
90 176 0.004262560 ubox
90 177 0.004485788 ubox
90 186 0.015076201 ubox
90 299 0.008868284 ubox
90 476 0.074715592 ubox
90 504 0.003450788 ubox
90 505 0.003574812 ubox
91 148 0.012364537 ubox
91 153 0.026190708 ubox
91 162 0.006776678 ubox
91 166 0.004821478 ubox
91 170 0.005455274 ubox
91 175 0.004228762 ubox
91 185 0.015090566 ubox
91 298 0.008877074 ubox
91 475 0.074677751 ubox
91 504 0.003579400 ubox
92 98 0.006201172 ubox
92 99 0.025890819 ubox
92 103 0.164898937 ubox
92 104 0.012198792 ubox
92 105 0.005548397 ubox
92 106 0.012733645 ubox
92 110 0.717996493 ubox
92 111 0.003245380 ubox
92 133 0.012779926 ubox
92 147 0.009077772 ubox
92 152 0.026906322 ubox
92 161 0.006792576 ubox
92 165 0.005004774 ubox
92 168 0.008800609 ubox
92 169 0.005536359 ubox
92 183 0.003176488 ubox
92 184 0.014836273 ubox
92 297 0.008854793 ubox
92 445 0.003376361 ubox
92 446 0.003647270 ubox
92 474 0.073687234 ubox
92 482 0.055633474 ubox
92 502 0.004070032 ubox
92 503 0.003206795 ubox
92 518 0.006832118 ubox
93 97 0.005907386 ubox
93 98 0.027799690 ubox
93 102 0.173833231 ubox
93 103 0.012861736 ubox
93 104 0.005639683 ubox
93 105 0.012781028 ubox
93 106 0.004038462 ubox
93 109 0.748290060 ubox
93 110 0.007232132 ubox
93 132 0.012906304 ubox
93 147 0.058550117 ubox
93 151 0.027042946 ubox
93 160 0.006772393 ubox
93 164 0.004873728 ubox
93 167 0.009907292 ubox
93 168 0.005269044 ubox
93 173 0.004389442 ubox
93 182 0.004189584 ubox
93 183 0.014535550 ubox
93 188 0.003547994 ubox
93 296 0.008762061 ubox
93 444 0.003646887 ubox
93 445 0.003768755 ubox
93 473 0.067600486 ubox
93 481 0.086371033 ubox
93 501 0.004547861 ubox
93 517 0.007043341 ubox
93 524 0.115904697 ubox
94 101 0.174078268 ubox
94 108 0.752076136 ubox
94 131 0.012863134 ubox
94 134 0.005610747 ubox
94 146 0.092075852 ubox
94 150 0.026968946 ubox
94 163 0.003660146 ubox
94 166 0.010015387 ubox
94 172 0.004566665 ubox
94 181 0.005361157 ubox
94 187 0.003608928 ubox
94 480 0.087164069 ubox
94 489 0.004183842 ubox
94 500 0.004757124 ubox
94 516 0.007170369 ubox
94 523 0.125347058 ubox
95 107 0.752167708 ubox
95 133 0.005635403 ubox
95 145 0.095278308 ubox
95 149 0.026933699 ubox
95 164 0.020950339 ubox
95 182 0.012454926 ubox
95 295 0.008374915 ubox
95 488 0.004183275 ubox
95 522 0.125383823 ubox
96 130 0.004866129 ubox
96 137 0.004464608 ubox
96 144 0.095310637 ubox
96 148 0.021781301 ubox
96 163 0.020975679 ubox
96 180 0.008714918 ubox
96 181 0.012277089 ubox
96 186 0.003584490 ubox
96 294 0.008378995 ubox
96 470 0.011136771 ubox
96 478 0.087661577 ubox
96 498 0.004574934 ubox
96 514 0.007847336 ubox
96 521 0.125089479 ubox
97 129 0.004581770 ubox
97 136 0.004707964 ubox
97 137 0.008292094 ubox
97 143 0.094517443 ubox
97 162 0.020648828 ubox
97 179 0.008419891 ubox
97 185 0.003536315 ubox
97 293 0.007567178 ubox
97 440 0.008846863 ubox
97 469 0.010398114 ubox
97 477 0.086858643 ubox
97 497 0.004038586 ubox
97 513 0.007658257 ubox
98 135 0.004528591 ubox
98 136 0.009366499 ubox
98 137 0.005900856 ubox
98 142 0.086970515 ubox
98 143 0.005634764 ubox
98 178 0.004453748 ubox
98 179 0.003424442 ubox
98 439 0.006869847 ubox
98 440 0.232780244 ubox
98 468 0.004462791 ubox
98 512 0.006413081 ubox
99 135 0.009545153 ubox
99 136 0.007355791 ubox
99 142 0.007458547 ubox
99 148 0.004768179 ubox
99 435 0.003658637 ubox
99 439 0.260129631 ubox
99 475 0.087092557 ubox
99 541 0.003455880 ubox
100 147 0.005222854 ubox
100 190 0.031506926 ubox
100 245 0.006564832 ubox
100 434 0.003932547 ubox
100 438 0.264112006 ubox
100 445 0.005784892 ubox
100 446 0.010268568 ubox
100 447 0.027837535 ubox
100 474 0.087974651 ubox
100 540 0.003685330 ubox
100 636 0.005028063 ubox
101 157 0.081642245 ubox
101 164 0.014747013 ubox
101 189 0.031496983 ubox
101 244 0.006577603 ubox
101 433 0.003928124 ubox
101 437 0.264112091 ubox
101 444 0.005777987 ubox
101 445 0.010232964 ubox
101 446 0.027693672 ubox
101 473 0.087805444 ubox
101 539 0.003679225 ubox
101 635 0.005051496 ubox
102 129 0.003949768 ubox
102 136 0.009177101 ubox
102 137 0.011928987 ubox
102 143 0.023743226 ubox
102 154 0.032408028 ubox
102 156 0.080866348 ubox
102 163 0.014724952 ubox
102 179 0.111371040 ubox
102 243 0.006565627 ubox
102 436 0.263170401 ubox
102 634 0.004958615 ubox
103 128 0.004921971 ubox
103 129 0.004950740 ubox
103 135 0.009618828 ubox
103 136 0.012310272 ubox
103 137 0.007286746 ubox
103 142 0.034273927 ubox
103 153 0.037814800 ubox
103 154 0.077963785 ubox
103 162 0.014356463 ubox
103 178 0.128418020 ubox
103 242 0.005643149 ubox
103 435 0.256536999 ubox
103 436 0.003706029 ubox
103 633 0.004466837 ubox
104 127 0.005134286 ubox
104 128 0.006034515 ubox
104 130 0.202833131 ubox
104 131 0.214664055 ubox
104 134 0.006965257 ubox
104 135 0.007639242 ubox
104 136 0.005095771 ubox
104 137 0.081536564 ubox
104 140 0.007412978 ubox
104 141 0.037145859 ubox
104 144 0.003389193 ubox
104 153 0.091153799 ubox
104 154 0.047709029 ubox
104 176 0.003543380 ubox
104 177 0.132581917 ubox
104 180 0.019502099 ubox
104 181 0.041184984 ubox
104 187 0.035150446 ubox
104 239 0.009353541 ubox
104 435 0.004565350 ubox
104 470 0.004643334 ubox
104 479 0.004265668 ubox
104 632 0.003943697 ubox
105 127 0.006219923 ubox
105 129 0.203524508 ubox
105 130 0.215010578 ubox
105 134 0.007531483 ubox
105 136 0.087182149 ubox
105 139 0.007429881 ubox
105 140 0.037042413 ubox
105 143 0.003397263 ubox
105 153 0.048095294 ubox
105 154 0.024292319 ubox
105 175 0.003854575 ubox
105 176 0.132569954 ubox
105 179 0.019646042 ubox
105 180 0.041211744 ubox
105 186 0.035189590 ubox
105 238 0.009417464 ubox
105 469 0.004579387 ubox
105 478 0.004687908 ubox
105 514 0.014247166 ubox
105 631 0.003798485 ubox
106 128 0.212497751 ubox
106 129 0.205840402 ubox
106 135 0.088421348 ubox
106 142 0.003400572 ubox
106 153 0.023510456 ubox
106 154 0.003536266 ubox
106 174 0.006568446 ubox
106 175 0.130399165 ubox
106 178 0.020831398 ubox
106 179 0.039909438 ubox
106 185 0.034433664 ubox
106 237 0.009466863 ubox
106 432 0.009222069 ubox
106 468 0.004489762 ubox
106 477 0.004688419 ubox
106 513 0.014250035 ubox
107 125 0.012591473 ubox
107 127 0.220979020 ubox
107 128 0.180750192 ubox
107 134 0.088502781 ubox
107 141 0.003398322 ubox
107 148 0.014585077 ubox
107 150 0.542894262 ubox
107 174 0.074628003 ubox
107 177 0.021712237 ubox
107 178 0.020703994 ubox
107 236 0.009445328 ubox
107 431 0.009293285 ubox
107 467 0.003895470 ubox
107 476 0.004641131 ubox
107 512 0.014231616 ubox
108 124 0.012642373 ubox
108 133 0.088446570 ubox
108 147 0.015406775 ubox
108 149 0.572304708 ubox
108 235 0.009296947 ubox
108 430 0.009214071 ubox
108 511 0.014227826 ubox
109 123 0.012629163 ubox
109 129 0.037081543 ubox
109 136 0.034159614 ubox
109 148 0.560245739 ubox
109 510 0.013750987 ubox
110 122 0.012611424 ubox
110 128 0.033529994 ubox
110 129 0.017543636 ubox
110 135 0.035772963 ubox
111 121 0.012597261 ubox
111 125 0.314392724 ubox
111 127 0.015964503 ubox
111 134 0.036002637 ubox
111 146 0.934366585 ubox
112 124 0.314869824 ubox
112 133 0.035969844 ubox
112 145 0.946875392 ubox
113 123 0.314627214 ubox
113 130 0.021150697 ubox
113 143 0.034520408 ubox
113 144 0.946356583 ubox
114 122 0.314662508 ubox
114 123 0.010218990 ubox
114 129 0.021209492 ubox
114 142 0.214606640 ubox
114 143 0.922055049 ubox
115 121 0.314490772 ubox
115 122 0.011954541 ubox
115 128 0.021227528 ubox
115 131 0.026874600 ubox
115 141 0.301690708 ubox
115 142 0.897242440 ubox
116 121 0.016032008 ubox
116 127 0.021237328 ubox
116 130 0.026869066 ubox
116 131 0.015338863 ubox
116 140 0.302230268 ubox
116 141 0.897488499 ubox
117 129 0.026555850 ubox
117 130 0.015424174 ubox
117 139 0.302665567 ubox
117 140 0.896864135 ubox
118 128 0.025773607 ubox
118 129 0.015407005 ubox
118 136 0.012557267 ubox
119 138 0.747207130 ubox
120 137 0.729089751 ubox
121 133 0.027931980 ubox
121 588 0.048662271 ubox
122 132 0.021726289 ubox
122 133 0.110436301 ubox
122 587 0.048726458 ubox
123 132 0.115922474 ubox
123 586 0.048722642 ubox
124 131 0.116901928 ubox
124 134 0.938054652 ubox
124 585 0.048763452 ubox
125 133 0.938059354 ubox
125 584 0.048763686 ubox
126 439 0.005716818 ubox
126 541 0.005923602 ubox
126 583 0.048758911 ubox
126 602 0.003340085 ubox
127 133 0.016774625 ubox
127 168 0.004288335 ubox
127 438 0.006411115 ubox
127 540 0.006489778 ubox
127 582 0.048758419 ubox
127 601 0.003467871 ubox
128 132 0.018217847 ubox
128 167 0.004281649 ubox
128 437 0.006342032 ubox
128 539 0.006487270 ubox
128 581 0.047806276 ubox
128 599 0.003766489 ubox
129 538 0.006483948 ubox
129 580 0.044097494 ubox
129 581 0.005893440 ubox
129 598 0.003909405 ubox
130 434 0.009372750 ubox
130 537 0.006500823 ubox
130 543 0.022137136 ubox
130 580 0.006446404 ubox
130 597 0.003913840 ubox
131 149 0.009352134 ubox
131 164 0.004435682 ubox
131 433 0.009683663 ubox
131 536 0.006496029 ubox
131 542 0.022155751 ubox
131 576 0.037806978 ubox
131 580 0.017935993 ubox
131 596 0.003911969 ubox
132 142 0.006035766 ubox
132 148 0.009137947 ubox
132 163 0.004439624 ubox
132 432 0.009684114 ubox
132 535 0.005469934 ubox
132 541 0.022091736 ubox
132 575 0.037805561 ubox
132 579 0.019509313 ubox
133 141 0.008185291 ubox
133 146 0.014937494 ubox
133 162 0.004415206 ubox
133 431 0.009685697 ubox
133 535 0.003588309 ubox
133 544 0.003809779 ubox
133 574 0.037717676 ubox
133 578 0.019583104 ubox
133 594 0.003902455 ubox
134 145 0.015183203 ubox
134 160 0.004519529 ubox
134 168 0.007878915 ubox
134 430 0.009682259 ubox
134 534 0.006515709 ubox
134 539 0.022169674 ubox
134 540 0.006191557 ubox
134 543 0.005256243 ubox
134 593 0.003913956 ubox
135 159 0.004518048 ubox
135 167 0.007629211 ubox
135 429 0.009464327 ubox
135 533 0.006509238 ubox
135 538 0.021328736 ubox
135 539 0.006097965 ubox
135 542 0.005111404 ubox
135 577 0.004824848 ubox
135 592 0.003863884 ubox
136 158 0.004514466 ubox
136 165 0.007960390 ubox
136 428 0.008603010 ubox
136 532 0.006367026 ubox
136 537 0.021055471 ubox
136 543 0.006734881 ubox
136 576 0.004601201 ubox
136 591 0.003468591 ubox
137 149 0.003547377 ubox
137 157 0.004456997 ubox
137 164 0.008156234 ubox
137 536 0.021052921 ubox
137 542 0.010888542 ubox
138 148 0.003856393 ubox
138 156 0.004072540 ubox
138 163 0.008107326 ubox
138 535 0.021045869 ubox
138 541 0.032590898 ubox
139 147 0.003924401 ubox
139 425 0.009443026 ubox
139 446 0.006205771 ubox
139 447 0.077991870 ubox
139 534 0.020849964 ubox
139 537 0.003997385 ubox
139 538 0.023438532 ubox
139 539 0.009754001 ubox
139 540 0.035422805 ubox
139 590 0.005924285 ubox
140 424 0.009462599 ubox
140 445 0.006214131 ubox
140 446 0.078026250 ubox
140 536 0.004013707 ubox
140 537 0.023499419 ubox
140 538 0.009781537 ubox
140 539 0.035413835 ubox
140 589 0.005964957 ubox
140 590 0.004565283 ubox
141 160 0.009306874 ubox
141 423 0.009462677 ubox
141 444 0.006216606 ubox
141 445 0.078025421 ubox
141 536 0.023503395 ubox
141 537 0.009795086 ubox
141 538 0.035397505 ubox
141 588 0.005960041 ubox
141 589 0.004662497 ubox
142 159 0.009314513 ubox
142 422 0.009451216 ubox
142 443 0.006039006 ubox
142 444 0.077974664 ubox
142 534 0.023256794 ubox
142 536 0.007923018 ubox
142 537 0.032952778 ubox
142 587 0.005154640 ubox
142 588 0.004667345 ubox
143 158 0.009301964 ubox
143 169 0.003181883 ubox
143 421 0.009400794 ubox
143 442 0.005612038 ubox
143 443 0.077964690 ubox
143 533 0.035954486 ubox
143 536 0.006238984 ubox
143 537 0.004739704 ubox
143 586 0.004014350 ubox
143 587 0.005518810 ubox
144 157 0.009256598 ubox
144 168 0.003416058 ubox
144 420 0.009061232 ubox
144 442 0.077910815 ubox
144 532 0.036529919 ubox
144 536 0.006001169 ubox
144 586 0.006255067 ubox
145 156 0.006720717 ubox
145 191 0.008659908 ubox
145 439 0.005668209 ubox
145 523 0.032584873 ubox
145 531 0.036470640 ubox
145 535 0.005943091 ubox
145 585 0.005797309 ubox
146 157 0.024109838 ubox
146 190 0.008718875 ubox
146 419 0.005222596 ubox
146 438 0.005685029 ubox
146 517 0.008588173 ubox
146 522 0.032731458 ubox
146 534 0.005940117 ubox
147 153 0.003423814 ubox
147 156 0.025517818 ubox
147 166 0.196019343 ubox
147 170 0.018018347 ubox
147 172 0.228128937 ubox
147 174 0.106654277 ubox
147 418 0.005161582 ubox
147 439 0.009292847 ubox
147 516 0.013609347 ubox
147 521 0.032758348 ubox
147 523 0.004544962 ubox
147 525 0.039795198 ubox
147 527 0.004961256 ubox
147 529 0.036185024 ubox
148 152 0.003665143 ubox
148 155 0.025627470 ubox
148 165 0.205947667 ubox
148 167 0.295434960 ubox
148 169 0.017685963 ubox
148 171 0.227844950 ubox
148 173 0.118739300 ubox
148 188 0.009002457 ubox
148 417 0.004940763 ubox
148 515 0.013627537 ubox
148 520 0.032626112 ubox
148 522 0.004545978 ubox
148 524 0.039850122 ubox
148 526 0.004976076 ubox
148 528 0.036182889 ubox
148 532 0.003369618 ubox
149 154 0.020965252 ubox
149 166 0.300066085 ubox
149 170 0.223985835 ubox
149 172 0.119562867 ubox
149 187 0.009007092 ubox
149 439 0.010149108 ubox
149 514 0.013629550 ubox
149 519 0.032569472 ubox
149 521 0.004537968 ubox
149 523 0.039863281 ubox
149 525 0.004977474 ubox
149 527 0.036160273 ubox
149 531 0.003391687 ubox
150 157 0.029092444 ubox
150 164 0.811057093 ubox
150 437 0.012588480 ubox
150 438 0.009135663 ubox
150 522 0.039221059 ubox
151 156 0.025291427 ubox
151 163 0.818091337 ubox
151 175 0.007910859 ubox
151 436 0.012612135 ubox
151 513 0.012142959 ubox
152 162 0.819774851 ubox
152 166 0.235922521 ubox
152 170 0.080287392 ubox
152 174 0.011814582 ubox
152 185 0.190900592 ubox
152 435 0.011899928 ubox
152 512 0.012069183 ubox
153 159 0.013409562 ubox
153 160 0.021030527 ubox
153 161 0.819758346 ubox
153 165 0.247584046 ubox
153 168 0.348558744 ubox
153 169 0.075220088 ubox
153 173 0.012209002 ubox
153 183 0.026658364 ubox
153 184 0.201716713 ubox
153 434 0.008701410 ubox
153 511 0.008675719 ubox
153 518 0.032329361 ubox
154 158 0.012348473 ubox
154 159 0.024336030 ubox
154 160 0.810702169 ubox
154 164 0.247856473 ubox
154 167 0.381014416 ubox
154 168 0.060937454 ubox
154 171 0.035714672 ubox
154 182 0.026595377 ubox
154 183 0.201575837 ubox
154 433 0.007887627 ubox
154 511 0.012210692 ubox
154 517 0.032438176 ubox
155 162 0.056124757 ubox
155 163 0.242892846 ubox
155 166 0.387050352 ubox
155 170 0.037096843 ubox
155 174 0.090903086 ubox
155 185 0.007921896 ubox
155 432 0.005324882 ubox
155 510 0.015207494 ubox
156 161 0.071450762 ubox
156 164 0.016892311 ubox
156 165 0.387124860 ubox
156 167 0.013960525 ubox
156 169 0.037227612 ubox
156 173 0.102562988 ubox
156 182 0.022156400 ubox
156 184 0.008551760 ubox
156 188 0.008758860 ubox
156 471 0.019996158 ubox
156 481 0.009326896 ubox
156 509 0.015539208 ubox
156 515 0.037160586 ubox
157 163 0.029441055 ubox
157 166 0.013951705 ubox
157 172 0.103356009 ubox
157 175 0.004642699 ubox
157 176 0.012571846 ubox
157 179 0.021388512 ubox
157 180 0.243009265 ubox
157 181 0.017671343 ubox
157 187 0.008905907 ubox
157 213 0.003218796 ubox
157 470 0.021352995 ubox
157 480 0.009656435 ubox
157 508 0.015558266 ubox
157 514 0.037616613 ubox
158 162 0.028457777 ubox
158 174 0.005478150 ubox
158 175 0.013129355 ubox
158 178 0.022549482 ubox
158 179 0.244197496 ubox
158 212 0.003193483 ubox
158 469 0.021352198 ubox
158 479 0.009598671 ubox
158 507 0.015536999 ubox
158 513 0.037599105 ubox
159 174 0.013080197 ubox
159 178 0.243904182 ubox
159 468 0.021345083 ubox
159 477 0.009659952 ubox
159 506 0.015434415 ubox
159 512 0.037357980 ubox
160 175 0.013035957 ubox
160 176 0.146682535 ubox
160 177 0.203640257 ubox
160 180 0.020093753 ubox
160 186 0.034683410 ubox
160 467 0.021297087 ubox
160 476 0.009760054 ubox
160 505 0.015245470 ubox
161 170 0.124330198 ubox
161 174 0.015945759 ubox
161 175 0.196559928 ubox
161 179 0.020138289 ubox
161 185 0.035948899 ubox
161 439 0.003289938 ubox
161 475 0.009756023 ubox
161 504 0.015207816 ubox
161 510 0.032953071 ubox
162 168 0.007293434 ubox
162 169 0.127594830 ubox
162 173 0.013290798 ubox
162 183 0.036436223 ubox
162 184 0.034273513 ubox
162 438 0.003306134 ubox
162 463 0.021253288 ubox
162 474 0.009663112 ubox
162 482 0.008920925 ubox
162 502 0.003819409 ubox
162 503 0.014255434 ubox
162 509 0.030793029 ubox
163 167 0.006333575 ubox
163 168 0.125109907 ubox
163 171 0.008250697 ubox
163 173 0.215121056 ubox
163 182 0.038798608 ubox
163 183 0.028900865 ubox
163 437 0.003299515 ubox
163 462 0.021512712 ubox
163 473 0.008826866 ubox
163 481 0.011310906 ubox
163 501 0.005810273 ubox
163 502 0.012274965 ubox
163 509 0.005048264 ubox
164 170 0.007928244 ubox
164 172 0.217875153 ubox
164 175 0.109957366 ubox
164 176 0.049471369 ubox
164 180 0.056259391 ubox
164 181 0.039896746 ubox
164 436 0.003297929 ubox
164 461 0.021540734 ubox
164 480 0.013633329 ubox
164 500 0.006820222 ubox
164 507 0.005898206 ubox
164 508 0.006704252 ubox
165 174 0.137413379 ubox
165 175 0.049595287 ubox
165 178 0.003358166 ubox
165 179 0.061714502 ubox
165 435 0.003294093 ubox
165 460 0.021538569 ubox
165 479 0.013501905 ubox
165 506 0.005327353 ubox
165 507 0.005624142 ubox
166 173 0.141049882 ubox
166 433 0.004100793 ubox
166 459 0.021519259 ubox
167 175 0.009039870 ubox
167 178 0.059242370 ubox
167 432 0.004593123 ubox
167 458 0.020567409 ubox
167 477 0.013580144 ubox
168 174 0.013332952 ubox
168 175 0.034595540 ubox
168 176 0.135828053 ubox
168 177 0.061704775 ubox
168 179 0.006777760 ubox
168 180 0.014100461 ubox
168 186 0.004435558 ubox
168 431 0.004653934 ubox
168 455 0.014149897 ubox
168 457 0.014824907 ubox
168 476 0.013786640 ubox
168 478 0.003572782 ubox
168 514 0.007902728 ubox
169 174 0.035429122 ubox
169 175 0.137286811 ubox
169 178 0.006968896 ubox
169 179 0.014145696 ubox
169 185 0.004426959 ubox
169 454 0.014232639 ubox
169 457 0.003448385 ubox
169 475 0.013735962 ubox
169 477 0.003534714 ubox
169 513 0.007760956 ubox
170 184 0.004010949 ubox
170 453 0.013945096 ubox
170 456 0.003809492 ubox
170 474 0.008744707 ubox
171 454 0.010634003 ubox
171 512 0.008573298 ubox
172 428 0.017955636 ubox
172 453 0.010684112 ubox
172 511 0.008920514 ubox
173 185 0.058182815 ubox
173 427 0.017967972 ubox
173 510 0.008877220 ubox
174 183 0.003581313 ubox
174 184 0.065128283 ubox
174 426 0.017978019 ubox
174 444 0.029034588 ubox
174 445 0.005605342 ubox
174 446 0.039109891 ubox
174 447 0.699638773 ubox
174 509 0.008373555 ubox
175 182 0.003537657 ubox
175 183 0.065957658 ubox
175 425 0.017975514 ubox
175 443 0.030943851 ubox
175 444 0.005503690 ubox
175 445 0.038125910 ubox
175 446 0.748545229 ubox
175 447 0.462477681 ubox
176 182 0.065964996 ubox
176 190 0.008389389 ubox
176 424 0.017980618 ubox
176 438 0.007343675 ubox
176 442 0.030853609 ubox
176 444 0.038562937 ubox
176 445 0.763226977 ubox
176 446 0.546328708 ubox
176 447 0.063255946 ubox
176 450 0.004928865 ubox
176 474 0.014205926 ubox
177 189 0.008423625 ubox
177 190 0.003626092 ubox
177 195 0.004482180 ubox
177 423 0.017980754 ubox
177 437 0.007370592 ubox
177 442 0.043671613 ubox
177 444 0.763433512 ubox
177 445 0.547291815 ubox
177 446 0.062108231 ubox
177 447 0.010881258 ubox
177 449 0.004931523 ubox
177 473 0.014406974 ubox
178 188 0.008041301 ubox
178 189 0.003628288 ubox
178 194 0.004470015 ubox
178 422 0.017975160 ubox
178 441 0.044213831 ubox
178 442 0.019823567 ubox
178 443 0.761604535 ubox
178 444 0.547077114 ubox
178 445 0.060440589 ubox
178 446 0.010138352 ubox
178 447 0.015810365 ubox
178 472 0.014067981 ubox
179 188 0.003652567 ubox
179 421 0.017967870 ubox
179 441 0.025502041 ubox
179 442 0.754308287 ubox
179 443 0.547674113 ubox
179 444 0.058050063 ubox
179 445 0.009453704 ubox
179 446 0.018180108 ubox
179 471 0.012256845 ubox
180 190 0.063049412 ubox
180 420 0.017928173 ubox
180 434 0.007096301 ubox
180 438 0.787675034 ubox
180 442 0.541939205 ubox
180 444 0.009006874 ubox
180 445 0.019813712 ubox
180 446 0.003680409 ubox
181 189 0.063203359 ubox
181 419 0.017923255 ubox
181 433 0.007094238 ubox
181 437 0.790691319 ubox
181 444 0.019841135 ubox
181 445 0.003671368 ubox
182 213 0.003294345 ubox
182 418 0.015806169 ubox
182 436 0.761634079 ubox
182 440 0.444749828 ubox
183 212 0.003294304 ubox
183 435 0.704431549 ubox
183 436 0.187342150 ubox
183 439 0.446207118 ubox
183 440 0.253981843 ubox
184 435 0.234225432 ubox
184 439 0.256164965 ubox
185 196 0.003801146 ubox
185 416 0.010736519 ubox
185 434 0.112453217 ubox
185 438 0.226963346 ubox
186 195 0.004116317 ubox
186 415 0.010914815 ubox
186 433 0.108839414 ubox
186 434 0.950278675 ubox
186 437 0.185184687 ubox
186 438 0.173208413 ubox
187 433 0.952687366 ubox
187 437 0.173682645 ubox
188 211 0.017528394 ubox
188 432 0.895364332 ubox
188 436 0.172781677 ubox
189 198 0.020830150 ubox
189 199 0.005345780 ubox
189 200 0.009050615 ubox
189 201 0.003342747 ubox
189 210 0.019637412 ubox
189 431 0.633413853 ubox
189 432 0.427323340 ubox
189 435 0.061588807 ubox
189 436 0.004731558 ubox
189 440 0.003208339 ubox
190 197 0.020846680 ubox
190 198 0.005315647 ubox
190 199 0.009058777 ubox
190 200 0.003322735 ubox
190 209 0.019655270 ubox
190 431 0.768794409 ubox
190 435 0.007731142 ubox
190 439 0.003541634 ubox
190 448 0.015599173 ubox
191 208 0.019639242 ubox
191 429 0.019140260 ubox
191 430 0.995849579 ubox
191 434 0.007897935 ubox
191 438 0.003648837 ubox
191 446 0.070448016 ubox
191 447 0.022720606 ubox
192 428 0.014132167 ubox
192 429 0.995960421 ubox
192 433 0.005616503 ubox
192 434 0.018302193 ubox
192 437 0.003600358 ubox
192 438 0.004421383 ubox
192 445 0.070521659 ubox
192 446 0.022581996 ubox
193 419 0.004578076 ubox
193 428 0.996041929 ubox
193 433 0.019150069 ubox
193 437 0.004459369 ubox
193 444 0.070557116 ubox
193 445 0.022424695 ubox
194 418 0.004495284 ubox
194 427 0.995670214 ubox
194 432 0.019936273 ubox
194 436 0.003856841 ubox
195 431 0.019934150 ubox
195 436 0.004227003 ubox
195 440 0.073438648 ubox
195 545 0.003759265 ubox
196 414 0.017915355 ubox
196 435 0.005243558 ubox
196 439 0.074149244 ubox
196 544 0.003761240 ubox
197 413 0.018548443 ubox
197 424 0.954382395 ubox
197 425 0.284221332 ubox
197 430 0.009133579 ubox
197 434 0.005857626 ubox
197 438 0.074176908 ubox
197 447 0.017363319 ubox
197 543 0.003714455 ubox
198 412 0.018546400 ubox
198 420 0.021518708 ubox
198 423 0.951525205 ubox
198 424 0.284591036 ubox
198 425 0.019122754 ubox
198 429 0.009077316 ubox
198 433 0.005850864 ubox
198 437 0.074134321 ubox
198 446 0.017368835 ubox
198 447 0.005726181 ubox
198 542 0.003677871 ubox
199 411 0.018544412 ubox
199 412 0.003810971 ubox
199 419 0.030277147 ubox
199 420 0.775586120 ubox
199 423 0.282769918 ubox
199 424 0.019197050 ubox
199 425 0.005677083 ubox
199 428 0.008990741 ubox
199 445 0.017366758 ubox
199 446 0.005765507 ubox
199 447 0.011746938 ubox
200 245 0.003186214 ubox
200 410 0.018541064 ubox
200 411 0.003831910 ubox
200 419 0.778620146 ubox
200 420 0.585978774 ubox
200 423 0.018900782 ubox
200 424 0.005768493 ubox
200 425 0.005534801 ubox
200 430 0.018187925 ubox
200 434 0.003266206 ubox
200 444 0.017355172 ubox
200 445 0.005770085 ubox
200 446 0.011760201 ubox
201 244 0.003186396 ubox
201 245 0.005040090 ubox
201 409 0.018524402 ubox
201 410 0.003849942 ubox
201 419 0.586637130 ubox
201 420 0.192507282 ubox
201 423 0.005809648 ubox
201 424 0.005555563 ubox
201 429 0.018232389 ubox
201 434 0.074111717 ubox
201 438 0.010926106 ubox
201 444 0.005765858 ubox
201 445 0.011761177 ubox
202 244 0.005048385 ubox
202 409 0.003864841 ubox
202 415 0.978379657 ubox
202 419 0.181076229 ubox
202 423 0.005514809 ubox
202 428 0.018270762 ubox
202 433 0.074153680 ubox
202 437 0.010933110 ubox
202 444 0.011757069 ubox
202 542 0.003210658 ubox
203 242 0.003748285 ubox
203 243 0.004682199 ubox
203 414 0.985276249 ubox
203 418 0.140544000 ubox
203 427 0.018273571 ubox
203 432 0.073736882 ubox
203 436 0.010692511 ubox
203 439 0.009709293 ubox
203 535 0.003174811 ubox
203 541 0.003377661 ubox
204 241 0.004454246 ubox
204 412 0.094411192 ubox
204 413 0.989845787 ubox
204 425 0.013793267 ubox
204 430 0.026861631 ubox
204 434 0.003272328 ubox
204 438 0.009602809 ubox
204 447 0.019875690 ubox
204 534 0.003169166 ubox
204 540 0.003397396 ubox
205 411 0.101641345 ubox
205 412 0.989120790 ubox
205 413 0.013588803 ubox
205 424 0.013791349 ubox
205 425 0.014180637 ubox
205 429 0.026826988 ubox
205 430 0.069032023 ubox
205 433 0.003243392 ubox
205 434 0.010480991 ubox
205 437 0.009387150 ubox
205 438 0.013837381 ubox
205 446 0.019884394 ubox
205 539 0.003393505 ubox
206 410 0.108378830 ubox
206 411 0.988391192 ubox
206 412 0.014457717 ubox
206 413 0.012216840 ubox
206 423 0.013775012 ubox
206 424 0.014185990 ubox
206 428 0.026780394 ubox
206 429 0.069071399 ubox
206 433 0.010484729 ubox
206 437 0.013979770 ubox
206 438 0.008472839 ubox
206 445 0.019884303 ubox
207 241 0.008147661 ubox
207 409 0.114684104 ubox
207 410 0.987144903 ubox
207 411 0.015267874 ubox
207 412 0.012232278 ubox
207 415 0.040627754 ubox
207 423 0.014165652 ubox
207 428 0.069081845 ubox
207 437 0.008479869 ubox
207 444 0.019882331 ubox
208 221 0.009456239 ubox
208 227 0.003610128 ubox
208 236 0.011558838 ubox
208 240 0.008286615 ubox
208 246 0.008991497 ubox
208 402 0.992779052 ubox
208 414 0.040811542 ubox
208 427 0.067549768 ubox
208 431 0.010345408 ubox
208 435 0.017584409 ubox
208 436 0.006073414 ubox
208 439 0.005560041 ubox
209 220 0.009065590 ubox
209 226 0.003612293 ubox
209 235 0.011607629 ubox
209 245 0.009029106 ubox
209 401 0.993068784 ubox
209 410 0.025215866 ubox
209 413 0.040821443 ubox
209 420 0.009464240 ubox
209 424 0.024393414 ubox
209 425 0.069423768 ubox
209 430 0.009360533 ubox
209 434 0.018657651 ubox
209 438 0.005602472 ubox
210 220 0.012439965 ubox
210 244 0.009003485 ubox
210 400 0.993046876 ubox
210 409 0.030105245 ubox
210 412 0.040723510 ubox
210 419 0.009463412 ubox
210 423 0.024698728 ubox
210 424 0.069323713 ubox
210 425 0.004638980 ubox
210 429 0.008660934 ubox
210 433 0.018608601 ubox
210 437 0.005587598 ubox
210 442 0.010064462 ubox
211 218 0.007404209 ubox
211 219 0.013126635 ubox
211 400 0.003372846 ubox
211 408 0.029837178 ubox
211 411 0.040189187 ubox
211 417 0.009040123 ubox
211 422 0.024802411 ubox
211 423 0.067714517 ubox
211 424 0.004535120 ubox
211 428 0.006989183 ubox
211 441 0.009769470 ubox
212 217 0.006670733 ubox
212 218 0.012546818 ubox
212 407 0.027792515 ubox
212 410 0.039360100 ubox
212 416 0.009346532 ubox
212 421 0.023984452 ubox
212 422 0.058973425 ubox
212 423 0.004191783 ubox
212 434 0.004328121 ubox
212 438 0.017259162 ubox
213 354 0.027474621 ubox
213 397 0.989262181 ubox
213 400 0.003623131 ubox
213 409 0.038830009 ubox
213 415 0.009296323 ubox
213 419 0.003287193 ubox
213 420 0.023708058 ubox
213 433 0.004490672 ubox
213 437 0.018043816 ubox
214 231 0.009987918 ubox
214 353 0.027507227 ubox
214 396 0.983377860 ubox
214 399 0.004105399 ubox
214 414 0.008189071 ubox
214 418 0.003510979 ubox
214 432 0.004183459 ubox
214 436 0.017777571 ubox
215 230 0.011116540 ubox
215 231 0.011660225 ubox
215 352 0.027499672 ubox
215 394 0.020540653 ubox
215 435 0.016951015 ubox
215 436 0.007504802 ubox
216 229 0.011134159 ubox
216 230 0.012190952 ubox
216 231 0.070631819 ubox
216 351 0.027464390 ubox
216 393 0.010191851 ubox
216 394 0.076213153 ubox
216 435 0.008084744 ubox
217 229 0.011278445 ubox
217 230 0.075888240 ubox
217 231 0.038813778 ubox
217 350 0.027316407 ubox
217 393 0.036629301 ubox
217 394 0.040617686 ubox
218 229 0.075451279 ubox
218 230 0.041709810 ubox
218 231 0.003462147 ubox
218 349 0.023820211 ubox
218 393 0.031198618 ubox
218 394 0.976293389 ubox
219 229 0.042023392 ubox
219 230 0.003190983 ubox
219 237 0.014844181 ubox
219 243 0.005233886 ubox
219 247 0.003274011 ubox
219 393 0.990687370 ubox
219 394 0.003313671 ubox
219 399 0.003288189 ubox
219 432 0.021675674 ubox
220 227 0.107148208 ubox
220 236 0.015888725 ubox
220 242 0.006918803 ubox
220 246 0.005162012 ubox
220 298 0.014599594 ubox
220 347 0.021992711 ubox
220 392 0.992934989 ubox
220 398 0.003307909 ubox
220 402 0.019803746 ubox
220 431 0.021866811 ubox
221 226 0.107246034 ubox
221 235 0.015884490 ubox
221 241 0.008500800 ubox
221 245 0.005163355 ubox
221 297 0.023814879 ubox
221 346 0.022276468 ubox
221 391 0.992909747 ubox
221 397 0.003304093 ubox
221 401 0.019749668 ubox
221 430 0.021865556 ubox
222 244 0.004808700 ubox
222 296 0.023840315 ubox
222 345 0.022256958 ubox
222 390 0.960879130 ubox
222 400 0.009029957 ubox
222 429 0.021856799 ubox
223 295 0.023836669 ubox
223 344 0.022034222 ubox
223 379 0.003508145 ubox
223 400 0.017423124 ubox
223 428 0.021863041 ubox
224 242 0.004483790 ubox
224 378 0.003465378 ubox
224 387 0.936821438 ubox
224 399 0.017219020 ubox
224 427 0.021842635 ubox
225 241 0.004569996 ubox
225 383 0.011388590 ubox
225 386 0.976255567 ubox
225 388 0.016328175 ubox
225 426 0.021068070 ubox
226 236 0.022644481 ubox
226 240 0.003450364 ubox
226 251 0.003450401 ubox
226 270 0.004187921 ubox
226 292 0.022342288 ubox
226 343 0.020670172 ubox
226 382 0.011776261 ubox
226 385 0.976877818 ubox
226 387 0.016517593 ubox
226 392 0.003269642 ubox
226 398 0.019090626 ubox
227 235 0.022793569 ubox
227 250 0.004074691 ubox
227 269 0.004261150 ubox
227 291 0.022315864 ubox
227 342 0.020685973 ubox
227 379 0.010623125 ubox
227 391 0.003269037 ubox
227 397 0.019085047 ubox
228 249 0.004085881 ubox
228 268 0.004135931 ubox
228 378 0.010559227 ubox
228 387 0.004234852 ubox
228 396 0.019058496 ubox
228 418 0.003286804 ubox
229 248 0.004084633 ubox
229 338 0.009482850 ubox
229 340 0.008160893 ubox
229 341 0.008350817 ubox
229 380 0.006849783 ubox
229 381 0.143673893 ubox
229 384 0.028396555 ubox
229 386 0.004350120 ubox
229 395 0.018741080 ubox
229 417 0.003348294 ubox
229 422 0.004047590 ubox
229 423 0.021512720 ubox
230 337 0.009561796 ubox
230 339 0.008151228 ubox
230 340 0.008063158 ubox
230 341 0.013571865 ubox
230 376 0.006578386 ubox
230 379 0.006774073 ubox
230 380 0.148426237 ubox
230 381 0.924757411 ubox
230 383 0.026191881 ubox
230 384 0.008323359 ubox
230 416 0.003298086 ubox
230 421 0.004170387 ubox
230 422 0.023206372 ubox
230 540 0.008921908 ubox
231 336 0.009528974 ubox
231 338 0.007397751 ubox
231 339 0.007603984 ubox
231 340 0.015962295 ubox
231 375 0.007241356 ubox
231 379 0.146539551 ubox
231 380 0.966453630 ubox
231 383 0.007726944 ubox
231 420 0.004136496 ubox
231 421 0.023983131 ubox
231 426 0.007578437 ubox
231 539 0.013316834 ubox
232 245 0.059600705 ubox
232 295 0.003186165 ubox
232 329 0.004831466 ubox
232 339 0.016125322 ubox
232 374 0.007287460 ubox
232 379 0.966915239 ubox
232 413 0.004903909 ubox
232 419 0.004695522 ubox
232 420 0.024088227 ubox
232 425 0.008514947 ubox
232 430 0.018820990 ubox
232 447 0.004120315 ubox
232 538 0.017539002 ubox
233 244 0.059623034 ubox
233 245 0.018658816 ubox
233 328 0.004836429 ubox
233 373 0.007284903 ubox
233 412 0.004910234 ubox
233 419 0.024089714 ubox
233 424 0.008521791 ubox
233 429 0.019157784 ubox
233 446 0.004121641 ubox
233 537 0.017795820 ubox
234 241 0.036036613 ubox
234 244 0.018704790 ubox
234 291 0.004408766 ubox
234 295 0.003701379 ubox
234 333 0.010930393 ubox
234 379 0.039405921 ubox
234 411 0.004912923 ubox
234 415 0.032407640 ubox
234 423 0.008509137 ubox
234 428 0.019473570 ubox
234 445 0.004120029 ubox
234 536 0.017967239 ubox
235 240 0.035413212 ubox
235 242 0.061785341 ubox
235 243 0.013760424 ubox
235 246 0.019890990 ubox
235 260 0.024007681 ubox
235 289 0.015769945 ubox
235 290 0.003274552 ubox
235 294 0.003710063 ubox
235 298 0.016099217 ubox
235 326 0.005347044 ubox
235 332 0.010941884 ubox
235 377 0.992238471 ubox
235 378 0.008241571 ubox
235 392 0.009335853 ubox
235 414 0.032709623 ubox
235 427 0.019320515 ubox
235 535 0.017973907 ubox
236 241 0.064746859 ubox
236 245 0.019974661 ubox
236 259 0.024044432 ubox
236 288 0.016103347 ubox
236 297 0.029187607 ubox
236 325 0.005360979 ubox
236 370 0.007109781 ubox
236 376 0.992988173 ubox
236 391 0.009339128 ubox
236 409 0.005088740 ubox
236 413 0.032896240 ubox
236 444 0.004599215 ubox
236 534 0.017979752 ubox
237 244 0.018852946 ubox
237 258 0.023966208 ubox
237 287 0.015717693 ubox
237 296 0.029182398 ubox
237 324 0.005123833 ubox
237 334 0.017032518 ubox
237 369 0.006955956 ubox
237 375 0.992921273 ubox
237 390 0.008740368 ubox
237 408 0.004939426 ubox
237 412 0.032870145 ubox
237 426 0.021062023 ubox
237 443 0.004600386 ubox
237 533 0.017978727 ubox
238 245 0.007643571 ubox
238 295 0.029051504 ubox
238 329 0.010631113 ubox
238 333 0.017267224 ubox
238 374 0.992689261 ubox
238 411 0.032931201 ubox
238 425 0.021285369 ubox
238 442 0.004595302 ubox
238 532 0.017971496 ubox
239 244 0.007630094 ubox
239 245 0.004795023 ubox
239 328 0.010626942 ubox
239 373 0.991618046 ubox
239 374 0.023906242 ubox
239 410 0.032932002 ubox
239 424 0.021286919 ubox
240 244 0.005112190 ubox
240 291 0.012758696 ubox
240 295 0.004817460 ubox
240 373 0.033752140 ubox
240 409 0.032864904 ubox
240 423 0.021260140 ubox
241 260 0.005192248 ubox
241 273 0.037213765 ubox
241 275 0.067879621 ubox
241 282 0.018401525 ubox
241 289 0.004717256 ubox
241 290 0.012582145 ubox
241 292 0.009828061 ubox
241 294 0.006325272 ubox
241 323 0.007470809 ubox
241 326 0.010318906 ubox
241 330 0.019385494 ubox
241 364 0.191309535 ubox
241 367 0.011147291 ubox
241 385 0.003687925 ubox
241 405 0.018594224 ubox
241 529 0.017502458 ubox
242 257 0.425685907 ubox
242 258 0.025031185 ubox
242 259 0.004817229 ubox
242 272 0.026159449 ubox
242 274 0.067455525 ubox
242 281 0.013982205 ubox
242 288 0.004820839 ubox
242 291 0.006980369 ubox
242 322 0.007464700 ubox
242 325 0.009930111 ubox
242 329 0.019396952 ubox
242 363 0.191481468 ubox
242 366 0.007809501 ubox
242 370 0.854777192 ubox
242 371 0.010619421 ubox
242 384 0.003634648 ubox
242 404 0.018551186 ubox
242 407 0.013681668 ubox
242 528 0.017421856 ubox
243 256 0.442972107 ubox
243 257 0.018096650 ubox
243 272 0.078271264 ubox
243 281 0.022763058 ubox
243 287 0.004265333 ubox
243 291 0.005473345 ubox
243 321 0.007450942 ubox
243 324 0.009710335 ubox
243 328 0.019327651 ubox
243 362 0.191514996 ubox
243 366 0.019432931 ubox
243 369 0.864267882 ubox
243 370 0.007192700 ubox
243 383 0.003604508 ubox
243 403 0.018517665 ubox
243 406 0.014796512 ubox
243 526 0.017559036 ubox
244 255 0.445329130 ubox
244 271 0.083666385 ubox
244 280 0.046382698 ubox
244 283 0.007573586 ubox
244 290 0.007488449 ubox
244 320 0.007441707 ubox
244 323 0.009672624 ubox
244 327 0.019498038 ubox
244 361 0.191559749 ubox
244 365 0.021344636 ubox
244 368 0.865153048 ubox
244 382 0.003585351 ubox
244 402 0.018459031 ubox
244 405 0.014781882 ubox
244 525 0.017705885 ubox
245 254 0.445354945 ubox
245 270 0.083679678 ubox
245 279 0.063675689 ubox
245 282 0.007743753 ubox
245 289 0.007492057 ubox
245 319 0.007474332 ubox
245 326 0.019558425 ubox
245 360 0.191211514 ubox
245 364 0.021432504 ubox
245 367 0.864139527 ubox
245 523 0.015928367 ubox
246 253 0.445141793 ubox
246 259 0.003316847 ubox
246 269 0.083678818 ubox
246 278 0.087702282 ubox
246 281 0.007954278 ubox
246 288 0.007481801 ubox
246 325 0.019602422 ubox
246 354 0.003936835 ubox
246 409 0.009529199 ubox
246 522 0.015710445 ubox
247 253 0.005984371 ubox
247 256 0.006524034 ubox
247 258 0.003401593 ubox
247 274 0.035459737 ubox
247 276 0.840383808 ubox
247 277 0.067064164 ubox
247 287 0.006174902 ubox
247 324 0.019119327 ubox
247 362 0.003476805 ubox
247 366 0.044822918 ubox
247 408 0.009229513 ubox
247 522 0.008591800 ubox
248 252 0.034084369 ubox
248 254 0.004418771 ubox
248 255 0.006835236 ubox
248 263 0.003348537 ubox
248 273 0.037640768 ubox
248 275 0.888455375 ubox
248 323 0.018970893 ubox
248 357 0.020353856 ubox
248 361 0.003393447 ubox
248 364 0.018351971 ubox
248 365 0.040390241 ubox
248 521 0.017971412 ubox
249 253 0.004248058 ubox
249 256 0.009579207 ubox
249 261 0.004007966 ubox
249 272 0.037649093 ubox
249 274 0.888663860 ubox
249 276 0.005332720 ubox
249 315 0.014186334 ubox
249 322 0.014456078 ubox
249 356 0.020191355 ubox
249 362 0.007267183 ubox
249 363 0.015612153 ubox
249 406 0.010037833 ubox
249 520 0.017973876 ubox
250 255 0.009905421 ubox
250 260 0.004283436 ubox
250 263 0.083691394 ubox
250 271 0.037531663 ubox
250 273 0.888776098 ubox
250 275 0.005554671 ubox
250 282 0.003993628 ubox
250 314 0.019172299 ubox
250 323 0.003294766 ubox
250 355 0.019420468 ubox
250 357 0.008059800 ubox
250 361 0.008817325 ubox
250 364 0.033428509 ubox
250 405 0.010362659 ubox
250 519 0.017976040 ubox
251 259 0.004240204 ubox
251 262 0.083384858 ubox
251 272 0.883446457 ubox
251 274 0.005502701 ubox
251 281 0.003975617 ubox
251 313 0.019177294 ubox
251 322 0.003446085 ubox
251 354 0.003560722 ubox
251 356 0.008031767 ubox
251 363 0.029762890 ubox
251 404 0.010319988 ubox
251 518 0.017975181 ubox
252 269 0.019140412 ubox
252 312 0.019138029 ubox
252 321 0.003556336 ubox
252 354 0.013548535 ubox
252 517 0.017975769 ubox
253 260 0.085289099 ubox
253 268 0.016556533 ubox
253 270 0.883531969 ubox
253 279 0.004080798 ubox
253 311 0.014679518 ubox
253 353 0.010913832 ubox
253 355 0.009199735 ubox
253 402 0.010403097 ubox
253 516 0.017833272 ubox
254 259 0.085144494 ubox
254 269 0.875878370 ubox
254 278 0.004084313 ubox
254 354 0.008886236 ubox
254 401 0.010405939 ubox
254 438 0.007632181 ubox
255 269 0.115108805 ubox
255 312 0.004900687 ubox
255 354 0.016360370 ubox
255 400 0.010397082 ubox
255 437 0.007635225 ubox
256 265 0.171786996 ubox
256 268 0.153172026 ubox
256 311 0.005155476 ubox
256 350 0.003824195 ubox
256 351 0.004946241 ubox
256 352 0.008464383 ubox
256 353 0.016620629 ubox
256 399 0.008040094 ubox
256 436 0.007592794 ubox
256 513 0.003287514 ubox
257 264 0.161933626 ubox
257 265 0.747974601 ubox
257 310 0.005316090 ubox
257 349 0.003760821 ubox
257 350 0.005274142 ubox
257 351 0.008729905 ubox
257 352 0.016455377 ubox
257 435 0.007281502 ubox
257 512 0.003188555 ubox
258 264 0.781395098 ubox
258 265 0.103594718 ubox
258 268 0.161038076 ubox
258 280 0.004635238 ubox
258 309 0.005138920 ubox
258 349 0.005284488 ubox
258 350 0.008489838 ubox
258 351 0.015354597 ubox
259 263 0.778294657 ubox
259 264 0.071107385 ubox
259 267 0.163020823 ubox
259 270 0.456650779 ubox
259 279 0.004903619 ubox
259 282 0.022372787 ubox
259 308 0.003612787 ubox
259 349 0.006275375 ubox
259 355 0.003859506 ubox
260 269 0.457073405 ubox
260 278 0.004899929 ubox
260 281 0.022395122 ubox
260 348 0.006262383 ubox
260 354 0.003925923 ubox
261 268 0.426107212 ubox
261 280 0.022268905 ubox
261 347 0.004593320 ubox
261 353 0.003883646 ubox
262 347 0.003972852 ubox
262 352 0.003523282 ubox
263 278 0.022213966 ubox
263 297 0.004068308 ubox
263 346 0.005570334 ubox
263 409 0.015052620 ubox
264 277 0.022149092 ubox
264 296 0.003695454 ubox
264 335 0.004036665 ubox
264 345 0.005512041 ubox
264 372 0.003578339 ubox
264 407 0.003324864 ubox
264 408 0.015006041 ubox
265 276 0.020201544 ubox
265 295 0.003205345 ubox
265 296 0.003255136 ubox
265 334 0.004744653 ubox
265 344 0.005332453 ubox
265 371 0.003673123 ubox
265 406 0.003734786 ubox
265 407 0.014339983 ubox
266 295 0.003687383 ubox
266 333 0.004845592 ubox
267 278 0.003415855 ubox
267 342 0.005395521 ubox
267 370 0.004150217 ubox
268 274 0.012042312 ubox
268 276 0.012793792 ubox
268 277 0.004287171 ubox
268 341 0.005339980 ubox
268 369 0.004707614 ubox
268 403 0.021200617 ubox
269 273 0.012392332 ubox
269 275 0.013769664 ubox
269 279 0.004351574 ubox
269 292 0.004530497 ubox
269 330 0.007524028 ubox
269 368 0.004704923 ubox
269 402 0.022022265 ubox
270 278 0.004360998 ubox
270 291 0.004528733 ubox
270 329 0.007526623 ubox
270 401 0.022023436 ubox
271 328 0.007524817 ubox
271 400 0.022018105 ubox
272 298 0.010563263 ubox
272 327 0.006759267 ubox
272 349 0.016733837 ubox
272 355 0.009238978 ubox
272 399 0.020683574 ubox
273 281 0.004385203 ubox
273 297 0.019164407 ubox
273 348 0.018833532 ubox
273 354 0.010151305 ubox
273 397 0.018889379 ubox
274 280 0.003904907 ubox
274 298 0.008183380 ubox
274 347 0.018765572 ubox
274 353 0.009690977 ubox
274 355 0.022872286 ubox
274 396 0.018825481 ubox
275 281 0.004459312 ubox
275 297 0.014683725 ubox
275 312 0.005415016 ubox
275 346 0.018670972 ubox
275 354 0.025219145 ubox
276 280 0.003759654 ubox
276 311 0.005293159 ubox
276 351 0.005660840 ubox
276 353 0.025028848 ubox
276 394 0.018158488 ubox
277 293 0.307048915 ubox
277 310 0.004027492 ubox
277 327 0.003640570 ubox
277 349 0.003345922 ubox
277 350 0.005606080 ubox
277 352 0.023370406 ubox
277 359 0.079345559 ubox
277 393 0.018701361 ubox
277 440 0.010543254 ubox
278 289 0.932867302 ubox
278 292 0.331077282 ubox
278 326 0.004990232 ubox
278 343 0.019440993 ubox
278 358 0.085415539 ubox
278 392 0.018686754 ubox
278 439 0.011973510 ubox
278 451 0.005570330 ubox
279 288 0.934455793 ubox
279 291 0.331129859 ubox
279 325 0.004996591 ubox
279 342 0.019443415 ubox
279 370 0.003267385 ubox
279 391 0.018680657 ubox
279 438 0.012094406 ubox
279 450 0.005578675 ubox
280 286 0.050248972 ubox
280 287 0.930241684 ubox
280 324 0.004991088 ubox
280 341 0.019341606 ubox
280 356 0.090272446 ubox
280 369 0.003268972 ubox
280 390 0.017395362 ubox
280 403 0.006803776 ubox
280 437 0.011852434 ubox
280 449 0.005576855 ubox
281 285 0.070372308 ubox
281 289 0.336838401 ubox
281 290 0.005721654 ubox
281 292 0.014024337 ubox
281 323 0.004974892 ubox
281 330 0.004036484 ubox
281 355 0.093291772 ubox
281 368 0.003257756 ubox
281 402 0.007235377 ubox
281 435 0.003998726 ubox
281 436 0.009136956 ubox
281 439 0.008003155 ubox
281 448 0.005786168 ubox
282 288 0.336722632 ubox
282 291 0.014089588 ubox
282 329 0.004031860 ubox
282 354 0.093314011 ubox
282 401 0.007224390 ubox
282 434 0.005240836 ubox
282 438 0.009099501 ubox
282 447 0.005855182 ubox
283 328 0.004023059 ubox
283 400 0.007206759 ubox
283 433 0.005229702 ubox
283 434 0.007433700 ubox
283 437 0.009071648 ubox
283 446 0.005855268 ubox
284 433 0.007257015 ubox
284 434 0.014481399 ubox
284 445 0.005854150 ubox
285 354 0.030087879 ubox
285 433 0.014595946 ubox
285 444 0.005848277 ubox
286 350 0.005956651 ubox
286 351 0.065521134 ubox
286 352 0.066747486 ubox
286 353 0.029975668 ubox
286 432 0.010432070 ubox
287 327 0.004386719 ubox
287 349 0.005301503 ubox
287 350 0.068951464 ubox
287 351 0.068262259 ubox
287 352 0.029018124 ubox
287 399 0.006439187 ubox
287 432 0.013566546 ubox
287 440 0.005282187 ubox
288 326 0.004804947 ubox
288 330 0.020577521 ubox
288 349 0.069946459 ubox
288 350 0.065139293 ubox
288 351 0.024911472 ubox
288 398 0.006593953 ubox
288 402 0.003220773 ubox
288 431 0.017323841 ubox
288 439 0.005406168 ubox
289 325 0.004802247 ubox
289 329 0.020606305 ubox
289 348 0.049785005 ubox
289 397 0.006585546 ubox
289 401 0.003233680 ubox
289 430 0.017304299 ubox
289 438 0.005410490 ubox
290 312 0.052585225 ubox
290 328 0.020611699 ubox
290 344 0.007982649 ubox
290 348 0.920538046 ubox
290 400 0.003233976 ubox
290 429 0.017283374 ubox
290 437 0.005409969 ubox
291 298 0.005610529 ubox
291 311 0.048463836 ubox
291 326 0.020893648 ubox
291 327 0.003566510 ubox
291 343 0.009871638 ubox
291 347 0.934038990 ubox
291 392 0.008812498 ubox
291 398 0.003368300 ubox
291 431 0.003275666 ubox
291 436 0.004740776 ubox
292 297 0.007557200 ubox
292 325 0.021193505 ubox
292 342 0.009875664 ubox
292 346 0.936030158 ubox
292 391 0.008830763 ubox
292 397 0.003411870 ubox
292 425 0.003820135 ubox
292 430 0.003314210 ubox
293 313 0.019037669 ubox
293 322 0.009433639 ubox
293 324 0.019307791 ubox
293 334 0.007714745 ubox
293 340 0.004761449 ubox
293 341 0.008003544 ubox
293 345 0.936024076 ubox
293 380 0.004229186 ubox
293 390 0.008641210 ubox
293 424 0.003825378 ubox
293 426 0.017076122 ubox
293 429 0.003304782 ubox
293 434 0.004187879 ubox
294 312 0.029728463 ubox
294 321 0.011307999 ubox
294 333 0.008705648 ubox
294 339 0.006730022 ubox
294 344 0.936092656 ubox
294 354 0.018274319 ubox
294 379 0.004471032 ubox
294 423 0.004094445 ubox
294 425 0.017118680 ubox
294 428 0.003294975 ubox
294 433 0.004656408 ubox
295 303 0.015673473 ubox
295 307 0.334004563 ubox
295 310 0.009505702 ubox
295 311 0.013378707 ubox
295 319 0.009520940 ubox
295 320 0.007071319 ubox
295 332 0.008712430 ubox
295 343 0.935955078 ubox
295 353 0.018328036 ubox
295 360 0.011404406 ubox
295 378 0.003962545 ubox
295 394 0.003507563 ubox
296 302 0.015516406 ubox
296 306 0.334833749 ubox
296 309 0.010425314 ubox
296 310 0.012430774 ubox
296 318 0.009555097 ubox
296 320 0.016039534 ubox
296 352 0.018316795 ubox
296 359 0.011431854 ubox
296 393 0.003524962 ubox
296 432 0.004659185 ubox
297 301 0.011847153 ubox
297 305 0.334995090 ubox
297 308 0.011011703 ubox
297 309 0.009871858 ubox
297 314 0.011072929 ubox
297 318 0.005787922 ubox
297 319 0.016371851 ubox
297 323 0.010034811 ubox
297 330 0.008694356 ubox
297 351 0.017894099 ubox
297 357 0.003408560 ubox
297 358 0.011131306 ubox
297 385 0.028949760 ubox
297 392 0.003519844 ubox
297 431 0.005166110 ubox
298 304 0.323748489 ubox
298 313 0.011125706 ubox
298 317 0.006432537 ubox
298 322 0.010042339 ubox
298 329 0.007616447 ubox
298 340 0.934663519 ubox
298 356 0.004160393 ubox
298 375 0.005545617 ubox
298 384 0.028925739 ubox
298 391 0.003465858 ubox
298 421 0.081401834 ubox
298 430 0.005163790 ubox
299 312 0.011119733 ubox
299 321 0.010032993 ubox
299 328 0.007473555 ubox
299 329 0.004242761 ubox
299 339 0.934372358 ubox
299 374 0.005837392 ubox
299 419 0.012750621 ubox
299 420 0.083625356 ubox
299 429 0.005163821 ubox
300 325 0.006151056 ubox
300 328 0.004262611 ubox
300 339 0.037493892 ubox
300 342 0.015518429 ubox
300 373 0.005952341 ubox
300 419 0.083928494 ubox
300 428 0.005160353 ubox
301 324 0.006152629 ubox
301 334 0.010432479 ubox
301 335 0.916791347 ubox
301 336 0.039835991 ubox
301 337 0.085929591 ubox
301 338 0.045605113 ubox
301 341 0.015512840 ubox
301 372 0.006129291 ubox
301 381 0.033136568 ubox
301 417 0.083346713 ubox
301 426 0.003474807 ubox
302 313 0.026077355 ubox
302 322 0.006253252 ubox
302 329 0.003820221 ubox
302 333 0.010122981 ubox
302 334 0.930354800 ubox
302 335 0.032607595 ubox
302 336 0.058361148 ubox
302 337 0.026824768 ubox
302 340 0.015471444 ubox
302 371 0.006154934 ubox
302 380 0.034070119 ubox
302 416 0.086555217 ubox
302 425 0.003517297 ubox
302 426 0.003441013 ubox
303 312 0.027800864 ubox
303 321 0.006283462 ubox
303 328 0.004604040 ubox
303 333 0.931176476 ubox
303 339 0.015365765 ubox
303 348 0.029994102 ubox
303 370 0.006151208 ubox
303 379 0.034111077 ubox
303 415 0.086620064 ubox
303 424 0.003522479 ubox
303 425 0.003447781 ubox
304 311 0.025267979 ubox
304 320 0.005806479 ubox
304 327 0.004620975 ubox
304 347 0.030039460 ubox
304 378 0.034041922 ubox
304 414 0.086376653 ubox
305 325 0.004832032 ubox
305 329 0.056357711 ubox
305 342 0.005624434 ubox
305 346 0.030053443 ubox
305 376 0.034154571 ubox
305 412 0.032183984 ubox
305 413 0.080496706 ubox
305 423 0.003404166 ubox
305 447 0.009246428 ubox
306 313 0.007243898 ubox
306 322 0.003171885 ubox
306 324 0.004661766 ubox
306 328 0.049270505 ubox
306 329 0.064189397 ubox
306 334 0.008125774 ubox
306 341 0.005540254 ubox
306 345 0.030051589 ubox
306 375 0.034156906 ubox
306 411 0.044972578 ubox
306 412 0.074032220 ubox
306 421 0.004122347 ubox
306 446 0.009249408 ubox
307 312 0.008005074 ubox
307 321 0.003237491 ubox
307 328 0.072723808 ubox
307 329 0.929887862 ubox
307 333 0.007462101 ubox
307 344 0.030051727 ubox
307 374 0.034159595 ubox
307 410 0.055224912 ubox
307 411 0.067093921 ubox
307 420 0.004790024 ubox
307 445 0.009255910 ubox
308 325 0.013292961 ubox
308 328 0.930325970 ubox
308 329 0.035996677 ubox
308 339 0.011983930 ubox
308 342 0.029788418 ubox
308 370 0.005522477 ubox
308 373 0.034195905 ubox
308 409 0.070341237 ubox
308 410 0.059320471 ubox
308 419 0.004784376 ubox
308 444 0.009256283 ubox
309 316 0.005233726 ubox
309 317 0.007985822 ubox
309 322 0.026784526 ubox
309 324 0.012386374 ubox
309 325 0.014676113 ubox
309 328 0.034865083 ubox
309 335 0.007083321 ubox
309 338 0.012194655 ubox
309 341 0.029751112 ubox
309 363 0.015764459 ubox
309 369 0.005414449 ubox
309 371 0.026994224 ubox
309 372 0.031660026 ubox
309 408 0.077063094 ubox
309 409 0.050179397 ubox
309 443 0.009249527 ubox
310 315 0.004591857 ubox
310 316 0.008695079 ubox
310 317 0.012823505 ubox
310 321 0.026137671 ubox
310 322 0.009578042 ubox
310 324 0.013058687 ubox
310 325 0.880604235 ubox
310 334 0.007413868 ubox
310 337 0.012201570 ubox
310 340 0.029638777 ubox
310 362 0.016369765 ubox
310 363 0.078189108 ubox
310 370 0.030443313 ubox
310 371 0.028413531 ubox
310 404 0.005378716 ubox
310 407 0.080470412 ubox
310 408 0.043602367 ubox
310 442 0.009243540 ubox
311 315 0.007662854 ubox
311 316 0.014278526 ubox
311 321 0.009473953 ubox
311 324 0.925894429 ubox
311 333 0.007434692 ubox
311 336 0.012139458 ubox
311 339 0.029454157 ubox
311 356 0.038118083 ubox
311 362 0.086095954 ubox
311 366 0.015921489 ubox
311 369 0.032548549 ubox
311 370 0.024615576 ubox
311 403 0.006568290 ubox
311 406 0.083852878 ubox
311 407 0.035395926 ubox
311 441 0.009238256 ubox
312 319 0.044095560 ubox
312 320 0.005339158 ubox
312 323 0.929069442 ubox
312 332 0.007437676 ubox
312 355 0.028948908 ubox
312 360 0.030087383 ubox
312 361 0.086655986 ubox
312 365 0.017260653 ubox
312 368 0.033809557 ubox
312 402 0.006902777 ubox
312 405 0.086979266 ubox
312 440 0.009245030 ubox
313 318 0.039032658 ubox
313 355 0.310728788 ubox
313 359 0.026797828 ubox
313 439 0.009243925 ubox
314 321 0.919777083 ubox
314 328 0.008466661 ubox
314 354 0.332441727 ubox
314 438 0.009232417 ubox
315 320 0.775671420 ubox
315 327 0.008177249 ubox
315 352 0.003921355 ubox
315 353 0.332198785 ubox
316 351 0.005377709 ubox
316 352 0.330260503 ubox
316 353 0.008744096 ubox
317 350 0.003664075 ubox
317 351 0.324843827 ubox
317 352 0.011259857 ubox
317 355 0.011533190 ubox
318 329 0.020676324 ubox
318 334 0.012193212 ubox
318 354 0.011542020 ubox
318 371 0.043338624 ubox
319 325 0.012303029 ubox
319 328 0.022307525 ubox
319 329 0.015370944 ubox
319 333 0.012332296 ubox
319 370 0.043981978 ubox
320 324 0.011316353 ubox
320 328 0.015306941 ubox
320 348 0.014467452 ubox
320 369 0.043974360 ubox
320 406 0.003927135 ubox
321 327 0.011487282 ubox
321 332 0.005558761 ubox
321 347 0.009927757 ubox
321 350 0.332101332 ubox
321 351 0.015230959 ubox
321 352 0.003522416 ubox
321 368 0.043865876 ubox
321 405 0.003959191 ubox
322 347 0.017014211 ubox
322 349 0.334905648 ubox
322 350 0.016494684 ubox
322 351 0.003738131 ubox
322 355 0.005760862 ubox
323 346 0.017251757 ubox
323 348 0.334941274 ubox
323 354 0.006070734 ubox
323 437 0.009261771 ubox
324 347 0.281500877 ubox
324 353 0.006041302 ubox
324 436 0.009297667 ubox
325 343 0.041142139 ubox
325 347 0.186715482 ubox
325 402 0.011942173 ubox
325 435 0.009314451 ubox
326 339 0.003496822 ubox
326 342 0.041204564 ubox
326 346 0.338022647 ubox
326 370 0.051715573 ubox
326 401 0.011958321 ubox
326 434 0.009317135 ubox
327 338 0.003514119 ubox
327 341 0.041076079 ubox
327 344 0.003180899 ubox
327 345 0.337938868 ubox
327 362 0.040751021 ubox
327 366 0.022433854 ubox
327 369 0.051747663 ubox
327 400 0.011941724 ubox
327 433 0.009304245 ubox
328 343 0.003418957 ubox
328 358 0.006660311 ubox
328 361 0.041914709 ubox
328 365 0.023686515 ubox
328 368 0.051755824 ubox
328 399 0.011941760 ubox
328 432 0.009304770 ubox
329 343 0.338327027 ubox
329 357 0.006677231 ubox
329 360 0.041874845 ubox
329 364 0.023677307 ubox
329 367 0.051711969 ubox
329 398 0.011958364 ubox
329 431 0.009317700 ubox
330 342 0.338094407 ubox
330 397 0.011951517 ubox
330 430 0.009317710 ubox
331 429 0.009317684 ubox
332 354 0.007478875 ubox
332 428 0.009314043 ubox
333 353 0.007364571 ubox
333 360 0.024553024 ubox
333 427 0.008087130 ubox
334 352 0.007201488 ubox
334 359 0.024150682 ubox
335 351 0.007017883 ubox
336 350 0.006800712 ubox
336 353 0.008820573 ubox
337 349 0.006145047 ubox
337 352 0.008532834 ubox
337 353 0.007307301 ubox
338 351 0.008388981 ubox
338 352 0.006927103 ubox
338 353 0.048300079 ubox
338 359 0.047470340 ubox
339 350 0.008219299 ubox
339 351 0.006615318 ubox
339 352 0.049595632 ubox
339 358 0.048786775 ubox
339 360 0.005562212 ubox
340 349 0.008071564 ubox
340 350 0.006108875 ubox
340 351 0.049818918 ubox
340 359 0.005545394 ubox
340 394 0.012252703 ubox
341 349 0.005525342 ubox
341 350 0.049916469 ubox
341 393 0.012457570 ubox
342 349 0.050115794 ubox
342 355 0.050575279 ubox
342 392 0.012500049 ubox
343 348 0.050203800 ubox
343 354 0.050717738 ubox
343 391 0.012499599 ubox
344 353 0.050673492 ubox
344 360 0.036512433 ubox
345 352 0.050477504 ubox
345 359 0.036877379 ubox
346 351 0.045947254 ubox
346 357 0.007888594 ubox
346 358 0.036875504 ubox
346 367 0.011049165 ubox
346 387 0.012331550 ubox
347 356 0.009096887 ubox
347 362 0.004626586 ubox
347 366 0.025483819 ubox
347 369 0.005969601 ubox
347 383 0.003230468 ubox
347 386 0.012787880 ubox
348 353 0.003707479 ubox
348 355 0.008960326 ubox
348 357 0.089781672 ubox
348 361 0.005751228 ubox
348 364 0.033662104 ubox
348 365 0.032482122 ubox
348 367 0.033116245 ubox
348 368 0.006329356 ubox
348 382 0.004024417 ubox
348 385 0.013017134 ubox
349 354 0.027532329 ubox
349 356 0.097638524 ubox
349 363 0.036806556 ubox
349 366 0.083844251 ubox
349 370 0.003258607 ubox
349 371 0.024809516 ubox
349 372 0.216550292 ubox
349 373 0.024041737 ubox
349 381 0.004108511 ubox
349 384 0.013020041 ubox
350 362 0.031922085 ubox
350 363 0.014695149 ubox
350 369 0.003994195 ubox
350 370 0.024991418 ubox
350 371 0.221057076 ubox
350 372 0.302136107 ubox
350 380 0.004098347 ubox
350 383 0.012560318 ubox
350 409 0.009742064 ubox
351 362 0.013133162 ubox
351 363 0.030088283 ubox
351 369 0.023268466 ubox
351 370 0.220491139 ubox
351 371 0.324191288 ubox
351 372 0.018878059 ubox
351 379 0.004017208 ubox
351 381 0.006673255 ubox
351 408 0.014213531 ubox
352 362 0.024831545 ubox
352 363 0.601769944 ubox
352 369 0.210971847 ubox
352 370 0.325685595 ubox
352 371 0.019778385 ubox
352 372 0.006811822 ubox
352 380 0.006789178 ubox
352 381 0.009407822 ubox
352 384 0.010480152 ubox
352 407 0.014795340 ubox
353 362 0.661941417 ubox
353 366 0.083943354 ubox
353 369 0.326122977 ubox
353 370 0.019198110 ubox
353 371 0.007221814 ubox
353 379 0.006727437 ubox
353 380 0.009483335 ubox
353 383 0.011648447 ubox
353 406 0.014912093 ubox
354 361 0.667019063 ubox
354 364 0.212109796 ubox
354 365 0.085970731 ubox
354 367 0.226111119 ubox
354 368 0.318275113 ubox
354 377 0.004600997 ubox
354 378 0.006099135 ubox
354 382 0.011794594 ubox
354 405 0.014935493 ubox
355 363 0.212181389 ubox
355 366 0.231289960 ubox
355 376 0.004267866 ubox
355 379 0.010413252 ubox
355 381 0.011275533 ubox
355 404 0.014578697 ubox
355 415 0.013104908 ubox
356 378 0.011531396 ubox
356 414 0.015417969 ubox
357 374 0.005237209 ubox
357 410 0.007671501 ubox
357 411 0.003918697 ubox
357 413 0.016886796 ubox
358 370 0.028976239 ubox
358 373 0.005538518 ubox
358 376 0.020236201 ubox
358 409 0.008311326 ubox
358 410 0.003941862 ubox
358 412 0.016894143 ubox
359 369 0.028076221 ubox
359 371 0.040354036 ubox
359 372 0.004856277 ubox
359 375 0.020301175 ubox
359 408 0.008072246 ubox
359 409 0.003825746 ubox
359 411 0.016891627 ubox
360 370 0.041405424 ubox
360 374 0.020310863 ubox
360 410 0.016923678 ubox
361 373 0.020313277 ubox
361 409 0.016919413 ubox
365 373 0.003473477 ubox
367 374 0.004009933 ubox
367 401 0.110630299 ubox
368 373 0.004690920 ubox
368 400 0.110689456 ubox
369 399 0.110678749 ubox
370 398 0.110666000 ubox
374 394 0.110330803 ubox
375 393 0.110777304 ubox
376 392 0.110843797 ubox
377 391 0.110844893 ubox
378 386 0.006720095 ubox
378 390 0.110467508 ubox
378 403 0.004084459 ubox
379 385 0.008275967 ubox
379 402 0.004297371 ubox
382 400 0.008104334 ubox
383 399 0.008092106 ubox
385 397 0.012990212 ubox
386 396 0.013014588 ubox
387 395 0.013048140 ubox
388 394 0.012943312 ubox
389 393 0.011143000 ubox
390 399 0.020639552 ubox
391 398 0.024963120 ubox
391 402 0.005349717 ubox
392 397 0.024965695 ubox
392 401 0.005358774 ubox
393 400 0.005302174 ubox
398 409 0.007664560 ubox
399 406 0.008673572 ubox
399 408 0.007633523 ubox
400 405 0.010088546 ubox
435 581 0.003966528 ubox
436 580 0.004031600 ubox
437 579 0.004334299 ubox
438 578 0.004401394 ubox
439 446 0.003687986 ubox
439 447 0.004064575 ubox
439 472 0.046337372 ubox
439 473 0.013411815 ubox
439 577 0.004399192 ubox
440 445 0.003894418 ubox
440 446 0.004321843 ubox
440 471 0.048123569 ubox
440 472 0.024452236 ubox
440 576 0.004389238 ubox
441 575 0.004269526 ubox
442 470 0.303474960 ubox
442 480 0.009731337 ubox
443 469 0.303700021 ubox
443 479 0.009740006 ubox
444 468 0.303871505 ubox
444 478 0.009741783 ubox
445 467 0.304091151 ubox
445 477 0.009736600 ubox
446 455 0.011581002 ubox
446 466 0.304099824 ubox
446 476 0.009739092 ubox
447 454 0.011760329 ubox
447 465 0.304101797 ubox
447 475 0.009735152 ubox
448 453 0.011848777 ubox
448 464 0.304082894 ubox
448 474 0.009733053 ubox
449 455 0.007498019 ubox
449 458 0.006233036 ubox
449 461 0.024106489 ubox
449 466 0.010609299 ubox
450 454 0.005132321 ubox
450 457 0.005723312 ubox
450 460 0.021274094 ubox
450 465 0.010635340 ubox
451 464 0.010645453 ubox
452 458 0.016760742 ubox
453 457 0.013712626 ubox
453 460 0.051844021 ubox
454 459 0.048961155 ubox
460 503 0.004304677 ubox
460 518 0.003258287 ubox
461 473 0.005745981 ubox
461 494 0.003658120 ubox
461 502 0.004574585 ubox
461 511 0.020610562 ubox
461 517 0.003802666 ubox
462 469 0.018486143 ubox
462 493 0.003621036 ubox
462 510 0.020064570 ubox
462 513 0.005714116 ubox
463 468 0.018309866 ubox
463 469 0.013281850 ubox
463 477 0.596867034 ubox
463 479 0.090618067 ubox
463 508 0.004939786 ubox
463 512 0.005824810 ubox
463 513 0.110608957 ubox
464 468 0.011576699 ubox
464 475 0.561984621 ubox
464 476 0.649157664 ubox
464 478 0.096801998 ubox
464 485 0.032232573 ubox
464 489 0.023675436 ubox
464 491 0.003998616 ubox
464 512 0.127209837 ubox
464 541 0.078554146 ubox
465 474 0.666913744 ubox
465 484 0.028918218 ubox
465 488 0.023685448 ubox
465 490 0.004723370 ubox
465 511 0.129258671 ubox
465 539 0.015084388 ubox
465 540 0.081550806 ubox
465 582 0.003233691 ubox
465 590 0.017181376 ubox
466 473 0.665549465 ubox
466 474 0.593693781 ubox
466 483 0.025013726 ubox
466 484 0.030786425 ubox
466 538 0.015120518 ubox
466 539 0.081551594 ubox
466 589 0.017336060 ubox
466 590 0.007413201 ubox
467 473 0.595175212 ubox
467 474 0.013614619 ubox
467 483 0.033993182 ubox
467 484 0.007402951 ubox
467 488 0.006921160 ubox
467 537 0.015134544 ubox
467 538 0.081533406 ubox
467 588 0.017333010 ubox
467 589 0.007545879 ubox
468 472 0.547451125 ubox
468 473 0.012701568 ubox
468 482 0.036760936 ubox
468 483 0.007406273 ubox
468 487 0.006987150 ubox
468 537 0.076158565 ubox
468 587 0.016560044 ubox
468 588 0.007548979 ubox
469 481 0.034760998 ubox
469 482 0.008532246 ubox
469 486 0.006945887 ubox
469 536 0.007950663 ubox
469 537 0.004272782 ubox
469 577 0.011148754 ubox
469 586 0.013759490 ubox
469 587 0.008484069 ubox
470 511 0.058992484 ubox
470 536 0.004405030 ubox
470 576 0.012070629 ubox
470 586 0.009309009 ubox
471 506 0.009787968 ubox
471 507 0.362289367 ubox
471 508 0.024144830 ubox
471 510 0.051665178 ubox
471 535 0.003771977 ubox
471 575 0.012367540 ubox
472 479 0.039848036 ubox
472 497 0.008770904 ubox
472 505 0.009022418 ubox
472 506 0.402238054 ubox
472 507 0.023866730 ubox
472 508 0.011218980 ubox
472 575 0.003574360 ubox
473 478 0.041596001 ubox
473 479 0.014443320 ubox
473 480 0.015128850 ubox
473 496 0.009650634 ubox
473 504 0.006631970 ubox
473 505 0.413732595 ubox
473 506 0.020917234 ubox
473 507 0.010919615 ubox
473 508 0.005590991 ubox
473 573 0.076444081 ubox
473 574 0.004540397 ubox
474 478 0.014920297 ubox
474 479 0.008960805 ubox
474 485 0.043150119 ubox
474 495 0.009650955 ubox
474 504 0.417023419 ubox
474 505 0.016488056 ubox
474 506 0.010349755 ubox
474 507 0.004970821 ubox
474 519 0.005032523 ubox
474 572 0.076588056 ubox
474 573 0.003222217 ubox
475 484 0.043685496 ubox
475 494 0.009556744 ubox
475 503 0.427307456 ubox
475 518 0.005056514 ubox
475 571 0.076652800 ubox
476 483 0.045424895 ubox
476 484 0.011434582 ubox
476 488 0.004271913 ubox
476 502 0.430452740 ubox
476 517 0.005057282 ubox
476 570 0.076657241 ubox
477 482 0.042068292 ubox
477 483 0.010921960 ubox
477 484 0.004721114 ubox
477 487 0.004091638 ubox
477 501 0.421174085 ubox
477 503 0.251270286 ubox
477 569 0.076646867 ubox
478 483 0.007338190 ubox
478 484 0.012407979 ubox
478 488 0.008706359 ubox
478 502 0.271710693 ubox
478 568 0.076616755 ubox
479 483 0.011503465 ubox
479 487 0.008566449 ubox
479 501 0.266217301 ubox
479 503 0.028576393 ubox
479 567 0.070906225 ubox
480 494 0.018713637 ubox
480 502 0.029776419 ubox
480 511 0.013914060 ubox
480 567 0.014084628 ubox
481 493 0.013234353 ubox
481 510 0.013805140 ubox
481 565 0.025022438 ubox
482 493 0.025133707 ubox
482 497 0.930769283 ubox
482 564 0.021886446 ubox
483 492 0.029461470 ubox
483 496 0.988981519 ubox
483 513 0.047798750 ubox
483 514 0.009821701 ubox
484 491 0.029486279 ubox
484 495 0.989108467 ubox
484 512 0.053311316 ubox
484 513 0.007027910 ubox
485 490 0.029600718 ubox
485 494 0.989090630 ubox
485 511 0.055010174 ubox
486 493 0.911575357 ubox
486 506 0.003923198 ubox
486 507 0.012992010 ubox
486 508 0.039129905 ubox
486 510 0.050402691 ubox
487 493 0.158883973 ubox
487 505 0.004074628 ubox
487 506 0.016178087 ubox
487 507 0.053456425 ubox
487 508 0.015167419 ubox
487 513 0.008786908 ubox
488 492 0.223404414 ubox
488 495 0.018192714 ubox
488 505 0.016723079 ubox
488 506 0.057138403 ubox
488 507 0.013539397 ubox
488 512 0.010525289 ubox
488 523 0.010477925 ubox
489 494 0.018239184 ubox
489 511 0.010834529 ubox
489 522 0.010520240 ubox
490 504 0.112282432 ubox
490 510 0.005859586 ubox
490 519 0.005660374 ubox
490 521 0.010273656 ubox
491 503 0.118776884 ubox
491 509 0.003311449 ubox
491 518 0.005719402 ubox
491 520 0.006576861 ubox
492 502 0.119458349 ubox
492 517 0.005749472 ubox
493 501 0.119450697 ubox
493 515 0.004818295 ubox
494 500 0.119326778 ubox
494 514 0.004920450 ubox
496 502 0.003419988 ubox
497 501 0.003741438 ubox
497 503 0.019088874 ubox
497 518 0.007476456 ubox
498 502 0.024111249 ubox
498 511 0.067630117 ubox
498 517 0.008666959 ubox
499 510 0.065359669 ubox
499 512 0.688736389 ubox
500 511 0.794419301 ubox
501 507 0.007649587 ubox
501 508 0.050915922 ubox
501 510 0.793144996 ubox
501 513 0.004896493 ubox
502 506 0.007452161 ubox
502 507 0.041981804 ubox
502 508 0.040698729 ubox
502 512 0.005323357 ubox
502 513 0.158665065 ubox
502 514 0.111276477 ubox
502 565 0.021709528 ubox
503 507 0.040836948 ubox
503 510 0.032168008 ubox
503 512 0.166909755 ubox
503 513 0.107057417 ubox
503 564 0.022965033 ubox
504 509 0.037301888 ubox
504 511 0.170038364 ubox
504 563 0.023118553 ubox
505 562 0.023128354 ubox
506 561 0.023118681 ubox
507 518 0.005520526 ubox
507 560 0.023045591 ubox
508 517 0.006157341 ubox
508 559 0.023012503 ubox
509 541 0.004105448 ubox
509 553 0.004623109 ubox
509 558 0.022546913 ubox
510 517 0.021729772 ubox
510 520 0.223168111 ubox
510 522 0.011598983 ubox
510 524 0.016912465 ubox
510 526 0.021946832 ubox
510 528 0.004539158 ubox
510 540 0.004228044 ubox
510 552 0.006029160 ubox
510 557 0.022166483 ubox
511 516 0.025155020 ubox
511 519 0.245666140 ubox
511 521 0.013594381 ubox
511 523 0.017606724 ubox
511 525 0.022843237 ubox
511 527 0.005342937 ubox
511 551 0.007531781 ubox
511 556 0.021277262 ubox
512 518 0.244937922 ubox
512 520 0.013277804 ubox
512 522 0.017096214 ubox
512 524 0.022597553 ubox
512 526 0.005255243 ubox
512 538 0.004316158 ubox
512 550 0.008096913 ubox
513 517 0.232018425 ubox
513 537 0.004644197 ubox
513 543 0.004631533 ubox
514 536 0.005233282 ubox
514 542 0.005870677 ubox
515 535 0.005234709 ubox
515 541 0.005921436 ubox
515 544 0.007215406 ubox
516 522 0.034243310 ubox
516 534 0.005221065 ubox
516 540 0.005932788 ubox
516 543 0.008156071 ubox
517 521 0.033636046 ubox
517 545 0.067981421 ubox
517 547 0.004237035 ubox
518 541 0.008105499 ubox
518 544 0.068111949 ubox
518 546 0.004220769 ubox
519 536 0.007626241 ubox
519 540 0.008126715 ubox
519 542 0.013844912 ubox
519 543 0.067270915 ubox
520 535 0.007656605 ubox
520 541 0.017576413 ubox
521 532 0.008186554 ubox
521 534 0.007731027 ubox
521 536 0.010000980 ubox
521 540 0.017867592 ubox
521 542 0.065936958 ubox
521 586 0.008450724 ubox
522 531 0.008211656 ubox
522 535 0.010104745 ubox
522 541 0.066151882 ubox
522 544 0.013257217 ubox
522 585 0.008672831 ubox
523 534 0.010121865 ubox
523 536 0.061371457 ubox
523 540 0.066163457 ubox
523 542 0.003322325 ubox
523 543 0.014397214 ubox
523 584 0.008320527 ubox
524 535 0.061489304 ubox
524 541 0.003360931 ubox
524 544 0.021229469 ubox
524 583 0.006754261 ubox
525 534 0.061523436 ubox
525 536 0.064615983 ubox
525 540 0.003368646 ubox
525 542 0.021755773 ubox
525 543 0.024478772 ubox
525 582 0.005198522 ubox
525 584 0.009837297 ubox
526 535 0.064763740 ubox
526 541 0.022370436 ubox
526 583 0.008511529 ubox
527 534 0.064790202 ubox
527 536 0.067504231 ubox
527 540 0.022400254 ubox
527 542 0.036164246 ubox
527 582 0.006627312 ubox
527 584 0.894519189 ubox
528 535 0.067496629 ubox
528 541 0.037469340 ubox
528 583 0.975279706 ubox
529 534 0.067359768 ubox
529 538 0.011799263 ubox
529 539 0.020074556 ubox
529 540 0.037733279 ubox
529 582 0.991579936 ubox
530 537 0.011820962 ubox
530 538 0.020081692 ubox
530 539 0.037712819 ubox
530 581 0.991551834 ubox
531 536 0.011781948 ubox
531 537 0.020106424 ubox
531 538 0.037710632 ubox
531 580 0.991112675 ubox
532 579 0.449847718 ubox
533 579 0.881480098 ubox
534 578 0.991552104 ubox
535 576 0.012864285 ubox
535 577 0.991056353 ubox
536 575 0.023970019 ubox
536 579 0.004160555 ubox
537 574 0.024502070 ubox
537 575 0.988302902 ubox
537 578 0.004879582 ubox
538 573 0.021714894 ubox
538 574 0.988129404 ubox
538 575 0.026935535 ubox
539 572 0.018511377 ubox
539 573 0.933678691 ubox
539 574 0.033853705 ubox
539 575 0.066940852 ubox
540 572 0.875927366 ubox
540 573 0.028048787 ubox
540 574 0.074701028 ubox
541 566 0.054583182 ubox
541 571 0.710553915 ubox
542 565 0.112763219 ubox
542 573 0.345749728 ubox
542 574 0.003708985 ubox
543 564 0.113305981 ubox
543 572 0.474915755 ubox
544 560 0.003974979 ubox
544 563 0.110420708 ubox
544 568 0.370212855 ubox
544 569 0.417482432 ubox
544 571 0.687862474 ubox
545 559 0.003790984 ubox
545 567 0.382200355 ubox
545 568 0.422102743 ubox
545 570 0.802344569 ubox
546 560 0.474581886 ubox
546 566 0.230014045 ubox
546 567 0.267536592 ubox
546 568 0.010477651 ubox
546 569 0.802190146 ubox
547 559 0.583550410 ubox
547 567 0.048936633 ubox
547 568 0.800782515 ubox
548 558 0.583843942 ubox
548 564 0.040217456 ubox
549 557 0.583792052 ubox
549 559 0.014887565 ubox
549 563 0.039710727 ubox
549 566 0.470758142 ubox
550 556 0.580629620 ubox
550 558 0.018060877 ubox
550 564 0.092906355 ubox
550 565 0.475238493 ubox
551 557 0.018288114 ubox
551 559 0.017855311 ubox
551 563 0.096058730 ubox
551 566 0.101749738 ubox
552 556 0.016657627 ubox
552 558 0.018024775 ubox
552 564 0.752861683 ubox
552 565 0.099639033 ubox
553 557 0.016851157 ubox
553 560 0.044525633 ubox
553 561 0.104651366 ubox
553 562 0.152125655 ubox
553 563 0.765749980 ubox
553 569 0.004856136 ubox
554 559 0.044664709 ubox
554 560 0.107112882 ubox
554 561 0.155682804 ubox
554 562 0.765649678 ubox
554 563 0.114046598 ubox
554 567 0.005817865 ubox
554 568 0.005258870 ubox
555 559 0.101717363 ubox
555 560 0.135495373 ubox
555 561 0.755835402 ubox
555 562 0.117381547 ubox
555 563 0.011544575 ubox
555 566 0.005593559 ubox
555 567 0.011685553 ubox
556 560 0.657073594 ubox
556 561 0.107926061 ubox
556 562 0.011831675 ubox
556 566 0.012796661 ubox
557 564 0.019665002 ubox
557 565 0.012691254 ubox
558 563 0.019891807 ubox
558 566 0.005524775 ubox
559 565 0.005973339 ubox
560 564 0.005978497 ubox
564 571 0.003168917 ubox
564 577 0.026936212 ubox
565 570 0.003530778 ubox
565 576 0.027471462 ubox
566 575 0.027632564 ubox
567 574 0.027879137 ubox
568 573 0.027815446 ubox
574 582 0.006828975 ubox
575 581 0.006832381 ubox
585 635 0.003818282 ubox
586 634 0.003300906 ubox
589 634 0.022467165 ubox
590 633 0.024422795 ubox
590 634 0.970724002 ubox
591 632 0.017479824 ubox
591 633 0.995207868 ubox
591 634 0.010308232 ubox
592 632 0.998957717 ubox
592 633 0.007815960 ubox
593 631 0.999974459 ubox
594 630 0.999929157 ubox
595 629 0.999970495 ubox
596 623 0.029653554 ubox
596 626 0.008016260 ubox
596 628 0.996046686 ubox
597 622 0.032379077 ubox
597 623 0.004809275 ubox
597 625 0.035073771 ubox
597 626 0.527868053 ubox
598 621 0.032299438 ubox
598 624 0.036635595 ubox
598 625 0.551531180 ubox
598 626 0.369209162 ubox
599 624 0.533626514 ubox
599 625 0.629540947 ubox
603 620 0.997245900 ubox
603 621 0.054695035 ubox
603 622 0.008643671 ubox
603 623 0.012714262 ubox
604 619 0.998171028 ubox
604 620 0.055734911 ubox
604 622 0.012159996 ubox
605 618 0.999997824 ubox
606 617 0.999995887 ubox
607 616 0.999319888 ubox
608 615 0.981900268 ubox
