1 116 0.042055650 ubox
1 589 0.894840037 ubox
1 590 0.011094270 ubox
1 591 0.007701293 ubox
2 115 0.047202319 ubox
2 588 0.997780960 ubox
2 589 0.018228219 ubox
2 590 0.008674060 ubox
3 64 0.005741699 ubox
3 97 0.003751756 ubox
3 114 0.047245720 ubox
3 587 0.998213245 ubox
3 588 0.007650863 ubox
3 589 0.008546116 ubox
3 591 0.007043583 ubox
4 12 0.019810835 ubox
4 63 0.005893719 ubox
4 96 0.003843765 ubox
4 113 0.047256007 ubox
4 586 0.998312928 ubox
4 588 0.008427440 ubox
4 590 0.008084126 ubox
5 11 0.020641179 ubox
5 62 0.005931091 ubox
5 95 0.003851562 ubox
5 112 0.047258098 ubox
5 523 0.007148156 ubox
5 585 0.995808220 ubox
6 10 0.021073434 ubox
6 12 0.007129812 ubox
6 38 0.042098877 ubox
6 61 0.005948931 ubox
6 86 0.003452262 ubox
6 90 0.003444246 ubox
6 94 0.003842088 ubox
6 111 0.047259680 ubox
6 168 0.003251124 ubox
6 522 0.008503380 ubox
6 584 0.445332075 ubox
6 588 0.008633037 ubox
7 20 0.007138113 ubox
7 37 0.040890086 ubox
7 60 0.005576814 ubox
7 89 0.003204426 ubox
7 110 0.046814340 ubox
7 167 0.003268489 ubox
7 584 0.012718492 ubox
7 587 0.008134263 ubox
8 18 0.008986690 ubox
8 19 0.006859798 ubox
8 45 0.003918985 ubox
8 58 0.003414737 ubox
8 166 0.003266307 ubox
8 583 0.074652845 ubox
9 15 0.007525108 ubox
9 17 0.009405763 ubox
9 20 0.004942401 ubox
9 37 0.010675812 ubox
9 44 0.004636900 ubox
9 57 0.003363623 ubox
9 96 0.005853479 ubox
9 109 0.046866729 ubox
9 165 0.003207828 ubox
9 173 0.003237636 ubox
9 520 0.020388044 ubox
9 522 0.019211227 ubox
9 524 0.942147339 ubox
9 526 0.008379151 ubox
9 580 0.006788579 ubox
9 582 0.067283478 ubox
9 586 0.004132230 ubox
10 14 0.007772610 ubox
10 16 0.009510536 ubox
10 18 0.024073545 ubox
10 19 0.003676800 ubox
10 35 0.127671454 ubox
10 36 0.009992862 ubox
10 95 0.006627129 ubox
10 108 0.047158877 ubox
10 172 0.003253453 ubox
10 519 0.021228786 ubox
10 521 0.022416632 ubox
10 523 0.981777549 ubox
10 525 0.005778999 ubox
10 579 0.009253804 ubox
10 583 0.051203963 ubox
10 585 0.004476380 ubox
11 17 0.026039448 ubox
11 34 0.128275709 ubox
11 37 0.020330004 ubox
11 54 0.004935624 ubox
11 94 0.006627054 ubox
11 107 0.047148076 ubox
11 517 0.023698339 ubox
11 522 0.981884576 ubox
11 580 0.055564027 ubox
11 582 0.051484337 ubox
11 584 0.004433283 ubox
12 16 0.025461620 ubox
12 32 0.006377755 ubox
12 33 0.124918684 ubox
12 35 0.005226079 ubox
12 36 0.020433663 ubox
12 40 0.027702336 ubox
12 53 0.004949793 ubox
12 92 0.004801548 ubox
12 93 0.004571305 ubox
12 170 0.003222478 ubox
12 516 0.023791708 ubox
12 519 0.050028550 ubox
12 521 0.980708272 ubox
12 523 0.004253760 ubox
12 578 0.097779020 ubox
12 579 0.010660157 ubox
12 583 0.004298545 ubox
13 30 0.017574887 ubox
13 31 0.009100652 ubox
13 34 0.004475200 ubox
13 39 0.027925630 ubox
13 52 0.004267285 ubox
13 91 0.006621589 ubox
13 97 0.003658458 ubox
13 105 0.037741024 ubox
13 106 0.025319918 ubox
13 169 0.003361067 ubox
13 515 0.023170413 ubox
13 518 0.058665230 ubox
13 520 0.956509880 ubox
13 522 0.004006196 ubox
13 577 0.098379333 ubox
13 581 0.054059786 ubox
14 29 0.017742409 ubox
14 34 0.026055716 ubox
14 38 0.027930458 ubox
14 90 0.006646028 ubox
14 96 0.003719251 ubox
14 104 0.038284762 ubox
14 105 0.025676216 ubox
14 168 0.003362649 ubox
14 511 0.006339533 ubox
14 517 0.064329683 ubox
14 576 0.098374075 ubox
14 580 0.054778073 ubox
14 635 0.003697266 ubox
15 28 0.015055205 ubox
15 33 0.025744833 ubox
15 510 0.006129110 ubox
15 512 0.080342754 ubox
15 575 0.092205321 ubox
15 579 0.054553690 ubox
15 634 0.003394922 ubox
16 29 0.225699103 ubox
16 37 0.026919547 ubox
16 54 0.005726960 ubox
16 63 0.006285877 ubox
16 96 0.003192664 ubox
16 511 0.081431607 ubox
16 517 0.954606952 ubox
17 25 0.008254238 ubox
17 28 0.226476760 ubox
17 35 0.007867122 ubox
17 36 0.026719967 ubox
17 40 0.004713909 ubox
17 53 0.005742562 ubox
17 62 0.006302956 ubox
17 95 0.003197590 ubox
17 100 0.005805467 ubox
17 166 0.003855001 ubox
17 465 0.026945359 ubox
17 510 0.080504628 ubox
17 516 0.956404251 ubox
17 519 0.081512928 ubox
17 578 0.054135186 ubox
18 24 0.011527217 ubox
18 27 0.227106108 ubox
18 30 0.010381849 ubox
18 34 0.008351534 ubox
18 39 0.004730542 ubox
18 52 0.005644229 ubox
18 61 0.006278479 ubox
18 99 0.005714485 ubox
18 165 0.004211093 ubox
18 463 0.011564627 ubox
18 464 0.027227300 ubox
18 509 0.072261388 ubox
18 511 0.004232178 ubox
18 515 0.891222736 ubox
18 518 0.081114761 ubox
18 577 0.053829193 ubox
19 23 0.018832836 ubox
19 26 0.225553370 ubox
19 29 0.010859963 ubox
19 34 0.023430405 ubox
19 38 0.004712261 ubox
19 50 0.003989625 ubox
19 98 0.005086809 ubox
19 164 0.004268347 ubox
19 462 0.013489718 ubox
19 463 0.026407197 ubox
19 509 0.232706697 ubox
19 511 0.029008112 ubox
19 517 0.077936027 ubox
19 576 0.053498661 ubox
20 25 0.206522199 ubox
20 28 0.010594215 ubox
20 33 0.023670609 ubox
20 49 0.004000945 ubox
20 163 0.004251436 ubox
20 506 0.009049575 ubox
20 507 0.060482522 ubox
20 508 0.235789386 ubox
20 510 0.028338615 ubox
20 513 0.391154007 ubox
20 575 0.051030971 ubox
21 32 0.022444622 ubox
21 33 0.004533332 ubox
21 48 0.003932540 ubox
21 162 0.004033693 ubox
21 505 0.009465234 ubox
21 506 0.065859670 ubox
21 507 0.235600154 ubox
21 508 0.013887138 ubox
21 512 0.353413309 ubox
21 513 0.065961897 ubox
22 32 0.004412129 ubox
22 33 0.005843012 ubox
22 47 0.003669960 ubox
22 49 0.004343345 ubox
22 469 0.004946678 ubox
22 504 0.009207539 ubox
22 505 0.065859002 ubox
22 506 0.234230506 ubox
22 507 0.015568186 ubox
22 508 0.014970407 ubox
22 512 0.063504235 ubox
22 513 0.067746384 ubox
23 32 0.006028908 ubox
23 33 0.011930476 ubox
23 48 0.004609913 ubox
23 468 0.005250498 ubox
23 504 0.063113856 ubox
23 505 0.226525559 ubox
23 506 0.014893836 ubox
23 507 0.014019114 ubox
23 508 0.008551058 ubox
23 512 0.060803131 ubox
23 513 0.035523801 ubox
24 32 0.012647725 ubox
24 47 0.004665988 ubox
24 460 0.893625792 ubox
24 504 0.172309635 ubox
24 505 0.008123164 ubox
24 506 0.007177854 ubox
24 507 0.004182146 ubox
24 510 0.105921788 ubox
24 512 0.036484328 ubox
25 31 0.012714819 ubox
25 34 0.007241485 ubox
25 46 0.004663272 ubox
25 441 0.010627132 ubox
25 459 0.952498684 ubox
25 503 0.100988130 ubox
25 509 0.105971133 ubox
25 511 0.036312419 ubox
26 33 0.007378754 ubox
26 45 0.004248187 ubox
26 440 0.010750242 ubox
26 458 0.956367667 ubox
26 507 0.006797308 ubox
26 508 0.104674612 ubox
26 510 0.032422622 ubox
27 32 0.006113664 ubox
27 58 0.005021641 ubox
27 156 0.007177026 ubox
27 439 0.010786483 ubox
27 457 0.957285260 ubox
27 460 0.004562226 ubox
27 491 0.005406049 ubox
27 506 0.005742669 ubox
27 507 0.080174205 ubox
27 510 0.019637539 ubox
28 37 0.013191160 ubox
28 41 0.004357452 ubox
28 50 0.006955137 ubox
28 57 0.005369104 ubox
28 60 0.109592995 ubox
28 102 0.004618003 ubox
28 155 0.007583236 ubox
28 438 0.010734883 ubox
28 456 0.957584175 ubox
28 459 0.004830861 ubox
28 462 0.004019457 ubox
28 481 0.009658338 ubox
28 486 0.005930403 ubox
28 490 0.006792199 ubox
28 499 0.069490767 ubox
28 501 0.034745948 ubox
28 509 0.024476469 ubox
28 515 0.016550756 ubox
29 36 0.018116195 ubox
29 40 0.004449183 ubox
29 49 0.007217447 ubox
29 59 0.112119302 ubox
29 101 0.004995096 ubox
29 154 0.006660541 ubox
29 455 0.957714600 ubox
29 458 0.004842273 ubox
29 461 0.004161597 ubox
29 480 0.009998725 ubox
29 485 0.006190980 ubox
29 489 0.009092340 ubox
29 498 0.071698788 ubox
29 500 0.035106713 ubox
29 505 0.028079867 ubox
29 506 0.034765057 ubox
29 507 0.004414718 ubox
29 508 0.024452206 ubox
29 514 0.024020681 ubox
30 48 0.007351698 ubox
30 58 0.108195674 ubox
30 153 0.004750229 ubox
30 154 0.026212057 ubox
30 436 0.010712652 ubox
30 454 0.679888137 ubox
30 457 0.004660440 ubox
30 460 0.004152524 ubox
30 479 0.009876171 ubox
30 497 0.070997012 ubox
30 504 0.027776820 ubox
30 505 0.035993912 ubox
30 506 0.004836258 ubox
30 507 0.023578303 ubox
30 513 0.023998326 ubox
31 45 0.004425033 ubox
31 47 0.007344384 ubox
31 58 0.027737362 ubox
31 83 0.013097783 ubox
31 153 0.028828118 ubox
31 185 0.003346722 ubox
31 435 0.010680666 ubox
31 454 0.673599359 ubox
31 504 0.035169059 ubox
31 505 0.004087918 ubox
31 506 0.018364640 ubox
31 512 0.023488309 ubox
32 39 0.005971376 ubox
32 42 0.033289919 ubox
32 43 0.008556581 ubox
32 44 0.005300314 ubox
32 46 0.007055643 ubox
32 55 0.116701649 ubox
32 56 0.049552550 ubox
32 57 0.036028045 ubox
32 64 0.072987805 ubox
32 65 0.003902726 ubox
32 81 0.004060553 ubox
32 82 0.013936933 ubox
32 97 0.118502251 ubox
32 98 0.003471037 ubox
32 110 0.004942039 ubox
32 152 0.029488232 ubox
32 184 0.003527567 ubox
32 434 0.010417915 ubox
32 453 0.952661089 ubox
32 482 0.020799170 ubox
32 487 0.043852442 ubox
32 502 0.023731977 ubox
32 503 0.033387357 ubox
32 511 0.019123467 ubox
32 518 0.038604002 ubox
33 38 0.006039050 ubox
33 41 0.035035173 ubox
33 42 0.008952900 ubox
33 43 0.005336414 ubox
33 52 0.040485347 ubox
33 54 0.120880990 ubox
33 55 0.044932369 ubox
33 56 0.035489547 ubox
33 60 0.003614003 ubox
33 63 0.074331120 ubox
33 64 0.003178349 ubox
33 80 0.004263296 ubox
33 81 0.013969842 ubox
33 96 0.120632809 ubox
33 97 0.003193721 ubox
33 109 0.005095465 ubox
33 151 0.029544924 ubox
33 433 0.008803932 ubox
33 452 0.956988898 ubox
33 481 0.023001471 ubox
33 486 0.045384307 ubox
33 499 0.008272323 ubox
33 501 0.025838473 ubox
33 502 0.031233366 ubox
33 509 0.003201236 ubox
33 517 0.039403069 ubox
33 520 0.005718682 ubox
34 40 0.035221194 ubox
34 51 0.043581661 ubox
34 53 0.123495465 ubox
34 59 0.003775680 ubox
34 62 0.075068041 ubox
34 79 0.003751983 ubox
34 95 0.121748206 ubox
34 108 0.005114734 ubox
34 150 0.029557254 ubox
34 191 0.005850686 ubox
34 431 0.010353021 ubox
34 439 0.005129529 ubox
34 448 0.003169329 ubox
34 451 0.957830352 ubox
34 475 0.012150223 ubox
34 480 0.023533656 ubox
34 485 0.045671444 ubox
34 489 0.003573383 ubox
34 495 0.071493792 ubox
34 498 0.009598158 ubox
34 500 0.026762814 ubox
34 508 0.003272789 ubox
34 516 0.039775078 ubox
34 519 0.007415568 ubox
34 523 0.003276211 ubox
35 61 0.075049404 ubox
35 94 0.121012399 ubox
35 105 0.004840434 ubox
35 107 0.005099865 ubox
35 149 0.029463897 ubox
35 190 0.005868274 ubox
35 430 0.010413928 ubox
35 438 0.005580394 ubox
35 447 0.003169353 ubox
35 450 0.957833277 ubox
35 474 0.012809834 ubox
35 484 0.045672303 ubox
35 488 0.003565205 ubox
35 494 0.050884879 ubox
36 46 0.004145701 ubox
36 54 0.051404874 ubox
36 63 0.004321086 ubox
36 94 0.012775517 ubox
36 96 0.003241059 ubox
36 104 0.004851041 ubox
36 147 0.021013494 ubox
36 182 0.018995332 ubox
36 189 0.005862573 ubox
36 429 0.010401952 ubox
36 437 0.005551083 ubox
36 449 0.957797713 ubox
36 473 0.012792305 ubox
36 483 0.045628900 ubox
36 494 0.055186908 ubox
36 517 0.008647281 ubox
37 45 0.004150912 ubox
37 48 0.004643876 ubox
37 49 0.203058470 ubox
37 53 0.050848616 ubox
37 59 0.039742897 ubox
37 62 0.004322023 ubox
37 78 0.048209173 ubox
37 79 0.011559109 ubox
37 93 0.017521218 ubox
37 95 0.003230909 ubox
37 101 0.005140090 ubox
37 131 0.003286356 ubox
37 146 0.009165538 ubox
37 177 0.003223842 ubox
37 181 0.019371717 ubox
37 187 0.005886312 ubox
37 436 0.003896924 ubox
37 448 0.951069601 ubox
37 477 0.036521238 ubox
37 478 0.006013024 ubox
37 493 0.074633294 ubox
37 496 0.005138112 ubox
37 497 0.003604063 ubox
37 498 0.008742689 ubox
37 514 0.054524336 ubox
37 516 0.008122135 ubox
38 47 0.009670938 ubox
38 48 0.740734324 ubox
38 49 0.031225790 ubox
38 58 0.028262565 ubox
38 59 0.086975041 ubox
38 77 0.067322013 ubox
38 78 0.045410169 ubox
38 92 0.016563023 ubox
38 93 0.006113687 ubox
38 100 0.006042420 ubox
38 130 0.003394550 ubox
38 176 0.003575554 ubox
38 180 0.019383160 ubox
38 186 0.005906001 ubox
38 476 0.037384491 ubox
38 480 0.003792359 ubox
38 492 0.075005058 ubox
38 495 0.005132733 ubox
38 496 0.003579488 ubox
38 497 0.006020841 ubox
38 498 0.014094894 ubox
38 513 0.054800277 ubox
38 514 0.006874773 ubox
39 47 0.761057679 ubox
39 48 0.025329269 ubox
39 58 0.085237068 ubox
39 92 0.006444275 ubox
39 129 0.003277186 ubox
39 148 0.014985253 ubox
39 175 0.003435972 ubox
39 179 0.019099643 ubox
39 185 0.005673173 ubox
39 475 0.037387985 ubox
39 479 0.003632863 ubox
39 491 0.075011015 ubox
39 497 0.013314695 ubox
39 512 0.055039740 ubox
39 513 0.005004739 ubox
40 46 0.765206359 ubox
40 76 0.104165994 ubox
40 94 0.010841353 ubox
40 147 0.016194834 ubox
40 149 0.022580063 ubox
40 157 0.005202847 ubox
40 164 0.010941684 ubox
40 474 0.037363595 ubox
40 490 0.074899006 ubox
40 494 0.005665880 ubox
40 511 0.055241244 ubox
41 45 0.640669891 ubox
41 48 0.010127775 ubox
41 49 0.018523534 ubox
41 75 0.100721472 ubox
41 93 0.010780043 ubox
41 148 0.021929903 ubox
41 156 0.005108706 ubox
41 163 0.010360718 ubox
41 175 0.004585717 ubox
41 493 0.005411175 ubox
41 510 0.053474147 ubox
42 47 0.009672424 ubox
42 48 0.019861786 ubox
42 49 0.012024058 ubox
42 74 0.096827298 ubox
42 75 0.036366125 ubox
42 92 0.010097428 ubox
42 162 0.008193351 ubox
42 174 0.006470966 ubox
42 175 0.004022015 ubox
42 508 0.008718102 ubox
43 47 0.017165236 ubox
43 48 0.011135442 ubox
43 49 0.007264429 ubox
43 73 0.090290220 ubox
43 74 0.045997396 ubox
43 93 0.007971786 ubox
43 154 0.003869698 ubox
43 163 0.016821708 ubox
43 174 0.004078434 ubox
43 175 0.066338406 ubox
43 507 0.008096912 ubox
43 508 0.012323348 ubox
44 48 0.006658341 ubox
44 58 0.019350673 ubox
44 73 0.053450233 ubox
44 92 0.009543451 ubox
44 153 0.003930113 ubox
44 156 0.003784152 ubox
44 162 0.018881748 ubox
44 174 0.082533277 ubox
44 491 0.005010983 ubox
44 506 0.006552894 ubox
44 507 0.008801849 ubox
45 52 0.098522559 ubox
45 54 0.113407024 ubox
45 57 0.020355449 ubox
45 60 0.149596440 ubox
45 63 0.013008935 ubox
45 72 0.059753447 ubox
45 84 0.536692260 ubox
45 91 0.010730861 ubox
45 102 0.010941236 ubox
45 109 0.010325319 ubox
45 151 0.003369258 ubox
45 152 0.003466649 ubox
45 155 0.004042746 ubox
45 161 0.019519280 ubox
45 167 0.003883632 ubox
45 171 0.076678684 ubox
45 173 0.086169207 ubox
45 486 0.004439465 ubox
45 490 0.005199835 ubox
45 517 0.006188361 ubox
46 51 0.101496340 ubox
46 53 0.127896865 ubox
46 58 0.084479968 ubox
46 59 0.152190345 ubox
46 62 0.014719326 ubox
46 70 0.094135287 ubox
46 71 0.049178755 ubox
46 83 0.553246440 ubox
46 92 0.003540133 ubox
46 100 0.033305468 ubox
46 101 0.009908804 ubox
46 108 0.010690770 ubox
46 150 0.003632725 ubox
46 154 0.003984681 ubox
46 162 0.005168627 ubox
46 166 0.003939425 ubox
46 170 0.079499465 ubox
46 172 0.086426584 ubox
46 485 0.004537352 ubox
46 489 0.007006402 ubox
46 516 0.007153023 ubox
47 52 0.113151464 ubox
47 55 0.017751446 ubox
47 56 0.061280923 ubox
47 57 0.120367390 ubox
47 61 0.014618584 ubox
47 66 0.003278173 ubox
47 67 0.006626429 ubox
47 68 0.008221339 ubox
47 69 0.100032320 ubox
47 82 0.555500295 ubox
47 89 0.011089788 ubox
47 91 0.005652328 ubox
47 99 0.033838165 ubox
47 107 0.010687719 ubox
47 149 0.003254081 ubox
47 159 0.019705529 ubox
47 161 0.005754447 ubox
47 165 0.003865068 ubox
47 169 0.080382562 ubox
47 171 0.083301896 ubox
47 484 0.004516338 ubox
47 488 0.006713023 ubox
47 515 0.007110958 ubox
48 54 0.017958328 ubox
48 55 0.067749391 ubox
48 56 0.122986374 ubox
48 57 0.114086728 ubox
48 60 0.012688424 ubox
48 65 0.003574363 ubox
48 66 0.007219918 ubox
48 67 0.009147178 ubox
48 68 0.099065394 ubox
48 69 0.008912039 ubox
48 80 0.003363273 ubox
48 81 0.555996733 ubox
48 88 0.011143101 ubox
48 90 0.005812819 ubox
48 98 0.033748727 ubox
48 99 0.007638089 ubox
48 106 0.010639924 ubox
48 152 0.005096923 ubox
48 158 0.019715159 ubox
48 160 0.005822835 ubox
48 168 0.081113449 ubox
48 169 0.017673335 ubox
48 483 0.004375531 ubox
48 487 0.005969606 ubox
49 54 0.068056467 ubox
49 55 0.122409350 ubox
49 56 0.117561459 ubox
49 60 0.008413043 ubox
49 64 0.003895048 ubox
49 65 0.007886251 ubox
49 66 0.009416036 ubox
49 67 0.094853002 ubox
49 68 0.008925193 ubox
49 80 0.557111467 ubox
49 81 0.004370877 ubox
49 84 0.003888538 ubox
49 87 0.011112586 ubox
49 89 0.005752926 ubox
49 97 0.032977172 ubox
49 98 0.008880097 ubox
49 105 0.010493095 ubox
49 149 0.045633648 ubox
49 151 0.008405501 ubox
49 157 0.019626214 ubox
49 159 0.005826505 ubox
49 167 0.080991082 ubox
49 168 0.017448334 ubox
49 171 0.005420826 ubox
49 482 0.003625381 ubox
49 486 0.005144630 ubox
50 79 0.553770705 ubox
50 83 0.003842037 ubox
50 148 0.048765856 ubox
50 156 0.018926614 ubox
50 166 0.079353382 ubox
50 170 0.005824224 ubox
50 512 0.010549709 ubox
51 76 0.018897426 ubox
51 94 0.004653925 ubox
51 147 0.049562370 ubox
51 149 0.323240931 ubox
51 157 0.014334415 ubox
51 164 0.040899587 ubox
51 511 0.011111068 ubox
52 75 0.016675965 ubox
52 93 0.004277380 ubox
52 148 0.323360157 ubox
52 156 0.014108414 ubox
52 163 0.038006297 ubox
52 439 0.003569287 ubox
52 510 0.010828389 ubox
53 63 0.184517454 ubox
53 76 0.572615819 ubox
53 94 0.006331557 ubox
53 96 0.222187469 ubox
53 145 0.040554273 ubox
53 147 0.323090970 ubox
53 149 0.007567574 ubox
53 157 0.007222751 ubox
53 164 0.042705119 ubox
53 438 0.003828449 ubox
53 517 0.004055892 ubox
53 522 0.005457573 ubox
54 62 0.184746320 ubox
54 74 0.006930945 ubox
54 75 0.553140713 ubox
54 93 0.005766942 ubox
54 95 0.222020731 ubox
54 144 0.040597426 ubox
54 146 0.162131969 ubox
54 148 0.005055402 ubox
54 154 0.011801454 ubox
54 156 0.006973034 ubox
54 163 0.041779807 ubox
54 478 0.003659547 ubox
54 507 0.011033209 ubox
54 508 0.006102790 ubox
54 514 0.003302391 ubox
54 516 0.004045109 ubox
54 521 0.005460765 ubox
55 73 0.007672042 ubox
55 74 0.538956811 ubox
55 75 0.200460537 ubox
55 92 0.005245707 ubox
55 93 0.006994127 ubox
55 143 0.040414638 ubox
55 153 0.011735875 ubox
55 162 0.040536325 ubox
55 163 0.007492408 ubox
55 477 0.003625855 ubox
55 506 0.011598691 ubox
55 507 0.005916284 ubox
55 513 0.003283512 ubox
56 73 0.503146701 ubox
56 74 0.237175047 ubox
56 75 0.036229034 ubox
56 92 0.005206049 ubox
56 93 0.177944761 ubox
56 142 0.036499551 ubox
56 154 0.007078677 ubox
56 162 0.006991036 ubox
56 163 0.078596226 ubox
56 440 0.006505577 ubox
56 505 0.011809040 ubox
56 506 0.005491082 ubox
57 73 0.265865049 ubox
57 74 0.038817373 ubox
57 83 0.011936928 ubox
57 92 0.223243950 ubox
57 148 0.008692665 ubox
57 153 0.007302714 ubox
57 162 0.082231382 ubox
57 166 0.039483903 ubox
57 170 0.057131490 ubox
57 435 0.003860470 ubox
57 439 0.006989114 ubox
57 475 0.003741856 ubox
57 504 0.011937713 ubox
57 505 0.004498380 ubox
58 64 0.029719149 ubox
58 72 0.280099449 ubox
58 82 0.012211016 ubox
58 87 0.017728947 ubox
58 91 0.224056866 ubox
58 97 0.016735775 ubox
58 105 0.015792553 ubox
58 106 0.159330624 ubox
58 147 0.008505318 ubox
58 152 0.006788737 ubox
58 158 0.054225705 ubox
58 161 0.082910051 ubox
58 165 0.041796905 ubox
58 169 0.060095851 ubox
58 434 0.004319887 ubox
58 438 0.007020322 ubox
58 443 0.006543599 ubox
58 474 0.003776166 ubox
58 503 0.012053633 ubox
58 581 0.003165867 ubox
59 63 0.030062944 ubox
59 76 0.027411150 ubox
59 86 0.017987186 ubox
59 90 0.223868991 ubox
59 94 0.003319997 ubox
59 96 0.016965182 ubox
59 104 0.017003123 ubox
59 105 0.160840214 ubox
59 149 0.218193658 ubox
59 157 0.054984603 ubox
59 160 0.082870417 ubox
59 164 0.041807524 ubox
59 168 0.060125662 ubox
59 433 0.004340154 ubox
59 437 0.007028615 ubox
59 442 0.006604412 ubox
59 473 0.003764144 ubox
59 502 0.012042920 ubox
59 511 0.003643089 ubox
59 580 0.003196675 ubox
60 75 0.027277336 ubox
60 79 0.064658362 ubox
60 93 0.003188305 ubox
60 135 0.018624533 ubox
60 142 0.018248253 ubox
60 148 0.212669485 ubox
60 156 0.053807886 ubox
60 163 0.038812385 ubox
60 432 0.004329710 ubox
60 436 0.006881072 ubox
60 440 0.007164120 ubox
60 510 0.003572158 ubox
60 579 0.003191613 ubox
61 70 0.790873461 ubox
61 77 0.449041680 ubox
61 78 0.048193718 ubox
61 95 0.019699200 ubox
61 108 0.008502374 ubox
61 134 0.019361756 ubox
61 141 0.019318806 ubox
61 146 0.296666122 ubox
61 162 0.012381728 ubox
61 431 0.004317755 ubox
61 435 0.005518297 ubox
61 439 0.007982223 ubox
61 523 0.027897213 ubox
62 69 0.791455182 ubox
62 76 0.451902269 ubox
62 94 0.019708974 ubox
62 107 0.008606864 ubox
62 133 0.019339988 ubox
62 145 0.302093850 ubox
62 157 0.031746091 ubox
62 430 0.004305876 ubox
62 434 0.005318119 ubox
62 438 0.008046601 ubox
62 522 0.027942503 ubox
63 74 0.009845133 ubox
63 75 0.449846724 ubox
63 93 0.019523111 ubox
63 144 0.302114406 ubox
63 156 0.028750332 ubox
63 521 0.027872276 ubox
64 73 0.013876280 ubox
64 74 0.448322098 ubox
64 75 0.037077974 ubox
64 92 0.018065997 ubox
64 143 0.301959036 ubox
64 153 0.003228545 ubox
64 154 0.008726941 ubox
64 436 0.008008581 ubox
65 73 0.433962330 ubox
65 74 0.046827245 ubox
65 75 0.005934034 ubox
65 137 0.005788843 ubox
65 142 0.299380173 ubox
65 143 0.004134920 ubox
65 153 0.008358779 ubox
65 154 0.012720263 ubox
65 435 0.007982275 ubox
66 73 0.051645666 ubox
66 74 0.007680032 ubox
66 75 0.011064146 ubox
66 136 0.006316700 ubox
66 137 0.300078637 ubox
66 142 0.004224196 ubox
66 153 0.012365714 ubox
67 73 0.009712824 ubox
67 74 0.013419059 ubox
67 135 0.004542541 ubox
67 136 0.302552014 ubox
67 137 0.003873530 ubox
68 73 0.017237264 ubox
68 79 0.007915655 ubox
68 135 0.302948857 ubox
68 432 0.008283059 ubox
68 440 0.004663329 ubox
69 77 0.043546110 ubox
69 78 0.007253178 ubox
69 95 0.247813949 ubox
69 108 0.005299686 ubox
69 134 0.303087041 ubox
69 431 0.008356402 ubox
69 439 0.005331925 ubox
69 448 0.007878820 ubox
69 489 0.007448838 ubox
70 76 0.043748678 ubox
70 94 0.247896945 ubox
70 105 0.018331801 ubox
70 107 0.005400731 ubox
70 133 0.302794752 ubox
70 430 0.008356503 ubox
70 438 0.005400922 ubox
70 447 0.008512277 ubox
70 488 0.007439926 ubox
71 94 0.078808589 ubox
71 104 0.019228335 ubox
71 149 0.011028855 ubox
71 157 0.012994011 ubox
71 429 0.008350148 ubox
71 437 0.005406247 ubox
71 446 0.008528325 ubox
72 83 0.095065621 ubox
72 92 0.301252776 ubox
72 93 0.062012950 ubox
72 148 0.010912003 ubox
72 156 0.012946416 ubox
72 170 0.010336085 ubox
72 436 0.004798472 ubox
73 81 0.022275777 ubox
73 82 0.102706069 ubox
73 85 0.015522857 ubox
73 86 0.091341120 ubox
73 87 0.067140160 ubox
73 88 0.044003488 ubox
73 89 0.063725796 ubox
73 90 0.046962748 ubox
73 91 0.369027176 ubox
73 97 0.008800194 ubox
73 98 0.432607801 ubox
73 99 0.024819927 ubox
73 103 0.003976694 ubox
73 104 0.030190708 ubox
73 106 0.005159264 ubox
73 110 0.003199996 ubox
73 111 0.024586727 ubox
73 147 0.009483677 ubox
73 155 0.011881339 ubox
73 169 0.011153502 ubox
73 487 0.003340654 ubox
73 488 0.086720055 ubox
74 80 0.022999943 ubox
74 81 0.102139124 ubox
74 82 0.025462832 ubox
74 84 0.015473863 ubox
74 85 0.099534053 ubox
74 86 0.068155735 ubox
74 87 0.045982560 ubox
74 88 0.065514357 ubox
74 89 0.052415462 ubox
74 90 0.371382791 ubox
74 91 0.041364488 ubox
74 96 0.006333063 ubox
74 97 0.456830739 ubox
74 98 0.022310579 ubox
74 103 0.033563603 ubox
74 105 0.004995237 ubox
74 110 0.048400836 ubox
74 152 0.016309935 ubox
74 168 0.011151254 ubox
74 487 0.097467297 ubox
75 80 0.091325289 ubox
75 81 0.028871398 ubox
75 84 0.100898189 ubox
75 85 0.067734371 ubox
75 86 0.045535819 ubox
75 87 0.064449321 ubox
75 88 0.053058167 ubox
75 89 0.371353901 ubox
75 90 0.042194421 ubox
75 96 0.458338815 ubox
75 97 0.017632066 ubox
75 102 0.034169388 ubox
75 104 0.004765012 ubox
75 106 0.006579860 ubox
75 109 0.051262819 ubox
75 132 0.004333108 ubox
75 151 0.018806415 ubox
75 167 0.010899327 ubox
75 171 0.004947295 ubox
75 173 0.004745137 ubox
75 486 0.099268869 ubox
76 83 0.092692742 ubox
76 95 0.459616303 ubox
76 101 0.034206685 ubox
76 108 0.051719231 ubox
76 131 0.004351156 ubox
76 150 0.019116169 ubox
76 166 0.010447421 ubox
76 170 0.005196847 ubox
76 172 0.005367816 ubox
76 191 0.008723804 ubox
76 431 0.003806793 ubox
76 448 0.029216785 ubox
76 475 0.003495522 ubox
76 485 0.099606299 ubox
76 541 0.005897833 ubox
77 94 0.459077201 ubox
77 105 0.104046880 ubox
77 107 0.051456291 ubox
77 147 0.003175727 ubox
77 149 0.019129949 ubox
77 190 0.009563368 ubox
77 430 0.003812522 ubox
77 445 0.010297088 ubox
77 446 0.010173129 ubox
77 447 0.035809704 ubox
77 474 0.003955697 ubox
77 484 0.099607196 ubox
77 538 0.003299698 ubox
77 540 0.006468179 ubox
78 86 0.468889867 ubox
78 90 0.221793965 ubox
78 104 0.104323795 ubox
78 105 0.049380645 ubox
78 107 0.005041542 ubox
78 160 0.011876792 ubox
78 168 0.031428250 ubox
78 189 0.009565569 ubox
78 429 0.003806739 ubox
78 444 0.010309764 ubox
78 445 0.010165403 ubox
78 446 0.035718658 ubox
78 473 0.003965846 ubox
78 483 0.099592694 ubox
78 537 0.003306643 ubox
78 539 0.006474066 ubox
79 85 0.460458442 ubox
79 89 0.217827358 ubox
79 94 0.008163751 ubox
79 103 0.101145613 ubox
79 104 0.048526747 ubox
79 106 0.006043731 ubox
79 159 0.011767645 ubox
79 167 0.031300437 ubox
79 188 0.009075791 ubox
79 443 0.009847677 ubox
79 444 0.009298677 ubox
79 445 0.030916799 ubox
79 472 0.003665823 ubox
79 482 0.091825998 ubox
79 536 0.003271710 ubox
79 538 0.006405900 ubox
80 93 0.044219428 ubox
80 166 0.030585735 ubox
80 535 0.003186583 ubox
81 92 0.047803042 ubox
81 93 0.211284282 ubox
81 163 0.010063678 ubox
81 513 0.003896788 ubox
82 92 0.216996222 ubox
82 156 0.012492150 ubox
82 162 0.010973501 ubox
82 510 0.003213689 ubox
82 512 0.004201050 ubox
82 535 0.006063988 ubox
83 91 0.216753741 ubox
83 94 0.063725771 ubox
83 155 0.012590394 ubox
83 161 0.010937232 ubox
83 167 0.003506127 ubox
83 441 0.028376100 ubox
83 509 0.003555599 ubox
83 511 0.004232276 ubox
83 534 0.006062676 ubox
84 93 0.104879473 ubox
84 154 0.012497731 ubox
84 166 0.003470754 ubox
84 440 0.028147709 ubox
84 508 0.003564146 ubox
84 510 0.004112896 ubox
85 92 0.108171716 ubox
85 93 0.012431525 ubox
85 135 0.003325232 ubox
85 153 0.012252226 ubox
85 439 0.026937512 ubox
85 477 0.014864293 ubox
85 479 0.020062132 ubox
85 507 0.003540922 ubox
86 92 0.011441124 ubox
86 93 0.040634794 ubox
86 130 0.007377176 ubox
86 134 0.003420708 ubox
86 176 0.004487793 ubox
86 180 0.004763759 ubox
86 303 0.010163720 ubox
86 476 0.015258821 ubox
86 478 0.020510702 ubox
86 480 0.066355816 ubox
86 506 0.003501548 ubox
86 508 0.003716752 ubox
86 531 0.007302010 ubox
87 92 0.039392393 ubox
87 93 0.016872922 ubox
87 129 0.006466154 ubox
87 137 0.016136844 ubox
87 175 0.004672022 ubox
87 179 0.004762425 ubox
87 302 0.010167647 ubox
87 475 0.015042697 ubox
87 477 0.016248856 ubox
87 479 0.065729880 ubox
87 505 0.003452083 ubox
87 507 0.003760836 ubox
87 508 0.003418631 ubox
87 530 0.007192491 ubox
88 92 0.015413162 ubox
88 128 0.005191530 ubox
88 129 0.005708740 ubox
88 136 0.017366699 ubox
88 174 0.004532224 ubox
88 178 0.004573605 ubox
88 179 0.004203562 ubox
88 301 0.009939627 ubox
88 436 0.004213735 ubox
88 504 0.003179137 ubox
88 506 0.003742862 ubox
88 507 0.003623979 ubox
89 128 0.006958473 ubox
89 135 0.017568570 ubox
89 178 0.004570229 ubox
89 435 0.004123950 ubox
89 477 0.067315586 ubox
89 505 0.003697205 ubox
89 506 0.003669745 ubox
90 127 0.007842678 ubox
90 134 0.017603597 ubox
90 154 0.027370281 ubox
90 163 0.007111657 ubox
90 176 0.004919390 ubox
90 177 0.004650881 ubox
90 186 0.017475048 ubox
90 299 0.010246734 ubox
90 476 0.069991215 ubox
90 504 0.003547452 ubox
90 505 0.003692156 ubox
91 148 0.013271071 ubox
91 153 0.029810574 ubox
91 162 0.007328715 ubox
91 166 0.005383788 ubox
91 170 0.005918941 ubox
91 175 0.004876533 ubox
91 185 0.017491788 ubox
91 298 0.010258284 ubox
91 475 0.069951898 ubox
91 504 0.003696878 ubox
92 98 0.006737093 ubox
92 99 0.027468421 ubox
92 103 0.168039002 ubox
92 104 0.012958011 ubox
92 105 0.005925915 ubox
92 106 0.013477487 ubox
92 110 0.708299164 ubox
92 111 0.003373928 ubox
92 133 0.013526350 ubox
92 147 0.009746018 ubox
92 152 0.030628926 ubox
92 161 0.007347255 ubox
92 165 0.005605003 ubox
92 168 0.009579615 ubox
92 169 0.006017074 ubox
92 183 0.003647988 ubox
92 184 0.017200850 ubox
92 189 0.003658048 ubox
92 297 0.010230663 ubox
92 445 0.003524224 ubox
92 446 0.003886282 ubox
92 474 0.068972890 ubox
92 482 0.054979067 ubox
92 502 0.004186613 ubox
92 503 0.003310035 ubox
92 518 0.006938698 ubox
93 97 0.006371133 ubox
93 98 0.029500096 ubox
93 102 0.177397682 ubox
93 103 0.013674719 ubox
93 104 0.006024109 ubox
93 105 0.013533624 ubox
93 106 0.004322795 ubox
93 109 0.738939829 ubox
93 110 0.007454435 ubox
93 132 0.013666404 ubox
93 147 0.061767586 ubox
93 151 0.030786692 ubox
93 160 0.007322486 ubox
93 164 0.005453712 ubox
93 167 0.010772586 ubox
93 168 0.005716376 ubox
93 173 0.005036262 ubox
93 182 0.004814170 ubox
93 183 0.016852748 ubox
93 188 0.004151960 ubox
93 296 0.010116150 ubox
93 444 0.003820372 ubox
93 445 0.004025768 ubox
93 473 0.062719292 ubox
93 481 0.085317873 ubox
93 501 0.004671315 ubox
93 517 0.007159294 ubox
93 524 0.106490161 ubox
94 101 0.177661378 ubox
94 108 0.742854371 ubox
94 131 0.013615187 ubox
94 134 0.005906744 ubox
94 146 0.095743857 ubox
94 150 0.030706356 ubox
94 163 0.004046224 ubox
94 166 0.010891209 ubox
94 172 0.005231985 ubox
94 181 0.006169921 ubox
94 187 0.004226301 ubox
94 292 0.003294603 ubox
94 480 0.086123298 ubox
94 489 0.004164399 ubox
94 500 0.004882489 ubox
94 516 0.007290285 ubox
94 523 0.115208760 ubox
95 107 0.742946317 ubox
95 133 0.005933849 ubox
95 145 0.098851462 ubox
95 149 0.030667136 ubox
95 164 0.022532038 ubox
95 182 0.014275124 ubox
95 291 0.003297433 ubox
95 295 0.009645730 ubox
95 488 0.004163698 ubox
95 522 0.115244695 ubox
96 130 0.005328006 ubox
96 137 0.004660641 ubox
96 144 0.098884978 ubox
96 148 0.025193634 ubox
96 163 0.022551469 ubox
96 180 0.010302903 ubox
96 181 0.014067482 ubox
96 186 0.004182405 ubox
96 290 0.003274836 ubox
96 294 0.009651037 ubox
96 470 0.010548424 ubox
96 478 0.086635766 ubox
96 498 0.004660447 ubox
96 514 0.007980229 ubox
96 521 0.114954143 ubox
97 129 0.005016990 ubox
97 136 0.004937965 ubox
97 137 0.008697736 ubox
97 143 0.097965190 ubox
97 162 0.022172896 ubox
97 179 0.009935681 ubox
97 185 0.004123695 ubox
97 293 0.008697368 ubox
97 440 0.008423145 ubox
97 469 0.009839583 ubox
97 477 0.085783927 ubox
97 497 0.004097495 ubox
97 513 0.007779530 ubox
98 128 0.003361752 ubox
98 135 0.004749430 ubox
98 136 0.009905220 ubox
98 137 0.006415797 ubox
98 142 0.089549323 ubox
98 143 0.005928047 ubox
98 178 0.005261853 ubox
98 179 0.003908339 ubox
98 436 0.003236701 ubox
98 439 0.006579984 ubox
98 440 0.214482072 ubox
98 468 0.004324570 ubox
98 512 0.006551670 ubox
99 135 0.010124136 ubox
99 136 0.008021792 ubox
99 142 0.007808697 ubox
99 148 0.005404460 ubox
99 435 0.003824873 ubox
99 439 0.241216845 ubox
99 475 0.086069307 ubox
99 541 0.003819957 ubox
100 147 0.005935979 ubox
100 190 0.034113005 ubox
100 245 0.007480672 ubox
100 434 0.004108829 ubox
100 438 0.245103045 ubox
100 445 0.006352974 ubox
100 446 0.011182478 ubox
100 447 0.029643237 ubox
100 474 0.086996690 ubox
100 511 0.003163470 ubox
100 540 0.004081517 ubox
100 636 0.005388985 ubox
101 157 0.085297821 ubox
101 164 0.015624642 ubox
101 189 0.034102306 ubox
101 244 0.007496288 ubox
101 433 0.004103887 ubox
101 437 0.245102893 ubox
101 444 0.006344753 ubox
101 445 0.011141995 ubox
101 446 0.029479674 ubox
101 473 0.086815298 ubox
101 539 0.004073935 ubox
101 635 0.005415424 ubox
102 129 0.004552310 ubox
102 136 0.010056217 ubox
102 137 0.013065050 ubox
102 143 0.027227037 ubox
102 154 0.033900037 ubox
102 156 0.084430259 ubox
102 163 0.015600557 ubox
102 179 0.112291161 ubox
102 243 0.007481808 ubox
102 436 0.244138298 ubox
102 634 0.005310993 ubox
103 128 0.005651222 ubox
103 129 0.005559133 ubox
103 135 0.010560136 ubox
103 136 0.013500344 ubox
103 137 0.007869186 ubox
103 142 0.038784741 ubox
103 153 0.039709302 ubox
103 154 0.080635244 ubox
103 162 0.015189251 ubox
103 178 0.129805248 ubox
103 242 0.006429370 ubox
103 435 0.237554474 ubox
103 436 0.003644124 ubox
103 633 0.004741435 ubox
104 127 0.005886880 ubox
104 128 0.006750625 ubox
104 130 0.212275693 ubox
104 131 0.227894550 ubox
104 134 0.007632007 ubox
104 135 0.008464983 ubox
104 136 0.005466583 ubox
104 137 0.083109899 ubox
104 140 0.008262304 ubox
104 141 0.041924555 ubox
104 144 0.003701901 ubox
104 153 0.093983508 ubox
104 154 0.049607077 ubox
104 176 0.003630306 ubox
104 177 0.134046335 ubox
104 180 0.018235084 ubox
104 181 0.039502479 ubox
104 187 0.037799590 ubox
104 239 0.010892732 ubox
104 435 0.004486875 ubox
104 470 0.004524870 ubox
104 479 0.004375699 ubox
104 632 0.004136169 ubox
105 127 0.006955288 ubox
105 129 0.213054305 ubox
105 130 0.228297243 ubox
105 134 0.008345442 ubox
105 136 0.089323064 ubox
105 139 0.008287160 ubox
105 140 0.041809005 ubox
105 143 0.003711578 ubox
105 153 0.050110604 ubox
105 154 0.025924990 ubox
105 175 0.003984170 ubox
105 176 0.134033724 ubox
105 179 0.018387105 ubox
105 180 0.039530993 ubox
105 186 0.037842837 ubox
105 238 0.010965727 ubox
105 469 0.004454863 ubox
105 478 0.004811879 ubox
105 514 0.014307670 ubox
105 631 0.003972035 ubox
106 128 0.222705233 ubox
106 129 0.218540509 ubox
106 135 0.090778464 ubox
106 142 0.003715696 ubox
106 153 0.025078202 ubox
106 154 0.003835476 ubox
106 174 0.006786777 ubox
106 175 0.131732745 ubox
106 178 0.019519459 ubox
106 179 0.038258977 ubox
106 185 0.037013323 ubox
106 237 0.011021069 ubox
106 432 0.009309783 ubox
106 468 0.004357313 ubox
106 477 0.004812205 ubox
106 513 0.014311060 ubox
107 125 0.014173813 ubox
107 127 0.231804533 ubox
107 128 0.191155669 ubox
107 134 0.090872847 ubox
107 141 0.003712966 ubox
107 148 0.015543736 ubox
107 150 0.544863517 ubox
107 174 0.074466883 ubox
107 177 0.020339614 ubox
107 178 0.019484795 ubox
107 236 0.010994957 ubox
107 431 0.009389929 ubox
107 467 0.003755984 ubox
107 476 0.004758472 ubox
107 512 0.014290294 ubox
108 124 0.014233581 ubox
108 133 0.090810852 ubox
108 147 0.016438085 ubox
108 149 0.574526127 ubox
108 235 0.010821140 ubox
108 430 0.009308814 ubox
108 511 0.014286450 ubox
109 123 0.014217848 ubox
109 129 0.039177227 ubox
109 136 0.038575545 ubox
109 148 0.561702056 ubox
109 510 0.013798417 ubox
110 122 0.014196075 ubox
110 128 0.035453108 ubox
110 129 0.018533438 ubox
110 135 0.040466468 ubox
111 121 0.014177939 ubox
111 125 0.330863290 ubox
111 127 0.016915655 ubox
111 134 0.040729998 ubox
111 146 0.928672204 ubox
112 124 0.331382926 ubox
112 133 0.040691845 ubox
112 145 0.941077464 ubox
113 123 0.331105175 ubox
113 130 0.023488834 ubox
113 143 0.035386203 ubox
113 144 0.940529506 ubox
114 122 0.331145361 ubox
114 123 0.011177159 ubox
114 129 0.023558683 ubox
114 142 0.216766759 ubox
114 143 0.915582746 ubox
115 121 0.330951247 ubox
115 122 0.013046258 ubox
115 128 0.023580283 ubox
115 131 0.030567836 ubox
115 141 0.304680494 ubox
115 142 0.890096072 ubox
116 121 0.017473680 ubox
116 127 0.023591655 ubox
116 130 0.030560686 ubox
116 131 0.017222248 ubox
116 140 0.305252859 ubox
116 141 0.890348492 ubox
117 129 0.030187795 ubox
117 130 0.017323371 ubox
117 139 0.305706704 ubox
117 140 0.889667431 ubox
118 128 0.029248671 ubox
118 129 0.017301494 ubox
118 135 0.003412579 ubox
118 136 0.013408913 ubox
119 138 0.732131453 ubox
120 137 0.713094854 ubox
121 133 0.029751618 ubox
121 588 0.046761221 ubox
122 132 0.023219668 ubox
122 133 0.115184696 ubox
122 587 0.046827677 ubox
123 132 0.121195746 ubox
123 586 0.046823883 ubox
124 131 0.122248272 ubox
124 134 0.931205248 ubox
124 585 0.046866317 ubox
125 133 0.931213249 ubox
125 584 0.046866545 ubox
126 439 0.005638874 ubox
126 541 0.005557141 ubox
126 583 0.046861642 ubox
126 602 0.003614322 ubox
127 133 0.017637000 ubox
127 168 0.004499526 ubox
127 438 0.006336425 ubox
127 540 0.006100885 ubox
127 582 0.046860864 ubox
127 601 0.003748391 ubox
128 132 0.019185203 ubox
128 167 0.004491926 ubox
128 437 0.006266791 ubox
128 539 0.006098348 ubox
128 581 0.045910222 ubox
128 599 0.004069725 ubox
129 538 0.006095846 ubox
129 580 0.042197470 ubox
129 581 0.005812697 ubox
129 598 0.004228843 ubox
130 434 0.009287223 ubox
130 537 0.006115420 ubox
130 543 0.019671144 ubox
130 580 0.006387797 ubox
130 597 0.004233946 ubox
131 149 0.009572072 ubox
131 164 0.004668851 ubox
131 433 0.009583346 ubox
131 536 0.006110566 ubox
131 542 0.019689296 ubox
131 576 0.036906117 ubox
131 580 0.017643010 ubox
131 596 0.004231815 ubox
132 142 0.006387275 ubox
132 148 0.009344383 ubox
132 163 0.004673433 ubox
132 432 0.009583853 ubox
132 535 0.005130488 ubox
132 541 0.019622573 ubox
132 575 0.036907090 ubox
132 579 0.019193620 ubox
133 141 0.008637544 ubox
133 146 0.015539575 ubox
133 162 0.004645689 ubox
133 431 0.009585537 ubox
133 535 0.003417897 ubox
133 544 0.003729902 ubox
133 574 0.036817278 ubox
133 578 0.019266086 ubox
133 594 0.004220755 ubox
134 145 0.015797567 ubox
134 160 0.004765424 ubox
134 168 0.008384705 ubox
134 430 0.009581994 ubox
134 534 0.006139415 ubox
134 539 0.019679966 ubox
134 540 0.005911269 ubox
134 543 0.005083393 ubox
134 593 0.004234067 ubox
135 159 0.004763775 ubox
135 167 0.008113646 ubox
135 429 0.009356325 ubox
135 533 0.006132949 ubox
135 538 0.018843797 ubox
135 539 0.005817945 ubox
135 542 0.004924765 ubox
135 577 0.004726755 ubox
135 592 0.004179269 ubox
136 158 0.004759541 ubox
136 165 0.008486379 ubox
136 428 0.008415044 ubox
136 532 0.005989387 ubox
136 537 0.018567083 ubox
136 543 0.006601473 ubox
136 576 0.004492619 ubox
136 591 0.003747102 ubox
137 149 0.003746981 ubox
137 157 0.004695389 ubox
137 164 0.008711099 ubox
137 536 0.018564382 ubox
137 542 0.010733035 ubox
138 148 0.004084571 ubox
138 156 0.004283437 ubox
138 163 0.008656355 ubox
138 535 0.018558116 ubox
138 541 0.032053695 ubox
139 147 0.004159659 ubox
139 425 0.009300331 ubox
139 446 0.006894085 ubox
139 447 0.082734505 ubox
139 534 0.018373737 ubox
139 537 0.003811832 ubox
139 538 0.022427332 ubox
139 539 0.009597552 ubox
139 540 0.034904224 ubox
139 590 0.006402208 ubox
140 424 0.009320925 ubox
140 445 0.006903890 ubox
140 446 0.082773768 ubox
140 536 0.003827175 ubox
140 537 0.022486470 ubox
140 538 0.009626490 ubox
140 539 0.034895248 ubox
140 589 0.006446178 ubox
140 590 0.004892638 ubox
141 160 0.010045363 ubox
141 423 0.009321004 ubox
141 444 0.006906787 ubox
141 445 0.082772713 ubox
141 536 0.022490170 ubox
141 537 0.009640542 ubox
141 538 0.034878057 ubox
141 588 0.006440700 ubox
141 589 0.004993416 ubox
142 159 0.010054927 ubox
142 422 0.009308882 ubox
142 443 0.006706813 ubox
142 444 0.082714514 ubox
142 534 0.022250900 ubox
142 536 0.007736934 ubox
142 537 0.032425349 ubox
142 587 0.005585711 ubox
142 588 0.004998811 ubox
143 158 0.010041136 ubox
143 169 0.003521187 ubox
143 421 0.009255859 ubox
143 442 0.006217265 ubox
143 443 0.082700466 ubox
143 533 0.033606687 ubox
143 536 0.006042715 ubox
143 537 0.004767959 ubox
143 586 0.004364612 ubox
143 587 0.005909326 ubox
144 157 0.009990113 ubox
144 168 0.003785421 ubox
144 420 0.008913619 ubox
144 442 0.082635341 ubox
144 532 0.034157754 ubox
144 536 0.006043273 ubox
144 586 0.006696813 ubox
145 156 0.007268641 ubox
145 191 0.008950293 ubox
145 439 0.006242996 ubox
145 523 0.032272716 ubox
145 531 0.034090776 ubox
145 535 0.005981231 ubox
145 585 0.006208001 ubox
146 157 0.025734678 ubox
146 190 0.009016024 ubox
146 419 0.005175196 ubox
146 438 0.006262343 ubox
146 517 0.008847737 ubox
146 522 0.032434791 ubox
146 534 0.005977947 ubox
147 153 0.003694147 ubox
147 156 0.027282826 ubox
147 166 0.194587995 ubox
147 170 0.018433094 ubox
147 172 0.224075853 ubox
147 174 0.109406760 ubox
147 418 0.005113747 ubox
147 439 0.009748307 ubox
147 516 0.013725924 ubox
147 521 0.032462894 ubox
147 523 0.004276560 ubox
147 525 0.038324957 ubox
147 527 0.004738568 ubox
147 529 0.033794467 ubox
148 152 0.003931544 ubox
148 155 0.027405274 ubox
148 161 0.003276708 ubox
148 165 0.204701022 ubox
148 167 0.289306654 ubox
148 169 0.018057785 ubox
148 171 0.223799731 ubox
148 173 0.121521843 ubox
148 188 0.009337916 ubox
148 228 0.003310025 ubox
148 417 0.004890717 ubox
148 515 0.013745333 ubox
148 520 0.032340146 ubox
148 522 0.004277680 ubox
148 524 0.038383195 ubox
148 526 0.004753042 ubox
148 528 0.033791676 ubox
148 532 0.003368143 ubox
149 154 0.022561175 ubox
149 166 0.294167697 ubox
149 170 0.219841016 ubox
149 172 0.122366683 ubox
149 187 0.009345504 ubox
149 227 0.003323777 ubox
149 439 0.010868824 ubox
149 514 0.013747327 ubox
149 519 0.032284122 ubox
149 521 0.004269525 ubox
149 523 0.038397379 ubox
149 525 0.004754041 ubox
149 527 0.033767724 ubox
149 531 0.003390503 ubox
150 157 0.031063059 ubox
150 164 0.808312261 ubox
150 226 0.003319826 ubox
150 437 0.013837900 ubox
150 438 0.009801830 ubox
150 522 0.037818112 ubox
151 156 0.027025484 ubox
151 163 0.815596695 ubox
151 175 0.008482320 ubox
151 436 0.013861036 ubox
151 513 0.012254847 ubox
152 162 0.817439106 ubox
152 166 0.237070329 ubox
152 170 0.081107192 ubox
152 174 0.012689379 ubox
152 185 0.173347903 ubox
152 435 0.013083640 ubox
152 512 0.012182873 ubox
153 159 0.014105152 ubox
153 160 0.022330986 ubox
153 161 0.817394115 ubox
153 165 0.249308098 ubox
153 168 0.353330332 ubox
153 169 0.075848937 ubox
153 173 0.013066393 ubox
153 183 0.025198919 ubox
153 184 0.183337388 ubox
153 434 0.009589055 ubox
153 511 0.008764728 ubox
153 518 0.031279905 ubox
154 158 0.012993748 ubox
154 159 0.025803504 ubox
154 160 0.807796251 ubox
154 164 0.249623507 ubox
154 167 0.386890604 ubox
154 168 0.061263901 ubox
154 171 0.037798833 ubox
154 182 0.025147172 ubox
154 183 0.183152073 ubox
154 433 0.008618571 ubox
154 511 0.012543758 ubox
154 517 0.031383889 ubox
155 162 0.058178945 ubox
155 163 0.244475867 ubox
155 166 0.393010864 ubox
155 170 0.039310853 ubox
155 174 0.094360973 ubox
155 185 0.007823776 ubox
155 432 0.005822870 ubox
155 510 0.015554604 ubox
156 161 0.073628953 ubox
156 164 0.017593696 ubox
156 165 0.393099406 ubox
156 167 0.014691567 ubox
156 169 0.039455290 ubox
156 171 0.003342018 ubox
156 173 0.106352551 ubox
156 182 0.021187033 ubox
156 184 0.008443995 ubox
156 188 0.009345590 ubox
156 214 0.003604824 ubox
156 471 0.020210418 ubox
156 481 0.009651521 ubox
156 509 0.015900401 ubox
156 515 0.036420757 ubox
157 163 0.030562658 ubox
157 166 0.014683808 ubox
157 172 0.107183561 ubox
157 175 0.004982656 ubox
157 176 0.013089149 ubox
157 179 0.020630909 ubox
157 180 0.224807511 ubox
157 181 0.016973352 ubox
157 187 0.009515037 ubox
157 213 0.003719787 ubox
157 470 0.021571030 ubox
157 480 0.009999365 ubox
157 508 0.015921338 ubox
157 514 0.036908363 ubox
158 162 0.029448294 ubox
158 174 0.005896950 ubox
158 175 0.013741267 ubox
158 178 0.021852250 ubox
158 179 0.226069300 ubox
158 212 0.003689280 ubox
158 469 0.021570276 ubox
158 479 0.009932891 ubox
158 507 0.015900009 ubox
158 513 0.036889930 ubox
159 174 0.013721073 ubox
159 178 0.225794716 ubox
159 468 0.021562387 ubox
159 477 0.010003057 ubox
159 506 0.015797601 ubox
159 512 0.036641743 ubox
160 175 0.013845485 ubox
160 176 0.136679821 ubox
160 177 0.189090175 ubox
160 180 0.020203662 ubox
160 186 0.037370411 ubox
160 467 0.021509963 ubox
160 476 0.010114961 ubox
160 505 0.015615650 ubox
161 170 0.128739842 ubox
161 174 0.016758424 ubox
161 175 0.181964483 ubox
161 179 0.020255264 ubox
161 185 0.038545248 ubox
161 439 0.003265366 ubox
161 475 0.010110247 ubox
161 504 0.015573879 ubox
161 510 0.032496643 ubox
162 168 0.007982688 ubox
162 169 0.132299871 ubox
162 173 0.013982136 ubox
162 183 0.035985399 ubox
162 184 0.036744206 ubox
162 438 0.003282180 ubox
162 463 0.021458503 ubox
162 474 0.010003856 ubox
162 482 0.009310868 ubox
162 502 0.003937574 ubox
162 503 0.014587058 ubox
162 509 0.030325902 ubox
163 167 0.006923372 ubox
163 168 0.129692749 ubox
163 171 0.008799013 ubox
163 173 0.199989669 ubox
163 182 0.038600712 ubox
163 183 0.031036161 ubox
163 437 0.003274186 ubox
163 462 0.021740134 ubox
163 473 0.009053087 ubox
163 481 0.011891730 ubox
163 501 0.005949796 ubox
163 502 0.012488536 ubox
163 509 0.004998203 ubox
164 170 0.008456363 ubox
164 172 0.202919131 ubox
164 175 0.102125255 ubox
164 176 0.048346478 ubox
164 180 0.055645695 ubox
164 181 0.040010823 ubox
164 436 0.003273698 ubox
164 461 0.021770779 ubox
164 480 0.014170472 ubox
164 500 0.006967454 ubox
164 507 0.005849681 ubox
164 508 0.006638129 ubox
165 174 0.130908999 ubox
165 175 0.048579407 ubox
165 178 0.003492562 ubox
165 179 0.061115367 ubox
165 435 0.003270622 ubox
165 460 0.021768347 ubox
165 479 0.014025817 ubox
165 506 0.005286412 ubox
165 507 0.005579012 ubox
166 173 0.134473747 ubox
166 433 0.004042459 ubox
166 459 0.021746598 ubox
167 175 0.009525075 ubox
167 178 0.059470578 ubox
167 432 0.004531301 ubox
167 458 0.020758954 ubox
167 477 0.014116853 ubox
167 479 0.003290348 ubox
168 174 0.013934761 ubox
168 175 0.035297245 ubox
168 176 0.134781747 ubox
168 177 0.061966491 ubox
168 179 0.007059242 ubox
168 180 0.014042317 ubox
168 186 0.004950841 ubox
168 431 0.004596243 ubox
168 455 0.014528027 ubox
168 457 0.014745990 ubox
168 476 0.014343338 ubox
168 478 0.003789674 ubox
168 514 0.007849138 ubox
169 174 0.036247119 ubox
169 175 0.136366656 ubox
169 178 0.007267561 ubox
169 179 0.014098800 ubox
169 185 0.004922643 ubox
169 454 0.014618673 ubox
169 457 0.003453313 ubox
169 475 0.014288762 ubox
169 477 0.003747004 ubox
169 513 0.007703626 ubox
170 184 0.004452405 ubox
170 453 0.014309125 ubox
170 456 0.003830640 ubox
170 474 0.009131410 ubox
171 454 0.010488946 ubox
171 475 0.003262485 ubox
171 512 0.008588541 ubox
172 428 0.018393612 ubox
172 453 0.010545873 ubox
172 474 0.003257953 ubox
172 511 0.008953104 ubox
173 185 0.056149058 ubox
173 427 0.018407699 ubox
173 510 0.008907159 ubox
174 183 0.003526890 ubox
174 184 0.062830750 ubox
174 426 0.018418977 ubox
174 444 0.030543356 ubox
174 445 0.005789087 ubox
174 446 0.039732933 ubox
174 447 0.691095422 ubox
174 509 0.008389280 ubox
175 182 0.003479133 ubox
175 183 0.063679090 ubox
175 425 0.018416300 ubox
175 443 0.032641130 ubox
175 444 0.005683166 ubox
175 445 0.038709925 ubox
175 446 0.743676349 ubox
175 447 0.472023975 ubox
176 182 0.063687425 ubox
176 190 0.009460851 ubox
176 424 0.018422047 ubox
176 438 0.007517806 ubox
176 442 0.032547612 ubox
176 444 0.039207973 ubox
176 445 0.759754642 ubox
176 446 0.558055699 ubox
176 447 0.065911886 ubox
176 450 0.004815797 ubox
176 474 0.014700393 ubox
177 189 0.009498580 ubox
177 190 0.003915050 ubox
177 195 0.004819547 ubox
177 423 0.018422200 ubox
177 437 0.007546075 ubox
177 442 0.044641274 ubox
177 444 0.759982512 ubox
177 445 0.559041997 ubox
177 446 0.064675975 ubox
177 447 0.011233819 ubox
177 449 0.004818647 ubox
177 473 0.014910519 ubox
178 188 0.009062521 ubox
178 189 0.003917554 ubox
178 194 0.004806481 ubox
178 422 0.018416093 ubox
178 441 0.045232348 ubox
178 442 0.020711267 ubox
178 443 0.758019645 ubox
178 444 0.558804106 ubox
178 445 0.062868463 ubox
178 446 0.010440095 ubox
178 447 0.016071769 ubox
178 472 0.014556010 ubox
179 188 0.003947144 ubox
179 421 0.018408047 ubox
179 441 0.026685197 ubox
179 442 0.750338955 ubox
179 443 0.559383554 ubox
179 444 0.060267734 ubox
179 445 0.009720578 ubox
179 446 0.018713184 ubox
179 447 0.003322204 ubox
179 471 0.012657506 ubox
180 190 0.067583569 ubox
180 420 0.018367315 ubox
180 434 0.007251973 ubox
180 438 0.784952393 ubox
180 442 0.552953697 ubox
180 444 0.009263946 ubox
180 445 0.020565919 ubox
180 446 0.004078119 ubox
181 189 0.067750467 ubox
181 419 0.018361861 ubox
181 433 0.007249707 ubox
181 437 0.788306223 ubox
181 444 0.020598193 ubox
181 445 0.004068712 ubox
182 213 0.003783492 ubox
182 418 0.016214953 ubox
182 436 0.758981295 ubox
182 440 0.447796170 ubox
183 212 0.003783978 ubox
183 435 0.700674917 ubox
183 436 0.188181869 ubox
183 439 0.449480644 ubox
183 440 0.264647424 ubox
184 435 0.234445919 ubox
184 439 0.266841264 ubox
185 196 0.004038866 ubox
185 416 0.010974942 ubox
185 434 0.113966411 ubox
185 438 0.235840894 ubox
186 195 0.004359934 ubox
186 415 0.011159324 ubox
186 433 0.110247284 ubox
186 434 0.946187615 ubox
186 437 0.191504210 ubox
186 438 0.182114680 ubox
187 433 0.948741086 ubox
187 437 0.182632435 ubox
188 211 0.020307100 ubox
188 432 0.890656989 ubox
188 436 0.181669018 ubox
189 198 0.022651584 ubox
189 199 0.005923533 ubox
189 200 0.009906427 ubox
189 201 0.003734559 ubox
189 210 0.022779867 ubox
189 431 0.630103943 ubox
189 432 0.434525134 ubox
189 435 0.065844965 ubox
189 436 0.005424347 ubox
189 440 0.003596296 ubox
190 197 0.022669978 ubox
190 198 0.005890754 ubox
190 199 0.009915906 ubox
190 200 0.003711737 ubox
190 209 0.022800928 ubox
190 431 0.770567608 ubox
190 435 0.008944272 ubox
190 439 0.003992214 ubox
190 448 0.017227523 ubox
191 208 0.022781142 ubox
191 429 0.019662420 ubox
191 430 0.995103950 ubox
191 434 0.009151149 ubox
191 438 0.004110962 ubox
191 445 0.003214750 ubox
191 446 0.075724769 ubox
191 447 0.025094644 ubox
192 428 0.014568587 ubox
192 429 0.995223679 ubox
192 433 0.006509494 ubox
192 434 0.021282736 ubox
192 437 0.004054422 ubox
192 438 0.005007580 ubox
192 444 0.003213287 ubox
192 445 0.075811558 ubox
192 446 0.024938077 ubox
193 419 0.004488592 ubox
193 428 0.995308810 ubox
193 433 0.022262888 ubox
193 437 0.005051941 ubox
193 444 0.075852421 ubox
193 445 0.024758881 ubox
194 418 0.004401744 ubox
194 427 0.994888354 ubox
194 432 0.023170240 ubox
194 436 0.004377726 ubox
195 431 0.023167259 ubox
195 436 0.004765746 ubox
195 440 0.079052106 ubox
195 545 0.004467287 ubox
196 414 0.018239544 ubox
196 435 0.005924755 ubox
196 439 0.079909388 ubox
196 544 0.004469864 ubox
197 413 0.018875064 ubox
197 424 0.949833204 ubox
197 425 0.296463430 ubox
197 430 0.010798203 ubox
197 434 0.006629027 ubox
197 438 0.079944054 ubox
197 447 0.020122322 ubox
197 543 0.004409434 ubox
198 412 0.018872882 ubox
198 413 0.003245419 ubox
198 420 0.022022951 ubox
198 423 0.946898871 ubox
198 424 0.296850605 ubox
198 425 0.020824127 ubox
198 429 0.010731388 ubox
198 433 0.006621035 ubox
198 437 0.079893227 ubox
198 446 0.020129227 ubox
198 447 0.006704483 ubox
198 542 0.004366992 ubox
199 411 0.018870712 ubox
199 412 0.004048825 ubox
199 419 0.030969720 ubox
199 420 0.769619506 ubox
199 423 0.294893617 ubox
199 424 0.020909745 ubox
199 425 0.006229182 ubox
199 428 0.010628423 ubox
199 430 0.003371020 ubox
199 445 0.020126649 ubox
199 446 0.006750076 ubox
199 447 0.013363561 ubox
199 540 0.003241574 ubox
200 245 0.003496941 ubox
200 410 0.018867031 ubox
200 411 0.004071144 ubox
200 419 0.772746307 ubox
200 420 0.590910496 ubox
200 423 0.020589924 ubox
200 424 0.006335707 ubox
200 425 0.006598942 ubox
200 429 0.003250424 ubox
200 430 0.020948855 ubox
200 434 0.003706396 ubox
200 444 0.020112275 ubox
200 445 0.006755612 ubox
200 446 0.013379776 ubox
200 538 0.003205812 ubox
200 539 0.003237134 ubox
201 244 0.003496984 ubox
201 245 0.005632594 ubox
201 409 0.018848737 ubox
201 410 0.004090235 ubox
201 419 0.591624471 ubox
201 420 0.195424877 ubox
201 423 0.006382268 ubox
201 424 0.006624463 ubox
201 429 0.021003226 ubox
201 433 0.003490582 ubox
201 434 0.079869866 ubox
201 438 0.012729230 ubox
201 444 0.006749993 ubox
201 445 0.013381057 ubox
201 537 0.003253213 ubox
201 543 0.003523299 ubox
202 244 0.005642493 ubox
202 409 0.004105767 ubox
202 415 0.976852008 ubox
202 419 0.183980443 ubox
202 423 0.006578334 ubox
202 428 0.021050136 ubox
202 433 0.079919923 ubox
202 437 0.012737904 ubox
202 444 0.013376095 ubox
202 536 0.003299254 ubox
202 542 0.003847151 ubox
203 242 0.004143220 ubox
203 243 0.005232274 ubox
203 414 0.983937908 ubox
203 418 0.143201127 ubox
203 427 0.021053088 ubox
203 432 0.079450192 ubox
203 436 0.012439134 ubox
203 439 0.011237325 ubox
203 535 0.003341813 ubox
203 541 0.004052620 ubox
204 241 0.004957543 ubox
204 412 0.095951726 ubox
204 413 0.988620715 ubox
204 425 0.015960820 ubox
204 430 0.029109808 ubox
204 434 0.003930471 ubox
204 438 0.011125454 ubox
204 447 0.021575523 ubox
204 534 0.003334324 ubox
204 540 0.004076972 ubox
205 411 0.103473673 ubox
205 412 0.987850140 ubox
205 413 0.015037087 ubox
205 424 0.015958419 ubox
205 425 0.016364061 ubox
205 429 0.029069457 ubox
205 430 0.074329153 ubox
205 433 0.003894862 ubox
205 434 0.012170906 ubox
205 437 0.010880457 ubox
205 438 0.015711487 ubox
205 446 0.021585702 ubox
205 539 0.004071930 ubox
206 410 0.110472448 ubox
206 411 0.987074043 ubox
206 412 0.016034792 ubox
206 413 0.013528676 ubox
206 423 0.015937571 ubox
206 424 0.016370966 ubox
206 428 0.029014542 ubox
206 429 0.074375912 ubox
206 433 0.012175605 ubox
206 434 0.003218573 ubox
206 437 0.015876015 ubox
206 438 0.009855490 ubox
206 445 0.021585582 ubox
206 538 0.003335224 ubox
207 241 0.009275763 ubox
207 295 0.003261536 ubox
207 409 0.117013767 ubox
207 410 0.985725052 ubox
207 411 0.016962464 ubox
207 412 0.013547075 ubox
207 415 0.042188747 ubox
207 423 0.016345573 ubox
207 428 0.074388060 ubox
207 433 0.003239689 ubox
207 437 0.009864241 ubox
207 444 0.021583162 ubox
207 586 0.003348840 ubox
208 221 0.010550431 ubox
208 227 0.004112598 ubox
208 236 0.012875394 ubox
208 240 0.009428381 ubox
208 246 0.009870397 ubox
208 294 0.003292421 ubox
208 402 0.991386180 ubox
208 414 0.042397559 ubox
208 427 0.072699965 ubox
208 431 0.012019452 ubox
208 435 0.020113829 ubox
208 436 0.007067497 ubox
208 439 0.006333033 ubox
208 585 0.003351003 ubox
209 220 0.010115954 ubox
209 226 0.004115367 ubox
209 235 0.012934303 ubox
209 245 0.009915070 ubox
209 401 0.991691105 ubox
209 410 0.028231399 ubox
209 413 0.042408278 ubox
209 420 0.010613074 ubox
209 424 0.026297945 ubox
209 425 0.074771647 ubox
209 430 0.010913866 ubox
209 434 0.021381359 ubox
209 438 0.006382612 ubox
209 584 0.003350221 ubox
210 220 0.013908288 ubox
210 244 0.009884784 ubox
210 400 0.991664629 ubox
210 401 0.003227413 ubox
210 409 0.033797045 ubox
210 412 0.042289867 ubox
210 419 0.010611221 ubox
210 423 0.026638938 ubox
210 424 0.074660477 ubox
210 425 0.005010892 ubox
210 429 0.010130345 ubox
210 433 0.021319477 ubox
210 437 0.006365476 ubox
210 442 0.011035255 ubox
211 218 0.008191718 ubox
211 219 0.014667867 ubox
211 400 0.003696387 ubox
211 407 0.003444421 ubox
211 408 0.033486472 ubox
211 411 0.041659276 ubox
211 417 0.010056732 ubox
211 422 0.026751396 ubox
211 423 0.072890949 ubox
211 424 0.004892692 ubox
211 428 0.008195445 ubox
211 441 0.010706961 ubox
212 217 0.007400513 ubox
212 218 0.014004239 ubox
212 401 0.003180267 ubox
212 406 0.003180041 ubox
212 407 0.031112998 ubox
212 410 0.040686061 ubox
212 416 0.010407014 ubox
212 421 0.025820951 ubox
212 422 0.063342165 ubox
212 423 0.004504250 ubox
212 434 0.004965921 ubox
212 438 0.018632229 ubox
213 354 0.031067999 ubox
213 397 0.987315705 ubox
213 400 0.004137643 ubox
213 409 0.040101581 ubox
213 415 0.010344375 ubox
213 419 0.003693015 ubox
213 420 0.025493223 ubox
213 433 0.005152700 ubox
213 437 0.019507972 ubox
213 580 0.003171159 ubox
214 231 0.011148630 ubox
214 353 0.031106614 ubox
214 396 0.981064908 ubox
214 399 0.004670672 ubox
214 414 0.009098936 ubox
214 418 0.003927770 ubox
214 432 0.004800205 ubox
214 436 0.019219361 ubox
215 230 0.012432404 ubox
215 231 0.013032408 ubox
215 352 0.031098562 ubox
215 394 0.021433426 ubox
215 435 0.018281949 ubox
215 436 0.008105689 ubox
216 229 0.012450183 ubox
216 230 0.013661415 ubox
216 231 0.075991000 ubox
216 351 0.031058517 ubox
216 393 0.010646527 ubox
216 394 0.078513722 ubox
216 435 0.008730296 ubox
217 229 0.012655196 ubox
217 230 0.081870546 ubox
217 231 0.042395039 ubox
217 350 0.030886943 ubox
217 393 0.037814286 ubox
217 394 0.042273516 ubox
218 229 0.081357376 ubox
218 230 0.045684358 ubox
218 231 0.003974090 ubox
218 349 0.026752662 ubox
218 393 0.032455089 ubox
218 394 0.973665993 ubox
219 229 0.046048159 ubox
219 230 0.003674457 ubox
219 237 0.017149818 ubox
219 243 0.005757216 ubox
219 247 0.003652875 ubox
219 393 0.989109582 ubox
219 394 0.003515396 ubox
219 399 0.003650523 ubox
219 432 0.023590649 ubox
220 227 0.116692196 ubox
220 236 0.018373716 ubox
220 242 0.007725521 ubox
220 246 0.005780388 ubox
220 298 0.016327290 ubox
220 347 0.025385328 ubox
220 392 0.991539000 ubox
220 398 0.003672961 ubox
220 402 0.020826692 ubox
220 431 0.023813792 ubox
221 226 0.116803402 ubox
221 235 0.018368444 ubox
221 241 0.009492345 ubox
221 245 0.005781949 ubox
221 297 0.026546508 ubox
221 346 0.025715752 ubox
221 391 0.991510987 ubox
221 397 0.003668268 ubox
221 401 0.020768103 ubox
221 430 0.023812087 ubox
222 244 0.005369281 ubox
222 296 0.026575971 ubox
222 345 0.025691273 ubox
222 390 0.959671210 ubox
222 400 0.009583863 ubox
222 429 0.023801715 ubox
223 295 0.026570856 ubox
223 344 0.025414171 ubox
223 379 0.003796684 ubox
223 400 0.018275973 ubox
223 428 0.023808663 ubox
224 242 0.005002576 ubox
224 378 0.003749499 ubox
224 387 0.933406189 ubox
224 399 0.018060852 ubox
224 427 0.023782940 ubox
225 241 0.005101691 ubox
225 344 0.003305770 ubox
225 383 0.012167650 ubox
225 386 0.973303277 ubox
225 388 0.017446412 ubox
225 426 0.022789931 ubox
226 236 0.025255002 ubox
226 240 0.003888966 ubox
226 251 0.003932475 ubox
226 270 0.005027181 ubox
226 292 0.024822279 ubox
226 343 0.023909949 ubox
226 382 0.012592345 ubox
226 385 0.973955290 ubox
226 387 0.017612193 ubox
226 392 0.003625829 ubox
226 398 0.020076796 ubox
227 235 0.025426442 ubox
227 250 0.004622536 ubox
227 269 0.005115247 ubox
227 291 0.024790078 ubox
227 342 0.023927384 ubox
227 379 0.011240783 ubox
227 391 0.003625032 ubox
227 397 0.020071026 ubox
227 419 0.003227436 ubox
228 249 0.004634433 ubox
228 268 0.004960493 ubox
228 378 0.011173255 ubox
228 387 0.004555289 ubox
228 396 0.020040763 ubox
228 418 0.003504307 ubox
229 248 0.004630177 ubox
229 336 0.003195181 ubox
229 338 0.010637842 ubox
229 340 0.009368276 ubox
229 341 0.009652824 ubox
229 380 0.007178086 ubox
229 381 0.142475477 ubox
229 384 0.030115483 ubox
229 386 0.004684188 ubox
229 395 0.019688952 ubox
229 417 0.003574290 ubox
229 422 0.004511749 ubox
229 423 0.023173690 ubox
230 335 0.003461354 ubox
230 337 0.010732001 ubox
230 339 0.009353493 ubox
230 340 0.009317793 ubox
230 341 0.015784247 ubox
230 376 0.007004970 ubox
230 379 0.007089028 ubox
230 380 0.147528292 ubox
230 381 0.920674010 ubox
230 383 0.027754242 ubox
230 384 0.008879024 ubox
230 416 0.003518840 ubox
230 421 0.004643820 ubox
230 422 0.025159714 ubox
230 540 0.010248059 ubox
231 296 0.003554363 ubox
231 334 0.003658636 ubox
231 336 0.010691915 ubox
231 338 0.008472835 ubox
231 339 0.008770995 ubox
231 340 0.018562334 ubox
231 375 0.007744181 ubox
231 379 0.145527998 ubox
231 380 0.963789669 ubox
231 383 0.008217792 ubox
231 420 0.004602779 ubox
231 421 0.026054045 ubox
231 426 0.008925452 ubox
231 539 0.015384070 ubox
232 245 0.061721285 ubox
232 295 0.003652392 ubox
232 329 0.005576580 ubox
232 333 0.003668002 ubox
232 339 0.018751728 ubox
232 374 0.007795702 ubox
232 379 0.964299068 ubox
232 413 0.005263675 ubox
232 419 0.005169615 ubox
232 420 0.026177222 ubox
232 425 0.010020196 ubox
232 430 0.021798734 ubox
232 447 0.005182687 ubox
232 538 0.020277574 ubox
233 244 0.061747199 ubox
233 245 0.020078199 ubox
233 328 0.005582754 ubox
233 373 0.007792563 ubox
233 412 0.005270844 ubox
233 419 0.026177851 ubox
233 424 0.010028224 ubox
233 429 0.022179946 ubox
233 446 0.005184520 ubox
233 537 0.020600884 ubox
234 241 0.039493085 ubox
234 244 0.020131048 ubox
234 291 0.005028269 ubox
234 295 0.004233320 ubox
234 333 0.012272877 ubox
234 379 0.041472702 ubox
234 411 0.005273618 ubox
234 415 0.035139262 ubox
234 423 0.010012192 ubox
234 428 0.022535906 ubox
234 445 0.005182336 ubox
234 536 0.020816438 ubox
235 240 0.038773683 ubox
235 242 0.064243554 ubox
235 243 0.014826552 ubox
235 246 0.020903227 ubox
235 260 0.027213168 ubox
235 289 0.017510287 ubox
235 290 0.003744305 ubox
235 294 0.004244290 ubox
235 298 0.018452760 ubox
235 326 0.006219053 ubox
235 332 0.012285799 ubox
235 377 0.990769973 ubox
235 378 0.008798813 ubox
235 392 0.010327304 ubox
235 414 0.035484348 ubox
235 427 0.022345176 ubox
235 535 0.020825746 ubox
236 241 0.067612915 ubox
236 245 0.020998144 ubox
236 259 0.027258488 ubox
236 288 0.017899684 ubox
236 297 0.033022131 ubox
236 325 0.006237092 ubox
236 370 0.007589253 ubox
236 376 0.991556222 ubox
236 391 0.010331258 ubox
236 409 0.005472284 ubox
236 413 0.035706196 ubox
236 444 0.005784504 ubox
236 534 0.020833090 ubox
237 244 0.019785459 ubox
237 258 0.027163034 ubox
237 287 0.017457274 ubox
237 296 0.033016448 ubox
237 324 0.005953850 ubox
237 334 0.019691152 ubox
237 369 0.007419835 ubox
237 375 0.991483904 ubox
237 390 0.009660977 ubox
237 408 0.005299209 ubox
237 412 0.035675708 ubox
237 426 0.024359542 ubox
237 443 0.005786130 ubox
237 533 0.020831862 ubox
238 245 0.008395960 ubox
238 295 0.032860095 ubox
238 329 0.011887124 ubox
238 333 0.019973086 ubox
238 374 0.991217913 ubox
238 411 0.035746214 ubox
238 420 0.003198072 ubox
238 425 0.024622575 ubox
238 442 0.005779052 ubox
238 532 0.020822469 ubox
239 244 0.008382041 ubox
239 245 0.005259174 ubox
239 328 0.011881931 ubox
239 373 0.990002095 ubox
239 374 0.025355022 ubox
239 410 0.035747201 ubox
239 424 0.024624444 ubox
240 244 0.005577596 ubox
240 291 0.014238466 ubox
240 295 0.005507305 ubox
240 373 0.035792748 ubox
240 409 0.035669749 ubox
240 423 0.024590722 ubox
241 260 0.005837296 ubox
241 273 0.038163963 ubox
241 275 0.068254411 ubox
241 282 0.020102122 ubox
241 289 0.005203241 ubox
241 290 0.014034086 ubox
241 292 0.011267307 ubox
241 294 0.007196764 ubox
241 323 0.008527711 ubox
241 326 0.011496019 ubox
241 330 0.022551862 ubox
241 364 0.195584108 ubox
241 367 0.012025331 ubox
241 385 0.003957280 ubox
241 405 0.019782214 ubox
241 529 0.020228112 ubox
242 257 0.440133920 ubox
242 258 0.026283744 ubox
242 259 0.005412528 ubox
242 272 0.026815870 ubox
242 274 0.067779318 ubox
242 281 0.015313149 ubox
242 287 0.003226023 ubox
242 288 0.005329498 ubox
242 291 0.008008143 ubox
242 322 0.008519985 ubox
242 325 0.011059259 ubox
242 329 0.022566519 ubox
242 363 0.195778263 ubox
242 366 0.008425667 ubox
242 370 0.843396395 ubox
242 371 0.011410587 ubox
242 372 0.003347867 ubox
242 384 0.003895708 ubox
242 404 0.019730577 ubox
242 407 0.014771956 ubox
242 528 0.020126190 ubox
243 256 0.458662935 ubox
243 257 0.019029889 ubox
243 272 0.079408330 ubox
243 281 0.024947821 ubox
243 286 0.003390676 ubox
243 287 0.004730560 ubox
243 291 0.006372029 ubox
243 321 0.008502000 ubox
243 324 0.010799091 ubox
243 328 0.022475201 ubox
243 362 0.195818541 ubox
243 366 0.020690701 ubox
243 369 0.853920219 ubox
243 370 0.007738016 ubox
243 383 0.003859284 ubox
243 403 0.019688680 ubox
243 406 0.016050785 ubox
243 526 0.020298782 ubox
244 255 0.461236485 ubox
244 271 0.085060910 ubox
244 280 0.049790820 ubox
244 283 0.008671650 ubox
244 285 0.003268497 ubox
244 290 0.008699461 ubox
244 320 0.008490645 ubox
244 323 0.010753372 ubox
244 327 0.022694957 ubox
244 361 0.195867037 ubox
244 365 0.022735857 ubox
244 368 0.854880736 ubox
244 382 0.003836997 ubox
244 402 0.019620478 ubox
244 405 0.016033562 ubox
244 525 0.020483035 ubox
245 254 0.461266497 ubox
245 270 0.085076402 ubox
245 279 0.068070828 ubox
245 282 0.008861616 ubox
245 289 0.008703634 ubox
245 319 0.008531127 ubox
245 326 0.022769676 ubox
245 360 0.195481256 ubox
245 364 0.022822743 ubox
245 367 0.853772995 ubox
245 523 0.018542171 ubox
246 253 0.461028300 ubox
246 259 0.003757982 ubox
246 269 0.085075310 ubox
246 278 0.092234376 ubox
246 281 0.009091649 ubox
246 288 0.008692140 ubox
246 325 0.022820997 ubox
246 354 0.004107614 ubox
246 409 0.010233061 ubox
246 522 0.018278322 ubox
247 253 0.006509112 ubox
247 256 0.007042610 ubox
247 258 0.003844767 ubox
247 274 0.037444806 ubox
247 276 0.830849144 ubox
247 277 0.070162185 ubox
247 287 0.007193721 ubox
247 324 0.022304251 ubox
247 362 0.003819801 ubox
247 366 0.048183557 ubox
247 408 0.009911321 ubox
247 522 0.009809823 ubox
248 252 0.036278086 ubox
248 254 0.004861783 ubox
248 255 0.007384892 ubox
248 263 0.003620559 ubox
248 273 0.039809333 ubox
248 275 0.879601369 ubox
248 323 0.022137633 ubox
248 357 0.021731238 ubox
248 361 0.003735210 ubox
248 364 0.019911214 ubox
248 365 0.043961719 ubox
248 521 0.020824382 ubox
249 253 0.004669331 ubox
249 256 0.010488276 ubox
249 261 0.004305199 ubox
249 262 0.003296399 ubox
249 272 0.039819074 ubox
249 274 0.879828889 ubox
249 276 0.005770872 ubox
249 315 0.016485747 ubox
249 322 0.016888860 ubox
249 324 0.003468924 ubox
249 356 0.021553730 ubox
249 362 0.008079826 ubox
249 363 0.017035427 ubox
249 406 0.010814655 ubox
249 520 0.020827737 ubox
250 255 0.010857864 ubox
250 260 0.004607915 ubox
250 263 0.085083799 ubox
250 271 0.039689262 ubox
250 273 0.879948892 ubox
250 275 0.006018823 ubox
250 282 0.004692148 ubox
250 285 0.003217300 ubox
250 314 0.022287636 ubox
250 323 0.003869670 ubox
250 355 0.020689788 ubox
250 357 0.008677365 ubox
250 361 0.009767127 ubox
250 364 0.036869118 ubox
250 405 0.011171125 ubox
250 519 0.020830447 ubox
251 259 0.004558878 ubox
251 262 0.084755880 ubox
251 272 0.874331866 ubox
251 274 0.005958179 ubox
251 281 0.004669505 ubox
251 313 0.022293648 ubox
251 322 0.004060978 ubox
251 354 0.003807315 ubox
251 356 0.008643596 ubox
251 363 0.032962589 ubox
251 404 0.011122274 ubox
251 518 0.020829382 ubox
252 269 0.020156708 ubox
252 312 0.022245718 ubox
252 321 0.004200556 ubox
252 354 0.014452142 ubox
252 517 0.020830096 ubox
253 260 0.086879480 ubox
253 268 0.017362313 ubox
253 270 0.874296110 ubox
253 279 0.004799420 ubox
253 282 0.003413132 ubox
253 311 0.017139484 ubox
253 320 0.003429081 ubox
253 353 0.011666276 ubox
253 355 0.009951950 ubox
253 402 0.011219305 ubox
253 516 0.020662520 ubox
254 259 0.086731752 ubox
254 269 0.866161633 ubox
254 278 0.004803815 ubox
254 281 0.003401616 ubox
254 354 0.009626996 ubox
254 401 0.011222794 ubox
254 438 0.008699422 ubox
255 269 0.118067828 ubox
255 312 0.005639810 ubox
255 354 0.017420844 ubox
255 400 0.011212458 ubox
255 437 0.008703146 ubox
256 265 0.174950975 ubox
256 268 0.156995859 ubox
256 311 0.005946277 ubox
256 350 0.003972880 ubox
256 351 0.005210568 ubox
256 352 0.009153013 ubox
256 353 0.017700251 ubox
256 399 0.008685062 ubox
256 436 0.008652215 ubox
256 513 0.003825792 ubox
257 264 0.164735775 ubox
257 265 0.730566579 ubox
257 310 0.006144466 ubox
257 349 0.003912422 ubox
257 350 0.005562676 ubox
257 351 0.009461486 ubox
257 352 0.017510946 ubox
257 435 0.008285079 ubox
257 512 0.003707908 ubox
258 264 0.765431672 ubox
258 265 0.108261396 ubox
258 268 0.164626990 ubox
258 280 0.005270813 ubox
258 309 0.005936219 ubox
258 349 0.005579748 ubox
258 350 0.009210791 ubox
258 351 0.016299089 ubox
259 263 0.762021675 ubox
259 264 0.075498629 ubox
259 267 0.166671065 ubox
259 270 0.473068089 ubox
259 279 0.005579797 ubox
259 282 0.024944123 ubox
259 289 0.003185799 ubox
259 308 0.004204418 ubox
259 349 0.006952742 ubox
259 355 0.004348359 ubox
260 269 0.473540008 ubox
260 278 0.005575252 ubox
260 281 0.024971055 ubox
260 288 0.003185966 ubox
260 348 0.006940811 ubox
260 354 0.004428010 ubox
261 268 0.441610559 ubox
261 280 0.024821633 ubox
261 347 0.005094932 ubox
261 353 0.004378252 ubox
262 347 0.004407696 ubox
262 352 0.003963733 ubox
263 278 0.024748238 ubox
263 297 0.004429250 ubox
263 346 0.006179426 ubox
263 373 0.003278953 ubox
263 409 0.017011017 ubox
264 277 0.024670818 ubox
264 296 0.004020706 ubox
264 335 0.004739757 ubox
264 345 0.006109696 ubox
264 372 0.004087700 ubox
264 407 0.003793833 ubox
264 408 0.016949938 ubox
265 276 0.022452843 ubox
265 295 0.003476076 ubox
265 296 0.003571617 ubox
265 334 0.005581535 ubox
265 344 0.005892885 ubox
265 371 0.004201077 ubox
265 406 0.004285008 ubox
265 407 0.016147566 ubox
266 295 0.004042300 ubox
266 333 0.005700919 ubox
266 370 0.003365849 ubox
267 278 0.003857341 ubox
267 342 0.005970240 ubox
267 370 0.004768983 ubox
268 274 0.013363634 ubox
268 276 0.013878034 ubox
268 277 0.004766214 ubox
268 341 0.005908202 ubox
268 369 0.005398554 ubox
268 403 0.024016464 ubox
269 273 0.013744536 ubox
269 275 0.014967270 ubox
269 279 0.004878808 ubox
269 292 0.004929484 ubox
269 330 0.008589189 ubox
269 368 0.005395131 ubox
269 402 0.024979558 ubox
270 278 0.004889640 ubox
270 291 0.004927444 ubox
270 329 0.008592507 ubox
270 401 0.024981115 ubox
271 328 0.008590220 ubox
271 400 0.024974670 ubox
272 298 0.011944485 ubox
272 327 0.007671096 ubox
272 349 0.019487274 ubox
272 355 0.010418652 ubox
272 399 0.023489216 ubox
273 281 0.005096313 ubox
273 297 0.021355560 ubox
273 312 0.003553658 ubox
273 348 0.021914986 ubox
273 354 0.011471700 ubox
273 397 0.021490878 ubox
274 280 0.004557444 ubox
274 298 0.009263821 ubox
274 311 0.003309638 ubox
274 347 0.021844579 ubox
274 353 0.010940811 ubox
274 355 0.025354666 ubox
274 396 0.021412453 ubox
275 281 0.005097198 ubox
275 297 0.016383802 ubox
275 312 0.006153158 ubox
275 346 0.021745085 ubox
275 354 0.028011861 ubox
276 280 0.004284862 ubox
276 311 0.006010091 ubox
276 351 0.006286990 ubox
276 353 0.027788223 ubox
276 394 0.020604769 ubox
277 293 0.318463572 ubox
277 310 0.004553481 ubox
277 327 0.004251842 ubox
277 349 0.003629929 ubox
277 350 0.006221703 ubox
277 352 0.025882391 ubox
277 359 0.082084270 ubox
277 393 0.021276173 ubox
277 440 0.012089062 ubox
278 289 0.927148220 ubox
278 292 0.343507801 ubox
278 326 0.005833989 ubox
278 343 0.022577436 ubox
278 358 0.088386609 ubox
278 392 0.021260421 ubox
278 439 0.013810228 ubox
278 451 0.006531870 ubox
279 288 0.928809224 ubox
279 291 0.343558746 ubox
279 325 0.005842083 ubox
279 339 0.003367263 ubox
279 342 0.022580024 ubox
279 370 0.003738055 ubox
279 391 0.021253055 ubox
279 438 0.013956298 ubox
279 450 0.006542495 ubox
280 286 0.051462044 ubox
280 287 0.924364575 ubox
280 324 0.005835537 ubox
280 338 0.003433869 ubox
280 341 0.022454293 ubox
280 356 0.093613699 ubox
280 369 0.003740018 ubox
280 390 0.019755464 ubox
280 403 0.007637450 ubox
280 437 0.013659146 ubox
280 449 0.006540375 ubox
281 285 0.072023912 ubox
281 289 0.349543453 ubox
281 290 0.006347759 ubox
281 292 0.015635111 ubox
281 323 0.005815950 ubox
281 330 0.004765831 ubox
281 355 0.096819776 ubox
281 368 0.003726378 ubox
281 402 0.008136602 ubox
281 435 0.004674148 ubox
281 436 0.010496892 ubox
281 439 0.009657933 ubox
281 448 0.006785403 ubox
282 288 0.349419878 ubox
282 291 0.015712350 ubox
282 329 0.004760084 ubox
282 354 0.096846004 ubox
282 401 0.008123755 ubox
282 434 0.006103425 ubox
282 438 0.010972518 ubox
282 447 0.006874439 ubox
283 328 0.004749068 ubox
283 400 0.008102855 ubox
283 433 0.006089706 ubox
283 434 0.008522694 ubox
283 437 0.010937644 ubox
283 446 0.006874561 ubox
284 433 0.008319868 ubox
284 434 0.016977092 ubox
284 438 0.003214069 ubox
284 445 0.006873031 ubox
285 321 0.003526047 ubox
285 354 0.033332026 ubox
285 433 0.017109220 ubox
285 437 0.003223426 ubox
285 444 0.006865275 ubox
286 320 0.003251178 ubox
286 350 0.006512382 ubox
286 351 0.068273102 ubox
286 352 0.069275517 ubox
286 353 0.033202920 ubox
286 432 0.012225934 ubox
287 327 0.005159045 ubox
287 349 0.005810313 ubox
287 350 0.072144978 ubox
287 351 0.071016699 ubox
287 352 0.032125604 ubox
287 399 0.007205975 ubox
287 432 0.015834839 ubox
287 440 0.006148669 ubox
288 326 0.005638327 ubox
288 330 0.023941032 ubox
288 349 0.073300129 ubox
288 350 0.067740156 ubox
288 351 0.027649113 ubox
288 398 0.007385367 ubox
288 402 0.003507700 ubox
288 431 0.020241044 ubox
288 439 0.006300297 ubox
289 325 0.005634810 ubox
289 329 0.023974998 ubox
289 348 0.052188124 ubox
289 397 0.007375144 ubox
289 401 0.003522299 ubox
289 430 0.020219031 ubox
289 434 0.003371102 ubox
289 438 0.006305740 ubox
290 312 0.054371029 ubox
290 328 0.023979747 ubox
290 344 0.008778304 ubox
290 348 0.914184530 ubox
290 400 0.003522517 ubox
290 429 0.020195249 ubox
290 433 0.003371799 ubox
290 437 0.006305050 ubox
291 298 0.006257596 ubox
291 311 0.050115940 ubox
291 326 0.024189949 ubox
291 327 0.004243480 ubox
291 343 0.010713166 ubox
291 347 0.928319132 ubox
291 392 0.009822824 ubox
291 398 0.003654666 ubox
291 431 0.003852324 ubox
291 436 0.005491487 ubox
292 297 0.008366881 ubox
292 325 0.024552794 ubox
292 342 0.010717683 ubox
292 346 0.930424823 ubox
292 391 0.009844518 ubox
292 397 0.003704058 ubox
292 425 0.004327818 ubox
292 430 0.003899053 ubox
293 313 0.020238156 ubox
293 322 0.010960219 ubox
293 324 0.022266274 ubox
293 334 0.008488367 ubox
293 340 0.005120381 ubox
293 341 0.008685326 ubox
293 345 0.930420691 ubox
293 380 0.004976589 ubox
293 390 0.009626755 ubox
293 424 0.004333774 ubox
293 426 0.019965467 ubox
293 429 0.003887205 ubox
293 434 0.004830160 ubox
294 312 0.031295228 ubox
294 321 0.013186118 ubox
294 333 0.009600651 ubox
294 339 0.007237148 ubox
294 344 0.930494391 ubox
294 354 0.019503984 ubox
294 379 0.005259913 ubox
294 423 0.004611864 ubox
294 425 0.020016493 ubox
294 428 0.003874972 ubox
294 433 0.005372377 ubox
295 303 0.017018887 ubox
295 307 0.345437762 ubox
295 310 0.010282520 ubox
295 311 0.014572751 ubox
295 319 0.010844611 ubox
295 320 0.008296682 ubox
295 332 0.009608474 ubox
295 343 0.930335356 ubox
295 353 0.019565351 ubox
295 360 0.012395348 ubox
295 378 0.004675805 ubox
295 394 0.003805720 ubox
295 427 0.003348556 ubox
296 302 0.016846491 ubox
296 306 0.346387434 ubox
296 309 0.011300115 ubox
296 310 0.013550299 ubox
296 318 0.010885866 ubox
296 320 0.018201671 ubox
296 352 0.019552132 ubox
296 359 0.012428239 ubox
296 393 0.003826903 ubox
296 432 0.005402264 ubox
297 301 0.012749738 ubox
297 305 0.346570237 ubox
297 308 0.011929950 ubox
297 309 0.010785323 ubox
297 314 0.012461686 ubox
297 318 0.006743468 ubox
297 319 0.018594229 ubox
297 323 0.011630684 ubox
297 330 0.009590103 ubox
297 351 0.019078775 ubox
297 357 0.003804534 ubox
297 358 0.012089613 ubox
297 385 0.032181794 ubox
297 392 0.003820756 ubox
297 431 0.005994668 ubox
298 304 0.334727759 ubox
298 313 0.012519984 ubox
298 317 0.007479148 ubox
298 322 0.011639712 ubox
298 329 0.008417044 ubox
298 340 0.928843363 ubox
298 356 0.004624870 ubox
298 375 0.006452704 ubox
298 384 0.032155734 ubox
298 391 0.003758680 ubox
298 421 0.089644413 ubox
298 430 0.005991656 ubox
299 312 0.012511498 ubox
299 321 0.011627687 ubox
299 328 0.008254525 ubox
299 329 0.004657773 ubox
299 339 0.928523577 ubox
299 374 0.006796761 ubox
299 419 0.013636961 ubox
299 420 0.092225277 ubox
299 429 0.005991604 ubox
300 325 0.006799643 ubox
300 328 0.004680519 ubox
300 339 0.039565232 ubox
300 342 0.016645018 ubox
300 373 0.006927265 ubox
300 419 0.092547911 ubox
300 428 0.005987303 ubox
301 324 0.006799737 ubox
301 334 0.010927893 ubox
301 335 0.909686839 ubox
301 336 0.041438175 ubox
301 337 0.088511989 ubox
301 338 0.047993988 ubox
301 341 0.016638932 ubox
301 372 0.007129849 ubox
301 381 0.036935269 ubox
301 417 0.091827590 ubox
301 426 0.004034404 ubox
302 313 0.029382460 ubox
302 322 0.006942411 ubox
302 329 0.004155541 ubox
302 333 0.010612653 ubox
302 334 0.924156663 ubox
302 335 0.033984072 ubox
302 336 0.060372413 ubox
302 337 0.028454392 ubox
302 340 0.016590238 ubox
302 371 0.007160221 ubox
302 380 0.038033108 ubox
302 416 0.095479792 ubox
302 425 0.004086720 ubox
302 426 0.003953663 ubox
303 312 0.031228682 ubox
303 321 0.006979809 ubox
303 328 0.005017004 ubox
303 333 0.925041483 ubox
303 339 0.016466368 ubox
303 348 0.032581785 ubox
303 370 0.007155273 ubox
303 379 0.038083315 ubox
303 415 0.095556561 ubox
303 424 0.004092953 ubox
303 425 0.003960086 ubox
304 311 0.028364157 ubox
304 320 0.006452796 ubox
304 327 0.005034886 ubox
304 347 0.032634967 ubox
304 378 0.037999466 ubox
304 414 0.095277355 ubox
305 325 0.005263108 ubox
305 329 0.057604598 ubox
305 342 0.006030106 ubox
305 346 0.032651432 ubox
305 376 0.038137221 ubox
305 412 0.035351860 ubox
305 413 0.088868277 ubox
305 423 0.003898809 ubox
305 447 0.010747933 ubox
306 313 0.008245155 ubox
306 322 0.003463535 ubox
306 324 0.005074852 ubox
306 328 0.050523715 ubox
306 329 0.063880275 ubox
306 334 0.008796574 ubox
306 341 0.005936417 ubox
306 345 0.032649284 ubox
306 375 0.038140386 ubox
306 411 0.049366576 ubox
306 412 0.081818856 ubox
306 421 0.004764197 ubox
306 446 0.010751908 ubox
307 312 0.009036659 ubox
307 321 0.003538006 ubox
307 328 0.072615806 ubox
307 329 0.923956800 ubox
307 333 0.008090918 ubox
307 344 0.032649293 ubox
307 374 0.038143632 ubox
307 410 0.060632474 ubox
307 411 0.074274735 ubox
307 420 0.005524703 ubox
307 445 0.010760148 ubox
308 325 0.014429091 ubox
308 328 0.924423091 ubox
308 329 0.038004510 ubox
308 339 0.012651756 ubox
308 342 0.032341499 ubox
308 370 0.006070291 ubox
308 373 0.038182759 ubox
308 409 0.076773742 ubox
308 410 0.065837843 ubox
308 419 0.005517494 ubox
308 444 0.010760627 ubox
309 316 0.005741787 ubox
309 317 0.008671020 ubox
309 322 0.027940187 ubox
309 324 0.013433541 ubox
309 325 0.015306374 ubox
309 328 0.036797923 ubox
309 335 0.007825133 ubox
309 338 0.012889921 ubox
309 341 0.032298011 ubox
309 363 0.016191192 ubox
309 369 0.005948748 ubox
309 371 0.029146762 ubox
309 372 0.035360638 ubox
309 408 0.084173937 ubox
309 409 0.055928847 ubox
309 417 0.003255687 ubox
309 443 0.010751911 ubox
310 315 0.005067141 ubox
310 316 0.009453945 ubox
310 317 0.014008252 ubox
310 321 0.027219501 ubox
310 322 0.010288495 ubox
310 324 0.013691982 ubox
310 325 0.874403307 ubox
310 334 0.008205855 ubox
310 337 0.012897946 ubox
310 340 0.032163510 ubox
310 362 0.016826978 ubox
310 363 0.079452868 ubox
310 370 0.033089992 ubox
310 371 0.031694957 ubox
310 404 0.006070939 ubox
310 407 0.087970025 ubox
310 408 0.048660154 ubox
310 416 0.003349769 ubox
310 417 0.003339559 ubox
310 442 0.010744206 ubox
311 315 0.008310481 ubox
311 316 0.015602151 ubox
311 321 0.010180426 ubox
311 324 0.919445554 ubox
311 333 0.008231407 ubox
311 336 0.012827485 ubox
311 339 0.031942762 ubox
311 356 0.039656542 ubox
311 362 0.087660175 ubox
311 366 0.016545616 ubox
311 369 0.035523729 ubox
311 370 0.027331588 ubox
311 403 0.007441325 ubox
311 406 0.091744383 ubox
311 407 0.039525180 ubox
311 415 0.003176523 ubox
311 416 0.003283566 ubox
311 441 0.010737815 ubox
312 319 0.046063856 ubox
312 320 0.005732482 ubox
312 323 0.922774797 ubox
312 332 0.008234953 ubox
312 355 0.030167798 ubox
312 360 0.031682716 ubox
312 361 0.088248998 ubox
312 365 0.017969094 ubox
312 368 0.036966905 ubox
312 402 0.007825598 ubox
312 405 0.095219813 ubox
312 440 0.010746010 ubox
313 318 0.040805568 ubox
313 355 0.321018279 ubox
313 359 0.028234936 ubox
313 439 0.010744611 ubox
314 321 0.913096088 ubox
314 328 0.009256837 ubox
314 354 0.344105699 ubox
314 438 0.010730495 ubox
315 320 0.775413993 ubox
315 327 0.008933788 ubox
315 352 0.004295823 ubox
315 353 0.343834639 ubox
316 351 0.005884820 ubox
316 352 0.341695781 ubox
316 353 0.009431060 ubox
317 350 0.004046133 ubox
317 351 0.335912936 ubox
317 352 0.012109696 ubox
317 355 0.012188679 ubox
318 329 0.021964329 ubox
318 334 0.013349612 ubox
318 340 0.003305016 ubox
318 354 0.012187462 ubox
318 371 0.049249677 ubox
319 325 0.013504888 ubox
319 328 0.023729448 ubox
319 329 0.016614867 ubox
319 333 0.013508193 ubox
319 339 0.003419373 ubox
319 370 0.050011572 ubox
320 324 0.012404238 ubox
320 328 0.016541361 ubox
320 338 0.003417297 ubox
320 348 0.015122797 ubox
320 369 0.050002421 ubox
320 406 0.004136240 ubox
321 327 0.012438475 ubox
321 332 0.006150225 ubox
321 347 0.010341444 ubox
321 350 0.343581147 ubox
321 351 0.016406077 ubox
321 352 0.003818023 ubox
321 368 0.049871188 ubox
321 405 0.004170258 ubox
322 347 0.018962807 ubox
322 349 0.346731714 ubox
322 350 0.017825546 ubox
322 351 0.004062038 ubox
322 355 0.006531196 ubox
323 346 0.019204668 ubox
323 348 0.346773559 ubox
323 354 0.006881120 ubox
323 437 0.010769150 ubox
324 347 0.290565193 ubox
324 353 0.006846754 ubox
324 436 0.010815432 ubox
325 343 0.043946593 ubox
325 347 0.195100221 ubox
325 402 0.012484026 ubox
325 435 0.010836683 ubox
326 339 0.003816489 ubox
326 342 0.044015578 ubox
326 346 0.350219142 ubox
326 370 0.057071975 ubox
326 401 0.012502241 ubox
326 434 0.010840022 ubox
327 338 0.003837529 ubox
327 341 0.043869779 ubox
327 344 0.003619088 ubox
327 345 0.350119618 ubox
327 362 0.045992266 ubox
327 366 0.023902914 ubox
327 369 0.057111996 ubox
327 400 0.012483245 ubox
327 433 0.010823613 ubox
328 343 0.003881513 ubox
328 358 0.007316003 ubox
328 361 0.047331704 ubox
328 365 0.025248284 ubox
328 368 0.057121920 ubox
328 399 0.012483290 ubox
328 432 0.010824313 ubox
329 343 0.350569690 ubox
329 357 0.007335253 ubox
329 360 0.047283336 ubox
329 364 0.025237860 ubox
329 367 0.057069997 ubox
329 398 0.012502292 ubox
329 431 0.010840775 ubox
330 342 0.350310757 ubox
330 397 0.012494472 ubox
330 430 0.010840790 ubox
331 429 0.010840756 ubox
332 344 0.003270290 ubox
332 354 0.008331443 ubox
332 428 0.010836156 ubox
333 343 0.003560237 ubox
333 353 0.008202866 ubox
333 360 0.026335454 ubox
333 427 0.009423209 ubox
334 352 0.008016517 ubox
334 359 0.025887318 ubox
335 351 0.007805750 ubox
336 350 0.007554266 ubox
336 353 0.010026265 ubox
337 349 0.006800050 ubox
337 352 0.009684938 ubox
337 353 0.008395476 ubox
338 351 0.009507737 ubox
338 352 0.007965646 ubox
338 353 0.053590214 ubox
338 359 0.052400381 ubox
339 350 0.009297845 ubox
339 351 0.007604186 ubox
339 352 0.055134718 ubox
339 358 0.053892187 ubox
339 360 0.006356702 ubox
340 349 0.009113332 ubox
340 350 0.007022275 ubox
340 351 0.055402850 ubox
340 359 0.006336151 ubox
340 394 0.012838217 ubox
341 349 0.006348573 ubox
341 350 0.055521779 ubox
341 393 0.013069725 ubox
342 349 0.055756899 ubox
342 355 0.056004699 ubox
342 392 0.013117657 ubox
343 348 0.055859891 ubox
343 354 0.056177774 ubox
343 391 0.013117102 ubox
344 353 0.056124562 ubox
344 360 0.038524182 ubox
345 352 0.055889258 ubox
345 359 0.038928933 ubox
346 351 0.050832892 ubox
346 357 0.008275344 ubox
346 358 0.038923294 ubox
346 367 0.012127867 ubox
346 387 0.012927073 ubox
347 356 0.009534097 ubox
347 362 0.004846110 ubox
347 366 0.025630307 ubox
347 369 0.006408278 ubox
347 383 0.003487374 ubox
347 386 0.013436681 ubox
348 353 0.003916189 ubox
348 355 0.009365655 ubox
348 357 0.090983843 ubox
348 361 0.006012105 ubox
348 364 0.034264969 ubox
348 365 0.032399490 ubox
348 367 0.035478176 ubox
348 368 0.006809974 ubox
348 382 0.004334329 ubox
348 385 0.013690269 ubox
349 354 0.028157708 ubox
349 356 0.098699448 ubox
349 363 0.037425228 ubox
349 366 0.083242550 ubox
349 370 0.003664894 ubox
349 371 0.026238865 ubox
349 372 0.214610120 ubox
349 373 0.025501807 ubox
349 381 0.004425704 ubox
349 384 0.013691437 ubox
350 362 0.032428924 ubox
350 363 0.015103295 ubox
350 369 0.004465500 ubox
350 370 0.026446848 ubox
350 371 0.219342044 ubox
350 372 0.309153110 ubox
350 380 0.004414105 ubox
350 383 0.013165835 ubox
350 409 0.010247099 ubox
351 362 0.013508463 ubox
351 363 0.030176235 ubox
351 369 0.024598951 ubox
351 370 0.218728081 ubox
351 371 0.332567041 ubox
351 372 0.020146661 ubox
351 379 0.004321574 ubox
351 381 0.006929508 ubox
351 408 0.014737684 ubox
352 362 0.025013323 ubox
352 363 0.582860804 ubox
352 369 0.208919604 ubox
352 370 0.334235069 ubox
352 371 0.021150497 ubox
352 372 0.007421571 ubox
352 380 0.007062437 ubox
352 381 0.009828198 ubox
352 384 0.011596336 ubox
352 407 0.015352021 ubox
353 362 0.642390331 ubox
353 366 0.084927857 ubox
353 369 0.334728116 ubox
353 370 0.020513738 ubox
353 371 0.007882630 ubox
353 379 0.006991766 ubox
353 380 0.009913640 ubox
353 383 0.012920316 ubox
353 406 0.015481904 ubox
354 361 0.647516056 ubox
354 364 0.209905590 ubox
354 365 0.087057261 ubox
354 367 0.224539389 ubox
354 368 0.326765970 ubox
354 377 0.004940072 ubox
354 378 0.006296054 ubox
354 382 0.013088721 ubox
354 405 0.015508130 ubox
355 363 0.209971299 ubox
355 366 0.230017762 ubox
355 376 0.004567183 ubox
355 379 0.010959372 ubox
355 381 0.012506561 ubox
355 404 0.015124387 ubox
355 415 0.014764155 ubox
356 378 0.012269675 ubox
356 414 0.017386995 ubox
357 374 0.005679602 ubox
357 410 0.008521941 ubox
357 411 0.004280049 ubox
357 413 0.019028108 ubox
358 370 0.031169154 ubox
358 373 0.006018394 ubox
358 376 0.022068722 ubox
358 409 0.009249960 ubox
358 410 0.004307506 ubox
358 412 0.019036441 ubox
359 369 0.030171260 ubox
359 371 0.043224876 ubox
359 372 0.005308972 ubox
359 375 0.022144893 ubox
359 408 0.008976058 ubox
359 409 0.004176810 ubox
359 411 0.019032695 ubox
360 370 0.044393451 ubox
360 374 0.022156467 ubox
360 410 0.019069709 ubox
361 373 0.022159063 ubox
361 409 0.019064251 ubox
365 373 0.003761446 ubox
367 374 0.004398039 ubox
367 401 0.121168779 ubox
368 373 0.005132848 ubox
368 400 0.121237980 ubox
369 399 0.121225647 ubox
370 398 0.121209324 ubox
374 394 0.120799916 ubox
375 393 0.121327513 ubox
376 392 0.121404683 ubox
377 391 0.121405842 ubox
378 386 0.007357019 ubox
378 390 0.120966987 ubox
378 403 0.004255668 ubox
379 385 0.009122142 ubox
379 402 0.004482415 ubox
382 400 0.008533383 ubox
383 399 0.008520017 ubox
385 397 0.013845154 ubox
386 396 0.013872947 ubox
387 395 0.013909463 ubox
388 394 0.013794575 ubox
389 393 0.011777944 ubox
390 399 0.022207974 ubox
391 398 0.026998159 ubox
391 402 0.005855815 ubox
392 397 0.027001248 ubox
392 401 0.005866551 ubox
393 400 0.005802042 ubox
398 409 0.008211631 ubox
399 406 0.009215321 ubox
399 408 0.008175234 ubox
400 405 0.010696577 ubox
435 581 0.003902233 ubox
436 580 0.003971338 ubox
437 579 0.004292734 ubox
438 578 0.004366342 ubox
439 446 0.003819315 ubox
439 447 0.004151492 ubox
439 472 0.045171554 ubox
439 473 0.013417704 ubox
439 577 0.004363969 ubox
440 445 0.004042003 ubox
440 446 0.004429005 ubox
440 471 0.046985087 ubox
440 472 0.024169975 ubox
440 576 0.004352790 ubox
441 575 0.004230583 ubox
442 470 0.285525631 ubox
442 480 0.009576262 ubox
443 469 0.285773302 ubox
443 479 0.009586047 ubox
444 468 0.285947356 ubox
444 478 0.009588011 ubox
445 467 0.286168054 ubox
445 477 0.009582483 ubox
446 455 0.011551524 ubox
446 466 0.286177049 ubox
446 476 0.009585042 ubox
447 454 0.011747721 ubox
447 465 0.286179171 ubox
447 475 0.009580831 ubox
448 453 0.011840166 ubox
448 464 0.286159111 ubox
448 474 0.009578588 ubox
449 455 0.007342940 ubox
449 458 0.005997652 ubox
449 461 0.023601291 ubox
449 466 0.010417516 ubox
450 454 0.005004798 ubox
450 457 0.005459996 ubox
450 460 0.020777614 ubox
450 465 0.010444682 ubox
451 464 0.010455211 ubox
452 458 0.016414750 ubox
453 457 0.013303269 ubox
453 460 0.049619370 ubox
454 459 0.046890671 ubox
460 503 0.004534324 ubox
460 518 0.003478813 ubox
461 473 0.006020745 ubox
461 494 0.003683711 ubox
461 502 0.004840105 ubox
461 511 0.021076408 ubox
461 517 0.004081895 ubox
462 469 0.019843226 ubox
462 493 0.003644168 ubox
462 510 0.020500911 ubox
462 513 0.006272923 ubox
463 468 0.019704215 ubox
463 469 0.014157486 ubox
463 477 0.594192817 ubox
463 479 0.092639239 ubox
463 508 0.005131012 ubox
463 512 0.006422954 ubox
463 513 0.114907334 ubox
464 468 0.012256018 ubox
464 475 0.565689791 ubox
464 476 0.646280816 ubox
464 478 0.098946027 ubox
464 485 0.033371654 ubox
464 489 0.024290687 ubox
464 491 0.004037085 ubox
464 512 0.132424405 ubox
464 541 0.075276975 ubox
464 583 0.003197562 ubox
465 474 0.670610635 ubox
465 484 0.029973760 ubox
465 488 0.024302298 ubox
465 490 0.004762442 ubox
465 511 0.134548863 ubox
465 539 0.014521543 ubox
465 540 0.078258787 ubox
465 582 0.003324995 ubox
465 590 0.017817174 ubox
466 473 0.669125364 ubox
466 474 0.591726041 ubox
466 483 0.025966107 ubox
466 484 0.031867138 ubox
466 538 0.014558840 ubox
466 539 0.078259704 ubox
466 589 0.017974761 ubox
466 590 0.007557949 ubox
467 473 0.593335961 ubox
467 474 0.014374369 ubox
467 483 0.035165636 ubox
467 484 0.007711677 ubox
467 488 0.007085924 ubox
467 537 0.014573114 ubox
467 538 0.078240699 ubox
467 588 0.017971510 ubox
467 589 0.007690064 ubox
468 472 0.545026270 ubox
468 473 0.013419762 ubox
468 482 0.038001254 ubox
468 483 0.007716225 ubox
468 487 0.007156825 ubox
468 537 0.073013942 ubox
468 587 0.017179071 ubox
468 588 0.007693280 ubox
469 481 0.035913125 ubox
469 482 0.008957696 ubox
469 486 0.007110864 ubox
469 536 0.007852715 ubox
469 537 0.004245287 ubox
469 577 0.011576777 ubox
469 586 0.014257633 ubox
469 587 0.008645916 ubox
470 511 0.060869754 ubox
470 536 0.004401021 ubox
470 576 0.012549188 ubox
470 586 0.009484516 ubox
471 506 0.010351448 ubox
471 507 0.358636055 ubox
471 508 0.024479371 ubox
471 510 0.053310219 ubox
471 535 0.003784327 ubox
471 575 0.012795621 ubox
472 479 0.041269348 ubox
472 497 0.009144708 ubox
472 505 0.009621005 ubox
472 506 0.399695505 ubox
472 507 0.024340863 ubox
472 508 0.011395471 ubox
472 575 0.003470308 ubox
473 478 0.043072814 ubox
473 479 0.014795134 ubox
473 480 0.015570748 ubox
473 496 0.010042480 ubox
473 504 0.007084594 ubox
473 505 0.411598015 ubox
473 506 0.021346347 ubox
473 507 0.011029973 ubox
473 508 0.005770555 ubox
473 573 0.072439886 ubox
473 574 0.004418709 ubox
474 478 0.015289297 ubox
474 479 0.009422514 ubox
474 485 0.042588840 ubox
474 495 0.010042852 ubox
474 504 0.415253725 ubox
474 505 0.016815177 ubox
474 506 0.010354855 ubox
474 507 0.005062740 ubox
474 519 0.005140233 ubox
474 572 0.072585500 ubox
475 484 0.043140341 ubox
475 494 0.009941860 ubox
475 503 0.425885634 ubox
475 518 0.005168046 ubox
475 571 0.072650324 ubox
476 483 0.044947518 ubox
476 484 0.011529500 ubox
476 488 0.004376482 ubox
476 502 0.429224719 ubox
476 517 0.005169220 ubox
476 570 0.072654935 ubox
477 482 0.041694272 ubox
477 483 0.011000082 ubox
477 484 0.004799053 ubox
477 487 0.004189442 ubox
477 501 0.419690037 ubox
477 503 0.251297371 ubox
477 569 0.072644189 ubox
478 483 0.007485137 ubox
478 484 0.012501060 ubox
478 488 0.008759388 ubox
478 502 0.272000844 ubox
478 568 0.072613267 ubox
479 483 0.011568061 ubox
479 487 0.008611757 ubox
479 501 0.266170601 ubox
479 503 0.029349664 ubox
479 567 0.067112082 ubox
480 494 0.018929387 ubox
480 502 0.030609968 ubox
480 511 0.014412422 ubox
480 567 0.013334987 ubox
481 493 0.013387713 ubox
481 510 0.014297852 ubox
481 565 0.022862039 ubox
482 493 0.025746276 ubox
482 497 0.930615547 ubox
482 564 0.019851391 ubox
483 492 0.030135049 ubox
483 496 0.989272755 ubox
483 513 0.048409575 ubox
483 514 0.010094426 ubox
484 491 0.030161638 ubox
484 495 0.989409636 ubox
484 512 0.054340980 ubox
484 513 0.007227845 ubox
485 490 0.030277511 ubox
485 494 0.989389906 ubox
485 511 0.056115480 ubox
486 493 0.912194389 ubox
486 506 0.004067139 ubox
486 507 0.013019087 ubox
486 508 0.039241774 ubox
486 510 0.051420874 ubox
487 493 0.158509206 ubox
487 505 0.004259166 ubox
487 506 0.016278817 ubox
487 507 0.053992205 ubox
487 508 0.015530101 ubox
487 513 0.009308230 ubox
488 492 0.222729504 ubox
488 495 0.018324302 ubox
488 505 0.016757705 ubox
488 506 0.057619507 ubox
488 507 0.013922257 ubox
488 512 0.011153641 ubox
488 523 0.010159313 ubox
489 494 0.018375327 ubox
489 511 0.011467623 ubox
489 522 0.010202981 ubox
490 504 0.111365588 ubox
490 510 0.006289795 ubox
490 519 0.005549062 ubox
490 521 0.009962963 ubox
491 503 0.117664250 ubox
491 509 0.003558926 ubox
491 518 0.005610330 ubox
491 520 0.006573608 ubox
492 502 0.118342438 ubox
492 517 0.005641436 ubox
493 501 0.118334246 ubox
493 515 0.004684178 ubox
494 500 0.118202136 ubox
494 514 0.004793302 ubox
496 502 0.003492543 ubox
497 501 0.003840622 ubox
497 503 0.019446058 ubox
497 518 0.007648416 ubox
498 502 0.024656069 ubox
498 511 0.069341253 ubox
498 517 0.008938623 ubox
498 536 0.003165572 ubox
499 510 0.066959576 ubox
499 512 0.686906710 ubox
499 535 0.003167571 ubox
500 511 0.791573486 ubox
500 534 0.003162890 ubox
501 507 0.008242332 ubox
501 508 0.052165473 ubox
501 510 0.790164706 ubox
501 513 0.005326338 ubox
502 506 0.007983405 ubox
502 507 0.043379412 ubox
502 508 0.041744318 ubox
502 512 0.005765156 ubox
502 513 0.161510683 ubox
502 514 0.114141364 ubox
502 545 0.003167723 ubox
502 565 0.020833062 ubox
503 507 0.041837164 ubox
503 510 0.033515539 ubox
503 512 0.170213061 ubox
503 513 0.109844571 ubox
503 564 0.022162536 ubox
504 509 0.038923408 ubox
504 511 0.173311269 ubox
504 563 0.022324435 ubox
505 562 0.022335669 ubox
506 561 0.022325563 ubox
507 518 0.005478604 ubox
507 560 0.022250500 ubox
508 517 0.006106551 ubox
508 559 0.022216200 ubox
509 541 0.003965176 ubox
509 553 0.004472150 ubox
509 558 0.021766750 ubox
510 517 0.021353665 ubox
510 520 0.206180850 ubox
510 522 0.011449462 ubox
510 524 0.016571355 ubox
510 526 0.020878121 ubox
510 528 0.004413604 ubox
510 540 0.004081629 ubox
510 552 0.005840973 ubox
510 557 0.021391554 ubox
511 516 0.024741178 ubox
511 519 0.227755579 ubox
511 521 0.013429326 ubox
511 523 0.017274477 ubox
511 525 0.021758865 ubox
511 527 0.005186155 ubox
511 551 0.007282710 ubox
511 556 0.020508856 ubox
512 518 0.227037319 ubox
512 520 0.013107523 ubox
512 522 0.016765000 ubox
512 524 0.021510130 ubox
512 526 0.005098453 ubox
512 538 0.004170766 ubox
512 550 0.007827621 ubox
513 517 0.214373455 ubox
513 537 0.004543590 ubox
513 543 0.004409901 ubox
514 536 0.005209944 ubox
514 542 0.005579451 ubox
515 535 0.005212057 ubox
515 541 0.005630280 ubox
515 544 0.007161558 ubox
516 522 0.033113733 ubox
516 534 0.005196760 ubox
516 540 0.005641759 ubox
516 543 0.008079586 ubox
517 521 0.032460502 ubox
517 545 0.063744625 ubox
517 547 0.004167090 ubox
518 541 0.008028470 ubox
518 544 0.063884284 ubox
518 546 0.004149981 ubox
519 536 0.007570895 ubox
519 540 0.008051030 ubox
519 542 0.013332593 ubox
519 543 0.063074939 ubox
520 535 0.007603139 ubox
520 541 0.016843619 ubox
521 532 0.008029359 ubox
521 534 0.007678887 ubox
521 536 0.009914507 ubox
521 540 0.017116944 ubox
521 542 0.061773511 ubox
521 586 0.008696979 ubox
522 531 0.008054069 ubox
522 535 0.010019635 ubox
522 541 0.061982322 ubox
522 544 0.013195394 ubox
522 585 0.008929986 ubox
523 534 0.010037507 ubox
523 536 0.058427493 ubox
523 540 0.061992505 ubox
523 542 0.003280162 ubox
523 543 0.014300673 ubox
523 584 0.008566394 ubox
524 535 0.058549485 ubox
524 541 0.003315975 ubox
524 544 0.020881939 ubox
524 583 0.006959165 ubox
525 534 0.058585234 ubox
525 536 0.062261619 ubox
525 540 0.003321734 ubox
525 542 0.021133033 ubox
525 543 0.024058060 ubox
525 582 0.005355756 ubox
525 584 0.010447945 ubox
526 535 0.062412700 ubox
526 541 0.021678499 ubox
526 583 0.009062475 ubox
527 534 0.062439522 ubox
527 536 0.063782282 ubox
527 540 0.021693778 ubox
527 542 0.034639116 ubox
527 582 0.007059758 ubox
527 584 0.893258201 ubox
528 535 0.063776993 ubox
528 541 0.035794612 ubox
528 583 0.975298346 ubox
529 534 0.063640500 ubox
529 538 0.011376411 ubox
529 539 0.019457830 ubox
529 540 0.036033428 ubox
529 582 0.992265353 ubox
530 537 0.011398055 ubox
530 538 0.019465635 ubox
530 539 0.036012347 ubox
530 581 0.992237600 ubox
531 536 0.011361310 ubox
531 537 0.019491303 ubox
531 538 0.036009488 ubox
531 580 0.991744866 ubox
532 579 0.453304140 ubox
533 579 0.880310903 ubox
534 578 0.992234447 ubox
535 576 0.013056230 ubox
535 577 0.991678062 ubox
536 575 0.024657572 ubox
536 579 0.004385150 ubox
537 574 0.025244206 ubox
537 575 0.988785174 ubox
537 578 0.005144716 ubox
538 573 0.022403297 ubox
538 574 0.988651975 ubox
538 575 0.028008423 ubox
539 572 0.019143632 ubox
539 573 0.934938970 ubox
539 574 0.034992166 ubox
539 575 0.067965623 ubox
540 572 0.878025173 ubox
540 573 0.028921774 ubox
540 574 0.076077201 ubox
541 566 0.055373345 ubox
541 571 0.713401006 ubox
542 565 0.114212875 ubox
542 573 0.343365107 ubox
542 574 0.003659301 ubox
543 564 0.114774059 ubox
543 572 0.471722698 ubox
544 560 0.004308416 ubox
544 563 0.111837289 ubox
544 568 0.365578311 ubox
544 569 0.423631631 ubox
544 571 0.685087262 ubox
545 559 0.004104946 ubox
545 567 0.378918815 ubox
545 568 0.428218707 ubox
545 570 0.800256548 ubox
546 560 0.475739315 ubox
546 566 0.229087229 ubox
546 567 0.271966150 ubox
546 568 0.011200013 ubox
546 569 0.800082055 ubox
547 559 0.585500045 ubox
547 567 0.050469007 ubox
547 568 0.798567974 ubox
548 558 0.585823429 ubox
548 564 0.041217752 ubox
549 557 0.585762379 ubox
549 559 0.015518598 ubox
549 563 0.040700368 ubox
549 566 0.465419269 ubox
550 556 0.582475787 ubox
550 558 0.018818060 ubox
550 564 0.092265122 ubox
550 565 0.470597299 ubox
551 557 0.019072096 ubox
551 559 0.018449364 ubox
551 563 0.095532786 ubox
551 566 0.104067984 ubox
552 556 0.017345355 ubox
552 558 0.018639769 ubox
552 564 0.747971454 ubox
552 565 0.101946243 ubox
553 557 0.017368665 ubox
553 560 0.046712390 ubox
553 561 0.104429993 ubox
553 562 0.155978432 ubox
553 563 0.761369557 ubox
553 569 0.005018283 ubox
554 559 0.046896937 ubox
554 560 0.107131001 ubox
554 561 0.159795658 ubox
554 562 0.761251101 ubox
554 563 0.117243741 ubox
554 567 0.006204398 ubox
554 568 0.005468301 ubox
555 559 0.101442725 ubox
555 560 0.139219164 ubox
555 561 0.751053031 ubox
555 562 0.120841070 ubox
555 563 0.012390252 ubox
555 566 0.005991155 ubox
555 567 0.012403690 ubox
556 560 0.650762870 ubox
556 561 0.111213407 ubox
556 562 0.012708927 ubox
556 566 0.013607268 ubox
557 564 0.020548237 ubox
557 565 0.013493859 ubox
558 563 0.020803725 ubox
558 566 0.005874597 ubox
559 565 0.006354796 ubox
560 564 0.006340371 ubox
564 571 0.003316195 ubox
564 577 0.025064968 ubox
565 570 0.003717583 ubox
565 576 0.025608501 ubox
566 575 0.025797041 ubox
567 574 0.026094029 ubox
568 573 0.026032604 ubox
574 582 0.006822141 ubox
575 581 0.006826358 ubox
585 635 0.004075080 ubox
586 634 0.003514636 ubox
587 633 0.003342353 ubox
589 634 0.023052297 ubox
590 633 0.025402215 ubox
590 634 0.967518270 ubox
591 632 0.018207299 ubox
591 633 0.994534787 ubox
591 634 0.010979285 ubox
592 632 0.998832498 ubox
592 633 0.008362663 ubox
593 631 0.999970793 ubox
594 630 0.999922511 ubox
595 629 0.999966710 ubox
596 623 0.031108541 ubox
596 626 0.008271194 ubox
596 628 0.995864303 ubox
597 622 0.034011457 ubox
597 623 0.005151747 ubox
597 625 0.036455514 ubox
597 626 0.521459972 ubox
598 621 0.033921385 ubox
598 624 0.038107203 ubox
598 625 0.546545038 ubox
598 626 0.366746516 ubox
599 624 0.528156389 ubox
599 625 0.629794944 ubox
603 620 0.996981356 ubox
603 621 0.056765163 ubox
603 622 0.009163428 ubox
603 623 0.013529551 ubox
604 619 0.998022837 ubox
604 620 0.057901361 ubox
604 622 0.012925347 ubox
605 618 0.999997467 ubox
606 617 0.999995291 ubox
607 616 0.999237545 ubox
608 615 0.980728054 ubox
