1 11 0.045086554 ubox
1 13 0.015062186 ubox
1 14 0.062580984 ubox
1 18 0.017966741 ubox
1 24 0.014436785 ubox
1 83 0.019325150 ubox
1 199 0.003947368 ubox
1 221 0.003783656 ubox
1 389 0.003592946 ubox
1 414 0.005323222 ubox
1 419 0.004301919 ubox
1 431 0.016444859 ubox
2 11 0.147329348 ubox
2 13 0.062818476 ubox
2 18 0.055793684 ubox
2 23 0.014478507 ubox
2 45 0.004604322 ubox
2 82 0.019620012 ubox
2 86 0.005496260 ubox
2 205 0.007537280 ubox
2 208 0.003886201 ubox
2 221 0.053715326 ubox
2 400 0.006789245 ubox
2 414 0.012938827 ubox
2 428 0.024275097 ubox
2 431 0.010980959 ubox
3 9 0.041911673 ubox
3 10 0.137449824 ubox
3 15 0.010089890 ubox
3 17 0.056729137 ubox
3 21 0.004261156 ubox
3 22 0.013349697 ubox
3 29 0.004124217 ubox
3 31 0.004951136 ubox
3 42 0.056983671 ubox
3 44 0.004450351 ubox
3 81 0.019382648 ubox
3 85 0.005263471 ubox
3 88 0.003367527 ubox
3 93 0.005119051 ubox
3 202 0.003793286 ubox
3 204 0.007213475 ubox
3 206 0.009622596 ubox
3 207 0.003836970 ubox
3 220 0.055380494 ubox
3 387 0.006084053 ubox
3 399 0.006939675 ubox
3 413 0.012768326 ubox
3 416 0.282542834 ubox
3 427 0.024446658 ubox
3 429 0.013021183 ubox
3 430 0.008348390 ubox
3 433 0.140765279 ubox
3 435 0.003605327 ubox
4 8 0.040341038 ubox
4 12 0.108132448 ubox
4 14 0.004344586 ubox
4 19 0.007702144 ubox
4 20 0.005534516 ubox
4 28 0.003996920 ubox
4 30 0.004792949 ubox
4 41 0.057372327 ubox
4 43 0.004077863 ubox
4 84 0.004772091 ubox
4 87 0.003544363 ubox
4 92 0.003645798 ubox
4 200 0.004439982 ubox
4 201 0.004057006 ubox
4 205 0.009527193 ubox
4 219 0.055407077 ubox
4 226 0.005523668 ubox
4 386 0.005998781 ubox
4 398 0.006176014 ubox
4 412 0.011888426 ubox
4 415 0.285031383 ubox
4 426 0.022406947 ubox
4 428 0.009477036 ubox
4 432 0.141406965 ubox
5 11 0.113654705 ubox
5 13 0.005277962 ubox
5 14 0.081206957 ubox
5 18 0.008089398 ubox
5 24 0.005833185 ubox
5 40 0.056740621 ubox
5 83 0.005424629 ubox
5 84 0.005891092 ubox
5 199 0.004137304 ubox
5 218 0.055203935 ubox
5 225 0.005741842 ubox
5 414 0.275362067 ubox
5 431 0.137567386 ubox
6 13 0.081488548 ubox
6 23 0.005846169 ubox
6 40 0.008985715 ubox
6 82 0.005444652 ubox
6 83 0.005912241 ubox
6 199 0.008292848 ubox
6 224 0.005753026 ubox
6 384 0.007628597 ubox
6 414 0.087106743 ubox
6 423 0.009096686 ubox
6 426 0.004502388 ubox
6 431 0.023871415 ubox
7 26 0.005789396 ubox
7 27 0.003452920 ubox
7 38 0.050025907 ubox
7 39 0.010910925 ubox
7 96 0.012920059 ubox
7 198 0.008434448 ubox
7 223 0.005720343 ubox
7 383 0.007663394 ubox
7 413 0.095701213 ubox
7 422 0.009051869 ubox
7 425 0.003955202 ubox
7 430 0.028318247 ubox
7 435 0.005354927 ubox
8 15 0.007353090 ubox
8 25 0.006906496 ubox
8 26 0.003822651 ubox
8 37 0.055102209 ubox
8 38 0.010057804 ubox
8 93 0.044152054 ubox
8 95 0.028355708 ubox
8 197 0.008184873 ubox
8 202 0.003834692 ubox
8 212 0.007907072 ubox
8 222 0.005597663 ubox
8 245 0.012151093 ubox
8 382 0.007520209 ubox
8 413 0.189138712 ubox
8 421 0.008173845 ubox
8 435 0.007138520 ubox
9 14 0.007120577 ubox
9 19 0.015021272 ubox
9 24 0.006810182 ubox
9 33 0.017451044 ubox
9 34 0.005041740 ubox
9 35 0.005204559 ubox
9 36 0.054183917 ubox
9 75 0.017384980 ubox
9 92 0.032870118 ubox
9 196 0.007830613 ubox
9 201 0.004125652 ubox
9 211 0.007776596 ubox
9 214 0.050240619 ubox
9 221 0.005177176 ubox
9 244 0.013160411 ubox
9 381 0.006101800 ubox
9 412 0.206757364 ubox
9 415 0.010278397 ubox
9 419 0.003673078 ubox
9 432 0.005898866 ubox
10 18 0.016886510 ubox
10 19 0.003363013 ubox
10 23 0.005531924 ubox
10 28 0.006555865 ubox
10 30 0.014909467 ubox
10 32 0.021146405 ubox
10 33 0.005769556 ubox
10 34 0.005886791 ubox
10 35 0.050694038 ubox
10 74 0.019196920 ubox
10 92 0.183180435 ubox
10 195 0.005842267 ubox
10 200 0.003762409 ubox
10 205 0.038277309 ubox
10 208 0.018246277 ubox
10 211 0.023524692 ubox
10 213 0.051328471 ubox
10 243 0.013443125 ubox
10 284 0.008520040 ubox
10 381 0.004503634 ubox
10 412 0.046806802 ubox
10 414 0.010771959 ubox
10 418 0.003555957 ubox
10 428 0.003714322 ubox
10 431 0.005158877 ubox
11 17 0.017577393 ubox
11 22 0.003529976 ubox
11 27 0.007772103 ubox
11 29 0.016622345 ubox
11 31 0.022090636 ubox
11 73 0.019533288 ubox
11 78 0.008172221 ubox
11 80 0.013852283 ubox
11 91 0.201422794 ubox
11 94 0.004471669 ubox
11 96 0.006684852 ubox
11 203 0.037437012 ubox
11 204 0.048003694 ubox
11 207 0.026802372 ubox
11 210 0.025101416 ubox
11 212 0.050500333 ubox
11 242 0.013370563 ubox
11 283 0.009214428 ubox
11 347 0.006165590 ubox
11 380 0.006252411 ubox
11 410 0.321990838 ubox
11 411 0.036377504 ubox
11 427 0.003874609 ubox
11 430 0.003765537 ubox
11 435 0.035987232 ubox
12 26 0.007893084 ubox
12 27 0.013542616 ubox
12 72 0.019611533 ubox
12 77 0.008195094 ubox
12 79 0.013981264 ubox
12 90 0.201511199 ubox
12 93 0.004428743 ubox
12 95 0.012617632 ubox
12 202 0.037555967 ubox
12 282 0.009226246 ubox
12 346 0.006281394 ubox
12 375 0.006849689 ubox
12 379 0.006080477 ubox
12 409 0.325589065 ubox
12 430 0.008008462 ubox
12 435 0.678006164 ubox
13 22 0.024041135 ubox
13 25 0.006123042 ubox
13 26 0.014570203 ubox
13 27 0.007532641 ubox
13 71 0.019622944 ubox
13 76 0.008062162 ubox
13 78 0.013886997 ubox
13 89 0.200206198 ubox
13 91 0.003389593 ubox
13 94 0.013397551 ubox
13 95 0.003612874 ubox
13 194 0.009855276 ubox
13 203 0.114359374 ubox
13 204 0.177599950 ubox
13 207 0.051084347 ubox
13 210 0.053427074 ubox
13 240 0.013155369 ubox
13 281 0.009227122 ubox
13 345 0.006289169 ubox
13 374 0.007606250 ubox
13 378 0.005712965 ubox
13 408 0.325821511 ubox
13 417 0.012192145 ubox
13 429 0.008324103 ubox
13 430 0.006460927 ubox
13 434 0.880649178 ubox
13 435 0.006294384 ubox
14 21 0.024272273 ubox
14 25 0.014495434 ubox
14 26 0.007193624 ubox
14 29 0.032599050 ubox
14 31 0.041659533 ubox
14 42 0.007429244 ubox
14 70 0.019615498 ubox
14 76 0.011654345 ubox
14 77 0.006427889 ubox
14 88 0.201075466 ubox
14 93 0.013072825 ubox
14 94 0.003713790 ubox
14 193 0.010155919 ubox
14 202 0.115051209 ubox
14 203 0.179718005 ubox
14 206 0.052369367 ubox
14 209 0.053450811 ubox
14 239 0.013877320 ubox
14 280 0.009176950 ubox
14 344 0.006245826 ubox
14 373 0.008061043 ubox
14 407 0.325742828 ubox
14 416 0.012921451 ubox
14 429 0.007124122 ubox
14 433 0.882053691 ubox
14 434 0.006725318 ubox
15 20 0.022662492 ubox
15 28 0.032266854 ubox
15 30 0.041223373 ubox
15 41 0.007602630 ubox
15 69 0.018535777 ubox
15 75 0.011048201 ubox
15 84 0.004218274 ubox
15 87 0.201358533 ubox
15 92 0.012290625 ubox
15 192 0.010133727 ubox
15 200 0.077442289 ubox
15 201 0.111018591 ubox
15 205 0.050754985 ubox
15 208 0.052072886 ubox
15 226 0.008598844 ubox
15 238 0.014084124 ubox
15 279 0.008351664 ubox
15 343 0.005501381 ubox
15 372 0.008430619 ubox
15 406 0.308686798 ubox
15 415 0.012910293 ubox
15 428 0.003453406 ubox
15 432 0.877494866 ubox
16 23 0.004438241 ubox
16 24 0.113296458 ubox
16 40 0.006827481 ubox
16 54 0.003844363 ubox
16 83 0.011125805 ubox
16 86 0.194273637 ubox
16 191 0.007538255 ubox
16 196 0.010868928 ubox
16 199 0.082954712 ubox
16 225 0.009839597 ubox
16 237 0.014182524 ubox
16 371 0.008625967 ubox
16 414 0.012693221 ubox
16 431 0.863110556 ubox
17 23 0.113862720 ubox
17 40 0.007626933 ubox
17 45 0.005441810 ubox
17 53 0.003871392 ubox
17 82 0.011441747 ubox
17 86 0.044726884 ubox
17 191 0.011228118 ubox
17 195 0.011205806 ubox
17 199 0.385927508 ubox
17 205 0.136715317 ubox
17 208 0.017622850 ubox
17 221 0.003189472 ubox
17 224 0.009869401 ubox
17 236 0.014085926 ubox
17 371 0.004135263 ubox
17 381 0.009195495 ubox
17 384 0.003569630 ubox
17 400 0.020190199 ubox
17 426 0.004622376 ubox
17 428 0.057405761 ubox
17 431 0.074316951 ubox
18 22 0.100795597 ubox
18 26 0.003344156 ubox
18 27 0.011921906 ubox
18 38 0.003650745 ubox
18 39 0.008258361 ubox
18 44 0.005459650 ubox
18 52 0.003700967 ubox
18 81 0.011053072 ubox
18 85 0.058304945 ubox
18 91 0.005436715 ubox
18 190 0.013105529 ubox
18 194 0.011073047 ubox
18 198 0.286886570 ubox
18 203 0.095722834 ubox
18 204 0.136455064 ubox
18 207 0.018519706 ubox
18 220 0.003279978 ubox
18 223 0.009365712 ubox
18 368 0.011100718 ubox
18 370 0.003721031 ubox
18 374 0.004205441 ubox
18 380 0.009396967 ubox
18 383 0.003505906 ubox
18 399 0.020139390 ubox
18 402 0.016989928 ubox
18 403 0.219211509 ubox
18 404 0.109032294 ubox
18 410 0.004144163 ubox
18 425 0.003227501 ubox
18 427 0.056072543 ubox
18 430 0.087370376 ubox
19 25 0.003445184 ubox
19 26 0.012360563 ubox
19 27 0.003415983 ubox
19 37 0.003571572 ubox
19 38 0.008122992 ubox
19 79 0.003904868 ubox
19 90 0.005429897 ubox
19 189 0.012439107 ubox
19 197 0.203470294 ubox
19 198 0.727543036 ubox
19 202 0.090399325 ubox
19 222 0.008237672 ubox
19 367 0.011185864 ubox
19 373 0.004110941 ubox
19 379 0.008866637 ubox
19 382 0.003204229 ubox
19 401 0.017796445 ubox
19 402 0.230495799 ubox
19 403 0.103500518 ubox
19 409 0.003901192 ubox
20 25 0.009656550 ubox
20 26 0.003364533 ubox
20 37 0.006789986 ubox
20 85 0.034653320 ubox
20 89 0.005000359 ubox
20 197 0.894270480 ubox
20 366 0.010884374 ubox
20 401 0.233274339 ubox
20 402 0.086498828 ubox
21 83 0.212534169 ubox
21 84 0.029448249 ubox
21 196 0.935278581 ubox
21 364 0.008085363 ubox
21 365 0.009103532 ubox
21 400 0.232459258 ubox
22 40 0.008908300 ubox
22 45 0.031232453 ubox
22 82 0.214042165 ubox
22 83 0.022091516 ubox
22 104 0.010979348 ubox
22 186 0.009258764 ubox
22 191 0.030190798 ubox
22 195 0.935362159 ubox
22 208 0.003464607 ubox
22 279 0.008328701 ubox
22 363 0.010266492 ubox
22 364 0.006722011 ubox
22 400 0.065266702 ubox
22 426 0.003922403 ubox
23 38 0.016060044 ubox
23 39 0.007912257 ubox
23 44 0.031549213 ubox
23 47 0.016316289 ubox
23 77 0.012798683 ubox
23 81 0.214869038 ubox
23 103 0.015875532 ubox
23 185 0.009054982 ubox
23 190 0.030930361 ubox
23 194 0.935362668 ubox
23 207 0.003577678 ubox
23 278 0.008491911 ubox
23 362 0.011928585 ubox
23 397 0.232094711 ubox
23 399 0.060880236 ubox
23 405 0.005020371 ubox
23 425 0.003956625 ubox
23 434 0.011673085 ubox
24 31 0.022691964 ubox
24 37 0.031175050 ubox
24 38 0.006838259 ubox
24 42 0.040566044 ubox
24 44 0.006845824 ubox
24 46 0.016866679 ubox
24 76 0.015941449 ubox
24 78 0.003593409 ubox
24 80 0.213803164 ubox
24 100 0.003933992 ubox
24 102 0.016082109 ubox
24 184 0.004151863 ubox
24 187 0.018655037 ubox
24 189 0.030679469 ubox
24 193 0.935256722 ubox
24 206 0.003577022 ubox
24 277 0.008499566 ubox
24 361 0.011895238 ubox
24 396 0.232927678 ubox
24 399 0.016127134 ubox
24 404 0.005003021 ubox
24 424 0.003956358 ubox
24 433 0.011887437 ubox
25 30 0.022397067 ubox
25 33 0.012959678 ubox
25 34 0.030287037 ubox
25 35 0.030100057 ubox
25 36 0.040697819 ubox
25 41 0.041198983 ubox
25 43 0.007489889 ubox
25 45 0.016970457 ubox
25 75 0.019415347 ubox
25 99 0.003906223 ubox
25 101 0.014778437 ubox
25 186 0.024270579 ubox
25 188 0.034540414 ubox
25 192 0.925824096 ubox
25 276 0.008455096 ubox
25 394 0.006658579 ubox
25 395 0.222208879 ubox
25 398 0.015550379 ubox
25 423 0.003371203 ubox
25 432 0.007860234 ubox
26 32 0.013257661 ubox
26 33 0.032720475 ubox
26 34 0.033160117 ubox
26 35 0.043630160 ubox
26 36 0.010615557 ubox
26 40 0.038123548 ubox
26 41 0.018290646 ubox
26 74 0.016166305 ubox
26 75 0.015534404 ubox
26 191 0.851031146 ubox
26 192 0.074768976 ubox
26 275 0.008223492 ubox
26 393 0.007834984 ubox
26 394 0.153757650 ubox
26 395 0.011037364 ubox
27 32 0.030042999 ubox
27 33 0.032842485 ubox
27 34 0.041841058 ubox
27 35 0.011967229 ubox
27 40 0.019224084 ubox
27 53 0.003731007 ubox
27 74 0.019078848 ubox
27 181 0.004813117 ubox
27 183 0.183085234 ubox
27 186 0.398508327 ubox
27 191 0.104425971 ubox
27 274 0.007544127 ubox
27 386 0.005760096 ubox
27 392 0.008720551 ubox
27 393 0.081944184 ubox
27 394 0.008508937 ubox
28 39 0.018314574 ubox
28 52 0.004565564 ubox
28 73 0.018103203 ubox
28 180 0.004941308 ubox
28 182 0.186798492 ubox
28 184 0.775881211 ubox
28 185 0.288588793 ubox
28 273 0.006507064 ubox
28 385 0.007070087 ubox
28 391 0.007800719 ubox
29 40 0.077118427 ubox
29 51 0.004901821 ubox
29 53 0.015273200 ubox
29 86 0.004444058 ubox
29 179 0.004956698 ubox
29 181 0.187364171 ubox
29 183 0.847053560 ubox
29 186 0.160840723 ubox
29 359 0.003187721 ubox
29 384 0.007098147 ubox
29 392 0.048985854 ubox
29 400 0.003259465 ubox
30 39 0.074616143 ubox
30 50 0.004596369 ubox
30 52 0.015521081 ubox
30 85 0.004380471 ubox
30 180 0.187113652 ubox
30 182 0.847286407 ubox
30 184 0.168110006 ubox
30 185 0.120613109 ubox
30 383 0.006503149 ubox
30 385 0.007958887 ubox
30 391 0.042517052 ubox
31 40 0.218771346 ubox
31 51 0.015633745 ubox
31 84 0.004092946 ubox
31 179 0.185929707 ubox
31 181 0.847468623 ubox
31 183 0.201644768 ubox
31 186 0.251827504 ubox
31 384 0.008991739 ubox
31 392 0.016450493 ubox
32 38 0.022169704 ubox
32 39 0.215871114 ubox
32 50 0.014660510 ubox
32 73 0.004910374 ubox
32 96 0.005818003 ubox
32 180 0.829889792 ubox
32 182 0.197748264 ubox
32 185 0.251687879 ubox
32 383 0.008871592 ubox
32 391 0.014122784 ubox
33 37 0.018864239 ubox
33 38 0.189679090 ubox
33 39 0.015775361 ubox
33 72 0.003201544 ubox
33 95 0.006282585 ubox
33 96 0.011753967 ubox
33 184 0.234432444 ubox
33 185 0.026463869 ubox
33 382 0.008180058 ubox
34 38 0.015272451 ubox
34 90 0.011178595 ubox
34 95 0.012248634 ubox
34 96 0.014181635 ubox
34 184 0.026582555 ubox
34 185 0.009907077 ubox
34 403 0.003857712 ubox
35 89 0.013084283 ubox
35 95 0.013563893 ubox
35 96 0.054835165 ubox
35 184 0.010595221 ubox
35 185 0.005186743 ubox
35 402 0.004396437 ubox
36 88 0.013703196 ubox
36 93 0.012951205 ubox
36 95 0.062144412 ubox
36 177 0.076425765 ubox
36 180 0.232813353 ubox
36 182 0.036607624 ubox
36 184 0.005581375 ubox
36 391 0.032181434 ubox
36 401 0.004520118 ubox
37 56 0.003889895 ubox
37 87 0.013616420 ubox
37 92 0.010347977 ubox
37 176 0.050567399 ubox
37 179 0.268904164 ubox
37 181 0.032679161 ubox
37 183 0.005372792 ubox
37 390 0.050019258 ubox
37 400 0.004284140 ubox
38 55 0.005889000 ubox
38 86 0.007099133 ubox
38 99 0.004384313 ubox
38 178 0.239531263 ubox
38 179 0.051619173 ubox
38 389 0.050457793 ubox
39 45 0.014047051 ubox
39 54 0.007020086 ubox
39 56 0.004092403 ubox
39 74 0.003329716 ubox
39 92 0.098613336 ubox
39 98 0.007194452 ubox
39 176 0.913406463 ubox
39 178 0.023620699 ubox
39 356 0.004517163 ubox
39 388 0.050641926 ubox
39 398 0.004027633 ubox
40 44 0.016023792 ubox
40 73 0.003191829 ubox
40 78 0.004253578 ubox
40 80 0.003286319 ubox
40 89 0.013058597 ubox
40 90 0.028970557 ubox
40 91 0.103965045 ubox
40 94 0.005779235 ubox
40 97 0.008258891 ubox
40 175 0.936816061 ubox
40 177 0.006131792 ubox
40 355 0.004909448 ubox
40 361 0.007845604 ubox
40 387 0.050489781 ubox
40 397 0.004088512 ubox
40 402 0.003298055 ubox
40 404 0.014095919 ubox
41 52 0.016462896 ubox
41 77 0.004218956 ubox
41 79 0.003397625 ubox
41 88 0.017175231 ubox
41 89 0.039728154 ubox
41 90 0.098744249 ubox
41 93 0.005771687 ubox
41 96 0.007938633 ubox
41 174 0.936885378 ubox
41 354 0.004688587 ubox
41 360 0.008058983 ubox
41 385 0.049092222 ubox
41 401 0.004419586 ubox
41 403 0.014122086 ubox
42 51 0.018714716 ubox
42 53 0.049125920 ubox
42 86 0.018565756 ubox
42 173 0.937054210 ubox
42 359 0.008006567 ubox
42 384 0.049377531 ubox
42 400 0.004527889 ubox
43 50 0.017133456 ubox
43 52 0.049959149 ubox
43 85 0.017294570 ubox
43 172 0.936747790 ubox
43 360 0.006122159 ubox
43 382 0.028847986 ubox
43 383 0.038620697 ubox
43 385 0.004866855 ubox
43 401 0.017016171 ubox
44 51 0.050324426 ubox
44 53 0.013935610 ubox
44 82 0.007792080 ubox
44 84 0.014160904 ubox
44 86 0.233306579 ubox
44 101 0.024890695 ubox
44 171 0.936094852 ubox
44 359 0.006983395 ubox
44 381 0.040686743 ubox
44 384 0.004999670 ubox
44 400 0.017984041 ubox
45 50 0.039420010 ubox
45 52 0.014503088 ubox
45 60 0.007626558 ubox
45 81 0.007903337 ubox
45 85 0.236737795 ubox
45 100 0.025148412 ubox
45 169 0.622503037 ubox
45 170 0.699405986 ubox
45 358 0.006965706 ubox
45 380 0.040274556 ubox
45 383 0.004123188 ubox
45 399 0.017805381 ubox
46 51 0.014654041 ubox
46 54 0.006053961 ubox
46 55 0.068086827 ubox
46 56 0.233358356 ubox
46 59 0.007708751 ubox
46 83 0.011816879 ubox
46 84 0.236879942 ubox
46 99 0.024411727 ubox
46 167 0.014567138 ubox
46 168 0.879228999 ubox
47 53 0.006061651 ubox
47 54 0.068223082 ubox
47 55 0.235030014 ubox
47 56 0.029338729 ubox
47 58 0.007670340 ubox
47 82 0.011711053 ubox
47 83 0.235920112 ubox
47 84 0.033959564 ubox
47 166 0.015796545 ubox
47 167 0.878685682 ubox
47 168 0.319100751 ubox
48 53 0.067882955 ubox
48 54 0.235055460 ubox
48 55 0.030185899 ubox
48 56 0.011212628 ubox
48 82 0.232856552 ubox
48 83 0.040406622 ubox
48 84 0.062644051 ubox
48 162 0.022441014 ubox
48 166 0.874767136 ubox
48 167 0.321054437 ubox
48 168 0.014240638 ubox
49 53 0.232644463 ubox
49 54 0.030222043 ubox
49 55 0.011874679 ubox
49 56 0.010577661 ubox
49 82 0.045050977 ubox
49 83 0.065573303 ubox
49 84 0.005774371 ubox
49 99 0.007853550 ubox
49 151 0.004628962 ubox
49 161 0.031222660 ubox
49 162 0.622450708 ubox
49 166 0.320707020 ubox
49 167 0.014478824 ubox
50 54 0.010526454 ubox
50 55 0.010516596 ubox
50 82 0.066741239 ubox
50 83 0.005406817 ubox
50 98 0.008059614 ubox
50 150 0.004695062 ubox
50 161 0.624784671 ubox
50 166 0.012604379 ubox
51 76 0.033405950 ubox
51 81 0.094982098 ubox
51 97 0.008062356 ubox
51 149 0.004704490 ubox
51 160 0.621722401 ubox
51 163 0.607491075 ubox
51 165 0.014232442 ubox
51 399 0.003596067 ubox
52 74 0.029761245 ubox
52 75 0.028836579 ubox
52 82 0.047975509 ubox
52 123 0.004656966 ubox
52 148 0.004598850 ubox
52 161 0.333735077 ubox
52 162 0.574793884 ubox
52 398 0.003617469 ubox
53 72 0.008449185 ubox
53 73 0.034496164 ubox
53 77 0.064550579 ubox
53 78 0.141008992 ubox
53 79 0.084276169 ubox
53 80 0.065732437 ubox
53 81 0.161520555 ubox
53 119 0.003440210 ubox
53 122 0.004961941 ubox
53 147 0.004396316 ubox
53 156 0.019297804 ubox
53 157 0.139743093 ubox
53 158 0.163616482 ubox
53 159 0.569727297 ubox
53 160 0.377586090 ubox
53 164 0.030854445 ubox
53 165 0.012844183 ubox
53 397 0.003612351 ubox
54 71 0.011522666 ubox
54 72 0.043651677 ubox
54 76 0.071406666 ubox
54 77 0.141175761 ubox
54 78 0.092536201 ubox
54 79 0.063962423 ubox
54 80 0.162045811 ubox
54 81 0.015886295 ubox
54 118 0.003477209 ubox
54 121 0.005329458 ubox
54 146 0.004380454 ubox
54 155 0.019630700 ubox
54 156 0.139966629 ubox
54 157 0.157069056 ubox
54 158 0.786740503 ubox
54 159 0.267993285 ubox
54 160 0.314249921 ubox
54 163 0.029961710 ubox
54 164 0.012862815 ubox
54 165 0.004017296 ubox
54 396 0.003529850 ubox
55 70 0.011513622 ubox
55 71 0.045019989 ubox
55 73 0.003813952 ubox
55 76 0.140944780 ubox
55 77 0.091310889 ubox
55 78 0.066952318 ubox
55 79 0.160508449 ubox
55 80 0.015942425 ubox
55 81 0.006733338 ubox
55 117 0.003510239 ubox
55 145 0.004189038 ubox
55 154 0.026995325 ubox
55 155 0.138588639 ubox
55 156 0.142388956 ubox
55 157 0.901934312 ubox
55 158 0.042755688 ubox
55 159 0.062267779 ubox
55 160 0.038501912 ubox
55 163 0.012077485 ubox
55 164 0.003971918 ubox
55 348 0.006650529 ubox
56 70 0.044833973 ubox
56 72 0.003891262 ubox
56 73 0.178069334 ubox
56 76 0.087949683 ubox
56 77 0.043092632 ubox
56 78 0.157493596 ubox
56 79 0.009568883 ubox
56 80 0.006866331 ubox
56 116 0.003509853 ubox
56 119 0.010654718 ubox
56 154 0.148323894 ubox
56 155 0.103121150 ubox
56 156 0.907313216 ubox
56 157 0.033080724 ubox
56 158 0.015416239 ubox
56 159 0.043104133 ubox
56 160 0.009979779 ubox
56 163 0.003882292 ubox
56 347 0.006844088 ubox
57 68 0.010261136 ubox
57 72 0.319395964 ubox
57 73 0.019009796 ubox
57 77 0.129968658 ubox
57 79 0.005870743 ubox
57 118 0.010754711 ubox
57 155 0.909783709 ubox
57 158 0.047422608 ubox
57 159 0.009889466 ubox
57 165 0.037601317 ubox
57 346 0.006892273 ubox
58 67 0.009251590 ubox
58 68 0.046668325 ubox
58 71 0.351729163 ubox
58 72 0.005206371 ubox
58 76 0.070930185 ubox
58 78 0.003518584 ubox
58 117 0.010779267 ubox
58 143 0.004957137 ubox
58 154 0.907897504 ubox
58 155 0.006520091 ubox
58 156 0.007677573 ubox
58 157 0.048529511 ubox
58 158 0.009813059 ubox
58 160 0.003875117 ubox
58 164 0.039183981 ubox
58 345 0.006902444 ubox
58 362 0.008894391 ubox
59 67 0.056563349 ubox
59 70 0.357092179 ubox
59 71 0.006127147 ubox
59 114 0.003869671 ubox
59 116 0.010724333 ubox
59 142 0.005006936 ubox
59 149 0.699148377 ubox
59 152 0.604385120 ubox
59 154 0.007880404 ubox
59 156 0.046398156 ubox
59 157 0.009578309 ubox
59 159 0.003225854 ubox
59 163 0.039208102 ubox
59 344 0.006897435 ubox
59 361 0.009061925 ubox
60 66 0.056802535 ubox
60 69 0.357108578 ubox
60 113 0.003968244 ubox
60 141 0.005001195 ubox
60 148 0.701704179 ubox
60 151 0.601993481 ubox
60 162 0.039163264 ubox
60 343 0.006835902 ubox
61 65 0.045113370 ubox
61 68 0.326640187 ubox
61 112 0.003464679 ubox
61 121 0.009028122 ubox
61 147 0.700530330 ubox
61 360 0.010490418 ubox
62 69 0.007693633 ubox
62 104 0.004131709 ubox
62 113 0.007450378 ubox
62 120 0.010110586 ubox
62 132 0.003713213 ubox
62 140 0.003483015 ubox
62 148 0.330185653 ubox
62 161 0.038622361 ubox
62 224 0.006328466 ubox
62 359 0.010816468 ubox
63 68 0.009513240 ubox
63 73 0.003939164 ubox
63 103 0.004220580 ubox
63 112 0.005990434 ubox
63 119 0.010132226 ubox
63 131 0.003743293 ubox
63 146 0.918954134 ubox
63 147 0.074495271 ubox
63 156 0.011091100 ubox
63 160 0.038773021 ubox
63 223 0.006421633 ubox
63 358 0.010829663 ubox
64 72 0.003897340 ubox
64 112 0.007041256 ubox
64 118 0.009780416 ubox
64 130 0.003669290 ubox
64 145 0.922184941 ubox
64 155 0.013069123 ubox
64 158 0.003354843 ubox
64 159 0.038416822 ubox
64 222 0.006489790 ubox
64 357 0.010821094 ubox
65 101 0.004397437 ubox
65 111 0.007813270 ubox
65 115 0.009146215 ubox
65 140 0.012561095 ubox
65 144 0.913890333 ubox
65 150 0.004173911 ubox
65 153 0.086722758 ubox
65 221 0.006491456 ubox
65 356 0.010780532 ubox
66 100 0.005342560 ubox
66 114 0.009642282 ubox
66 129 0.003537977 ubox
66 136 0.003685514 ubox
66 139 0.016015299 ubox
66 142 0.663758736 ubox
66 143 0.646896139 ubox
66 149 0.004021974 ubox
66 152 0.088114261 ubox
66 220 0.006491501 ubox
66 351 0.003199758 ubox
66 355 0.010314136 ubox
67 99 0.005574774 ubox
67 110 0.015313028 ubox
67 113 0.008642619 ubox
67 128 0.003513984 ubox
67 135 0.003666263 ubox
67 138 0.016723602 ubox
67 141 0.926521778 ubox
67 148 0.003904618 ubox
67 151 0.088134063 ubox
67 218 0.006613289 ubox
67 350 0.003573846 ubox
68 86 0.004637413 ubox
68 98 0.005563874 ubox
68 109 0.017589759 ubox
68 134 0.003442720 ubox
68 137 0.016738046 ubox
68 140 0.925842251 ubox
68 150 0.088108587 ubox
68 217 0.006616643 ubox
68 349 0.003566526 ubox
69 85 0.009228987 ubox
69 97 0.005488588 ubox
69 108 0.017871286 ubox
69 127 0.003264982 ubox
69 136 0.016814441 ubox
69 139 0.926736299 ubox
69 142 0.020654061 ubox
69 149 0.088107078 ubox
69 216 0.006618666 ubox
69 348 0.003546422 ubox
70 83 0.008960499 ubox
70 84 0.014426361 ubox
70 107 0.017958481 ubox
70 126 0.003512931 ubox
70 135 0.016062864 ubox
70 138 0.926303024 ubox
70 141 0.020745231 ubox
70 148 0.087204472 ubox
70 215 0.005891780 ubox
71 82 0.011184729 ubox
71 83 0.018309614 ubox
71 84 0.014366011 ubox
71 106 0.017970939 ubox
71 126 0.009206845 ubox
71 135 0.024854196 ubox
71 137 0.908211854 ubox
71 138 0.019865493 ubox
71 140 0.016090881 ubox
72 82 0.019033823 ubox
72 83 0.022407568 ubox
72 84 0.007101537 ubox
72 87 0.187330099 ubox
72 105 0.017842041 ubox
72 124 0.042629037 ubox
72 125 0.008634356 ubox
72 133 0.028188865 ubox
72 134 0.047974079 ubox
72 135 0.140887486 ubox
72 137 0.024289414 ubox
72 138 0.003497079 ubox
72 214 0.004198132 ubox
72 372 0.003681438 ubox
73 82 0.026229516 ubox
73 83 0.010895897 ubox
73 86 0.197033765 ubox
73 104 0.016218046 ubox
73 123 0.047089427 ubox
73 124 0.006517992 ubox
73 128 0.006686444 ubox
73 132 0.023670438 ubox
73 133 0.039420255 ubox
73 134 0.103111106 ubox
73 137 0.005842840 ubox
73 213 0.004137150 ubox
73 371 0.005967145 ubox
74 85 0.144966116 ubox
74 89 0.044081122 ubox
74 90 0.063457919 ubox
74 96 0.004191036 ubox
74 122 0.048042810 ubox
74 127 0.007772350 ubox
74 212 0.003971809 ubox
74 367 0.015490807 ubox
74 370 0.005891378 ubox
75 85 0.571307321 ubox
75 88 0.042532873 ubox
75 89 0.065374664 ubox
75 121 0.048339685 ubox
75 127 0.067188536 ubox
75 366 0.018128796 ubox
76 83 0.165980021 ubox
76 84 0.654395799 ubox
76 99 0.018608416 ubox
76 106 0.013616119 ubox
76 107 0.011456412 ubox
76 110 0.005551345 ubox
76 120 0.046879569 ubox
76 126 0.072667983 ubox
76 135 0.091473823 ubox
76 141 0.016602258 ubox
76 151 0.003440383 ubox
76 365 0.017804229 ubox
77 82 0.151390443 ubox
77 83 0.620875482 ubox
77 84 0.150653881 ubox
77 87 0.117063250 ubox
77 98 0.018165814 ubox
77 105 0.013659844 ubox
77 106 0.003704242 ubox
77 107 0.017327647 ubox
77 109 0.005260252 ubox
77 111 0.003723107 ubox
77 125 0.069983996 ubox
77 133 0.047513627 ubox
77 134 0.083601269 ubox
77 140 0.010428480 ubox
77 141 0.047917231 ubox
77 150 0.003364328 ubox
77 321 0.003553830 ubox
77 364 0.009631692 ubox
77 372 0.005945518 ubox
78 82 0.591794357 ubox
78 83 0.297985897 ubox
78 84 0.055389114 ubox
78 86 0.122250036 ubox
78 99 0.059517290 ubox
78 104 0.013079060 ubox
78 106 0.030129325 ubox
78 107 0.012462050 ubox
78 109 0.004733952 ubox
78 110 0.003944882 ubox
78 126 0.013137307 ubox
78 132 0.049069677 ubox
78 135 0.049645471 ubox
78 140 0.054147786 ubox
78 141 0.014378447 ubox
78 151 0.011186044 ubox
78 168 0.006247294 ubox
78 320 0.003708104 ubox
78 363 0.008539279 ubox
78 365 0.016906431 ubox
78 371 0.006232738 ubox
79 83 0.050044441 ubox
79 87 0.054383891 ubox
79 98 0.058832048 ubox
79 105 0.030250893 ubox
79 106 0.011773627 ubox
79 107 0.007426715 ubox
79 109 0.003685916 ubox
79 111 0.004923084 ubox
79 125 0.012472069 ubox
79 133 0.041028854 ubox
79 134 0.046323183 ubox
79 140 0.013865761 ubox
79 150 0.010955579 ubox
79 168 0.009882642 ubox
79 319 0.003711947 ubox
79 365 0.035755003 ubox
80 86 0.057312767 ubox
80 104 0.022902560 ubox
80 106 0.011028800 ubox
80 107 0.010066276 ubox
80 110 0.005234266 ubox
80 132 0.040753036 ubox
80 138 0.063153612 ubox
80 141 0.008492158 ubox
80 162 0.005655348 ubox
80 167 0.013278841 ubox
80 168 0.005415268 ubox
80 318 0.003713423 ubox
80 364 0.051361984 ubox
80 365 0.004476437 ubox
81 101 0.013682056 ubox
81 104 0.030587738 ubox
81 106 0.010052884 ubox
81 109 0.005178770 ubox
81 120 0.084921567 ubox
81 132 0.044003989 ubox
81 137 0.064214703 ubox
81 140 0.008450295 ubox
81 148 0.014382606 ubox
81 161 0.005667197 ubox
81 166 0.013311482 ubox
81 167 0.005310870 ubox
81 317 0.003712719 ubox
81 363 0.051793221 ubox
81 364 0.004248772 ubox
81 400 0.009799589 ubox
82 89 0.021077170 ubox
82 90 0.018407824 ubox
82 91 0.114262137 ubox
82 94 0.009917171 ubox
82 95 0.305332504 ubox
82 96 0.018402773 ubox
82 97 0.014865487 ubox
82 100 0.013600580 ubox
82 103 0.038891974 ubox
82 108 0.004921524 ubox
82 118 0.069227019 ubox
82 119 0.085487458 ubox
82 131 0.043760135 ubox
82 136 0.067337747 ubox
82 139 0.008316811 ubox
82 147 0.023805050 ubox
82 156 0.005248969 ubox
82 160 0.005102866 ubox
82 165 0.013345863 ubox
82 316 0.003340679 ubox
82 362 0.051927829 ubox
82 399 0.010094923 ubox
82 405 0.008260985 ubox
83 88 0.026653877 ubox
83 89 0.023225311 ubox
83 90 0.112027922 ubox
83 91 0.112869926 ubox
83 93 0.024471976 ubox
83 94 0.402039274 ubox
83 95 0.020105889 ubox
83 96 0.010855400 ubox
83 97 0.016954538 ubox
83 102 0.038759301 ubox
83 103 0.029488518 ubox
83 117 0.113734047 ubox
83 118 0.012114157 ubox
83 130 0.027002422 ubox
83 143 0.004732898 ubox
83 146 0.024005337 ubox
83 155 0.006555013 ubox
83 159 0.003273870 ubox
83 164 0.013477568 ubox
83 358 0.008341376 ubox
83 361 0.051762599 ubox
83 362 0.004234367 ubox
83 397 0.013922917 ubox
83 404 0.008320360 ubox
84 88 0.014967102 ubox
84 89 0.097494640 ubox
84 90 0.108006180 ubox
84 93 0.566129104 ubox
84 94 0.023422690 ubox
84 95 0.008567886 ubox
84 96 0.014489208 ubox
84 100 0.035807176 ubox
84 102 0.030300695 ubox
84 116 0.114110493 ubox
84 117 0.008789091 ubox
84 129 0.025513332 ubox
84 136 0.010486602 ubox
84 142 0.004761769 ubox
84 145 0.023993621 ubox
84 154 0.007510138 ubox
84 163 0.013430635 ubox
84 357 0.011240023 ubox
84 360 0.046863269 ubox
84 361 0.004376945 ubox
84 396 0.014099402 ubox
84 399 0.080299209 ubox
85 92 0.590328295 ubox
85 98 0.059300211 ubox
85 99 0.023216077 ubox
85 101 0.029954188 ubox
85 115 0.114374212 ubox
85 128 0.022875940 ubox
85 135 0.005734500 ubox
85 137 0.003527305 ubox
85 141 0.004580719 ubox
85 144 0.023994542 ubox
85 153 0.007530542 ubox
85 161 0.006169874 ubox
85 162 0.010608767 ubox
85 312 0.003217936 ubox
85 356 0.012758287 ubox
85 359 0.045343116 ubox
85 395 0.013176217 ubox
85 398 0.081368686 ubox
86 91 0.597898173 ubox
86 94 0.045898103 ubox
86 96 0.005863607 ubox
86 97 0.072199750 ubox
86 100 0.028817191 ubox
86 114 0.114285050 ubox
86 127 0.012934209 ubox
86 136 0.015648670 ubox
86 143 0.023856111 ubox
86 152 0.007496001 ubox
86 160 0.008435311 ubox
86 311 0.003216945 ubox
86 355 0.012808488 ubox
86 358 0.049346273 ubox
86 397 0.081534000 ubox
87 93 0.068461097 ubox
87 95 0.008731354 ubox
87 96 0.073199275 ubox
87 112 0.015121379 ubox
87 127 0.008675823 ubox
87 159 0.008161588 ubox
87 310 0.003223431 ubox
87 354 0.012380226 ubox
87 357 0.048986162 ubox
88 92 0.060499271 ubox
88 99 0.014615499 ubox
88 111 0.014440448 ubox
88 125 0.015412466 ubox
88 126 0.008733818 ubox
88 135 0.006782061 ubox
88 141 0.009865309 ubox
88 356 0.044958387 ubox
88 394 0.009070335 ubox
88 395 0.090451450 ubox
89 98 0.014347243 ubox
89 110 0.013687897 ubox
89 111 0.100865212 ubox
89 124 0.015528218 ubox
89 125 0.008491017 ubox
89 134 0.007667885 ubox
89 140 0.008397672 ubox
89 393 0.007861972 ubox
89 394 0.129157378 ubox
90 98 0.003727284 ubox
90 109 0.011508309 ubox
90 110 0.100755040 ubox
90 111 0.012922921 ubox
90 123 0.014188315 ubox
90 124 0.007756083 ubox
90 133 0.007742280 ubox
90 137 0.005730850 ubox
90 138 0.008982050 ubox
90 141 0.005707189 ubox
90 393 0.152778976 ubox
91 109 0.100191575 ubox
91 110 0.016534378 ubox
91 113 0.048067939 ubox
91 132 0.007695449 ubox
91 137 0.018838191 ubox
91 140 0.005950247 ubox
91 303 0.004182580 ubox
91 392 0.158046250 ubox
92 112 0.048178079 ubox
92 121 0.010355458 ubox
92 127 0.003445045 ubox
92 302 0.004220201 ubox
92 357 0.004899845 ubox
92 391 0.158042803 ubox
92 435 0.003555294 ubox
93 105 0.003329466 ubox
93 107 0.066580523 ubox
93 111 0.048153119 ubox
93 120 0.009745158 ubox
93 133 0.019491644 ubox
93 138 0.003880369 ubox
93 301 0.004230938 ubox
93 356 0.007444555 ubox
93 390 0.158117654 ubox
93 432 0.003808356 ubox
94 104 0.003406345 ubox
94 106 0.067348337 ubox
94 107 0.077234130 ubox
94 110 0.048031306 ubox
94 126 0.006837651 ubox
94 132 0.020208133 ubox
94 135 0.832464508 ubox
94 137 0.003557832 ubox
94 151 0.005998324 ubox
94 168 0.007419088 ubox
94 300 0.004226238 ubox
94 389 0.158063857 ubox
94 395 0.005154805 ubox
94 431 0.003180096 ubox
95 105 0.060226120 ubox
95 106 0.077686207 ubox
95 109 0.039522843 ubox
95 125 0.006888913 ubox
95 133 0.045539860 ubox
95 134 0.855967964 ubox
95 135 0.013344511 ubox
95 150 0.005930088 ubox
95 167 0.005337162 ubox
95 168 0.017291186 ubox
95 388 0.143792177 ubox
95 394 0.005080703 ubox
95 432 0.010938483 ubox
96 104 0.049349920 ubox
96 105 0.083511304 ubox
96 107 0.004609310 ubox
96 110 0.003285407 ubox
96 111 0.005837326 ubox
96 124 0.006335398 ubox
96 132 0.055091253 ubox
96 133 0.885158797 ubox
96 134 0.017618849 ubox
96 167 0.035262713 ubox
96 388 0.007955662 ubox
96 393 0.004843364 ubox
96 432 0.210345966 ubox
97 104 0.088490721 ubox
97 106 0.005219732 ubox
97 109 0.006337769 ubox
97 110 0.006104419 ubox
97 113 0.005755939 ubox
97 128 0.004378778 ubox
97 132 0.887731033 ubox
97 148 0.010938648 ubox
97 166 0.071907503 ubox
97 384 0.098336483 ubox
97 392 0.004751677 ubox
97 426 0.007299295 ubox
97 431 0.225651348 ubox
98 112 0.005773528 ubox
98 122 0.006592781 ubox
98 127 0.004344242 ubox
98 130 0.905552662 ubox
98 147 0.012056619 ubox
98 165 0.080936081 ubox
98 296 0.004146570 ubox
98 352 0.197256107 ubox
98 353 0.014175969 ubox
98 354 0.015851053 ubox
98 383 0.097328451 ubox
98 391 0.003959283 ubox
98 402 0.018458677 ubox
98 425 0.007329030 ubox
98 430 0.226377913 ubox
99 108 0.038840390 ubox
99 114 0.020197608 ubox
99 121 0.007360717 ubox
99 127 0.007808597 ubox
99 129 0.920371656 ubox
99 136 0.017350492 ubox
99 142 0.030583863 ubox
99 146 0.012406337 ubox
99 164 0.084669364 ubox
99 295 0.004313221 ubox
99 351 0.228758145 ubox
99 352 0.014424690 ubox
99 353 0.020325800 ubox
99 360 0.005199161 ubox
99 382 0.095569318 ubox
99 385 0.013216821 ubox
99 401 0.025598112 ubox
99 424 0.007347120 ubox
99 429 0.226834676 ubox
100 107 0.038885781 ubox
100 109 0.051516343 ubox
100 113 0.020306445 ubox
100 120 0.006719115 ubox
100 126 0.008851588 ubox
100 128 0.920469668 ubox
100 135 0.017487916 ubox
100 137 0.009407904 ubox
100 140 0.053997360 ubox
100 141 0.021813329 ubox
100 294 0.004311244 ubox
100 350 0.228823764 ubox
100 359 0.005497992 ubox
100 381 0.095005691 ubox
100 384 0.013625131 ubox
100 400 0.026320581 ubox
100 423 0.007315198 ubox
100 428 0.226832147 ubox
101 108 0.053905568 ubox
101 112 0.019996161 ubox
101 119 0.004815390 ubox
101 121 0.015690644 ubox
101 127 0.919724170 ubox
101 129 0.004166390 ubox
101 136 0.011023493 ubox
101 139 0.059134822 ubox
101 142 0.019156231 ubox
101 163 0.088206529 ubox
101 169 0.016156982 ubox
101 293 0.004260258 ubox
101 351 0.053190790 ubox
101 358 0.004225976 ubox
101 380 0.090282576 ubox
101 383 0.010658240 ubox
101 399 0.026138150 ubox
101 420 0.005170664 ubox
101 422 0.004355883 ubox
101 427 0.226645586 ubox
102 107 0.053877440 ubox
102 110 0.020892466 ubox
102 120 0.012175022 ubox
102 126 0.919072563 ubox
102 128 0.004220037 ubox
102 135 0.010991115 ubox
102 138 0.059212025 ubox
102 141 0.019294306 ubox
102 162 0.088345614 ubox
102 168 0.016332327 ubox
102 350 0.057824882 ubox
102 364 0.006373271 ubox
102 365 0.003668405 ubox
102 419 0.005272100 ubox
102 426 0.220400493 ubox
103 109 0.020957631 ubox
103 120 0.905542229 ubox
103 132 0.020407989 ubox
103 137 0.059212936 ubox
103 140 0.019294378 ubox
103 161 0.088334233 ubox
103 167 0.016326769 ubox
103 291 0.003197546 ubox
103 363 0.006432297 ubox
103 364 0.003654498 ubox
103 381 0.008229840 ubox
103 423 0.022260164 ubox
103 426 0.012055526 ubox
104 108 0.018551290 ubox
104 119 0.908591304 ubox
104 122 0.012215210 ubox
104 131 0.020689219 ubox
104 136 0.058981005 ubox
104 139 0.019239376 ubox
104 156 0.004900104 ubox
104 159 0.005543550 ubox
104 160 0.087981773 ubox
104 283 0.017697938 ubox
104 347 0.343354268 ubox
104 362 0.004761137 ubox
104 380 0.008350914 ubox
104 410 0.006764791 ubox
104 422 0.009441664 ubox
104 425 0.004403357 ubox
105 118 0.908423875 ubox
105 121 0.010788303 ubox
105 122 0.011096828 ubox
105 130 0.020253920 ubox
105 155 0.006059477 ubox
105 158 0.028536316 ubox
105 159 0.082959972 ubox
105 165 0.016316470 ubox
105 282 0.017923552 ubox
105 346 0.347080966 ubox
105 379 0.008391882 ubox
105 409 0.006836636 ubox
105 421 0.007546564 ubox
106 117 0.908066048 ubox
106 119 0.009739771 ubox
106 121 0.009090660 ubox
106 122 0.123500197 ubox
106 129 0.018168857 ubox
106 130 0.004873135 ubox
106 154 0.007485077 ubox
106 156 0.004803732 ubox
106 157 0.040037155 ubox
106 158 0.075878274 ubox
106 164 0.016453783 ubox
106 207 0.004340507 ubox
106 281 0.018002688 ubox
106 345 0.347769483 ubox
106 361 0.003428979 ubox
106 378 0.008331004 ubox
106 408 0.006845667 ubox
106 420 0.005978075 ubox
107 114 0.166798172 ubox
107 116 0.891138966 ubox
107 118 0.009483983 ubox
107 121 0.149228411 ubox
107 127 0.011653756 ubox
107 129 0.009745428 ubox
107 136 0.030449180 ubox
107 149 0.049871512 ubox
107 156 0.036678803 ubox
107 157 0.060144561 ubox
107 163 0.016446419 ubox
107 206 0.004374437 ubox
107 280 0.018005968 ubox
107 344 0.347812800 ubox
107 360 0.003433122 ubox
107 407 0.006842352 ubox
108 113 0.228131248 ubox
108 120 0.154586279 ubox
108 126 0.012529780 ubox
108 128 0.012681741 ubox
108 132 0.061148833 ubox
108 135 0.030693987 ubox
108 137 0.003920039 ubox
108 148 0.056730017 ubox
108 162 0.016206342 ubox
108 205 0.004374675 ubox
108 279 0.018005555 ubox
108 343 0.347805291 ubox
108 359 0.003432131 ubox
109 117 0.028980944 ubox
109 118 0.017374525 ubox
109 119 0.151687634 ubox
109 127 0.012226403 ubox
109 131 0.059262398 ubox
109 136 0.004190882 ubox
109 147 0.056848791 ubox
109 155 0.024209417 ubox
109 156 0.024964393 ubox
109 157 0.011611545 ubox
109 160 0.003230411 ubox
109 204 0.004374962 ubox
109 278 0.018002762 ubox
109 342 0.347735246 ubox
109 375 0.008032068 ubox
109 405 0.006830158 ubox
109 417 0.004426272 ubox
110 116 0.030999679 ubox
110 117 0.075411560 ubox
110 118 0.117596022 ubox
110 119 0.023599777 ubox
110 122 0.015642269 ubox
110 130 0.048506366 ubox
110 131 0.060938727 ubox
110 146 0.056988646 ubox
110 154 0.025313913 ubox
110 155 0.017779374 ubox
110 156 0.012555040 ubox
110 160 0.013120034 ubox
110 203 0.004374562 ubox
110 277 0.017949815 ubox
110 341 0.347320094 ubox
110 374 0.008093544 ubox
110 404 0.006828931 ubox
110 416 0.004415212 ubox
111 118 0.028020817 ubox
111 121 0.018238056 ubox
111 130 0.062342699 ubox
111 145 0.056957152 ubox
111 155 0.011564711 ubox
111 159 0.012596851 ubox
111 202 0.004344004 ubox
111 340 0.347563174 ubox
111 373 0.007835425 ubox
111 403 0.006656825 ubox
112 120 0.018440443 ubox
112 123 0.004567087 ubox
112 140 0.004708862 ubox
112 144 0.056623333 ubox
112 150 0.015625981 ubox
112 153 0.026053572 ubox
112 201 0.003848814 ubox
112 234 0.003228521 ubox
112 339 0.347409343 ubox
112 369 0.004643299 ubox
112 372 0.006746963 ubox
113 119 0.018073747 ubox
113 121 0.019864329 ubox
113 122 0.004312907 ubox
113 129 0.093249630 ubox
113 136 0.005688962 ubox
113 139 0.005950791 ubox
113 142 0.025989953 ubox
113 143 0.050366438 ubox
113 149 0.015906709 ubox
113 152 0.026210365 ubox
113 233 0.010568400 ubox
113 338 0.347736157 ubox
113 368 0.005244916 ubox
113 401 0.005683138 ubox
114 120 0.021012032 ubox
114 126 0.003264722 ubox
114 128 0.093694775 ubox
114 135 0.005723192 ubox
114 138 0.006140662 ubox
114 141 0.036248062 ubox
114 148 0.015908939 ubox
114 151 0.026024933 ubox
114 224 0.005592253 ubox
114 229 0.003272122 ubox
114 232 0.012708289 ubox
114 337 0.346916376 ubox
114 400 0.005862378 ubox
115 121 0.010741316 ubox
115 127 0.093565421 ubox
115 147 0.015426956 ubox
115 222 0.005167268 ubox
115 223 0.006207749 ubox
115 228 0.006865207 ubox
115 231 0.013099846 ubox
115 290 0.003418067 ubox
115 302 0.003243065 ubox
115 336 0.307465240 ubox
115 366 0.007447497 ubox
116 120 0.012328288 ubox
116 126 0.089748851 ubox
116 138 0.011237148 ubox
116 141 0.041341275 ubox
116 221 0.005737503 ubox
116 225 0.180388968 ubox
116 227 0.007586087 ubox
116 230 0.013446917 ubox
116 237 0.003991915 ubox
116 289 0.003679441 ubox
116 335 0.251258884 ubox
116 365 0.007762652 ubox
117 126 0.033437231 ubox
117 135 0.008339776 ubox
117 137 0.011137853 ubox
117 138 0.032555931 ubox
117 140 0.041404309 ubox
117 141 0.009885378 ubox
117 224 0.181705269 ubox
117 225 0.022430730 ubox
117 227 0.035018374 ubox
117 229 0.012860786 ubox
117 236 0.004002636 ubox
117 334 0.223101772 ubox
117 335 0.006488374 ubox
117 364 0.007742012 ubox
118 125 0.040056308 ubox
118 133 0.077037671 ubox
118 134 0.007375968 ubox
118 137 0.008731553 ubox
118 138 0.041383527 ubox
118 141 0.010855190 ubox
118 162 0.004330649 ubox
118 219 0.008149118 ubox
118 224 0.021049290 ubox
118 225 0.018924023 ubox
118 226 0.051959096 ubox
118 235 0.003998576 ubox
118 292 0.004496864 ubox
118 301 0.082288028 ubox
118 333 0.137306537 ubox
118 363 0.005152040 ubox
119 128 0.020794693 ubox
119 132 0.082966115 ubox
119 137 0.053844020 ubox
119 140 0.016640980 ubox
119 148 0.004343617 ubox
119 161 0.007765976 ubox
119 218 0.008600033 ubox
119 221 0.268426372 ubox
119 224 0.027825735 ubox
119 225 0.053628952 ubox
119 234 0.003983279 ubox
119 291 0.004807298 ubox
119 294 0.069025392 ubox
119 300 0.088430500 ubox
119 303 0.055945159 ubox
119 331 0.008477789 ubox
119 363 0.005870945 ubox
120 127 0.015900219 ubox
120 129 0.032989232 ubox
120 131 0.080691752 ubox
120 136 0.054578221 ubox
120 139 0.017187869 ubox
120 142 0.009549171 ubox
120 145 0.003201279 ubox
120 147 0.003940475 ubox
120 149 0.003744807 ubox
120 160 0.007840959 ubox
120 220 0.270933965 ubox
120 222 0.004168884 ubox
120 223 0.026918219 ubox
120 233 0.003460228 ubox
120 277 0.004749585 ubox
120 290 0.004160797 ubox
120 293 0.070307182 ubox
120 299 0.088486159 ubox
120 302 0.056465559 ubox
120 304 0.004605934 ubox
120 330 0.006576011 ubox
120 332 0.003565788 ubox
120 362 0.005835943 ubox
121 126 0.007487323 ubox
121 128 0.034223496 ubox
121 133 0.004631234 ubox
121 134 0.005909713 ubox
121 135 0.054132926 ubox
121 138 0.017107259 ubox
121 141 0.009496231 ubox
121 144 0.003212130 ubox
121 148 0.003689759 ubox
121 218 0.006723653 ubox
121 219 0.269111583 ubox
121 221 0.003796331 ubox
121 225 0.017734794 ubox
121 226 0.006445170 ubox
121 276 0.004731411 ubox
121 292 0.069866534 ubox
121 298 0.088331341 ubox
121 301 0.056456354 ubox
121 303 0.004262272 ubox
122 128 0.017336241 ubox
122 132 0.004952194 ubox
122 133 0.006303943 ubox
122 134 0.049642873 ubox
122 137 0.009060149 ubox
122 140 0.007657292 ubox
122 217 0.003995696 ubox
122 218 0.264378132 ubox
122 224 0.028480689 ubox
122 225 0.006106088 ubox
122 275 0.003898877 ubox
122 291 0.068166983 ubox
122 297 0.084927042 ubox
122 300 0.054691025 ubox
123 127 0.014863334 ubox
123 223 0.031905748 ubox
123 290 0.064513399 ubox
123 296 0.075259389 ubox
123 299 0.051336204 ubox
124 222 0.033733559 ubox
124 223 0.006995188 ubox
125 155 0.053541180 ubox
125 165 0.011543725 ubox
125 222 0.007028405 ubox
125 223 0.003860108 ubox
125 240 0.004123381 ubox
125 286 0.039809685 ubox
125 296 0.053833791 ubox
125 306 0.007496933 ubox
126 136 0.016407765 ubox
126 139 0.007271524 ubox
126 142 0.003730217 ubox
126 154 0.058715156 ubox
126 164 0.013114920 ubox
126 212 0.008246495 ubox
126 216 0.012060065 ubox
126 220 0.026212532 ubox
126 222 0.004833702 ubox
126 239 0.004613357 ubox
126 285 0.042007421 ubox
126 293 0.049364425 ubox
126 295 0.060767751 ubox
126 304 0.004278248 ubox
126 305 0.009368475 ubox
127 135 0.016305688 ubox
127 137 0.036846235 ubox
127 138 0.005167933 ubox
127 140 0.009985091 ubox
127 144 0.003577001 ubox
127 150 0.008556712 ubox
127 153 0.058752556 ubox
127 211 0.009227381 ubox
127 215 0.011861945 ubox
127 217 0.313523393 ubox
127 219 0.018696570 ubox
127 238 0.004590003 ubox
127 284 0.035000283 ubox
127 291 0.010688007 ubox
127 292 0.030047282 ubox
127 294 0.056996780 ubox
127 303 0.003175014 ubox
128 136 0.100482628 ubox
128 139 0.011308153 ubox
128 142 0.003793701 ubox
128 143 0.003348255 ubox
128 149 0.008705929 ubox
128 152 0.058773746 ubox
128 163 0.015161065 ubox
128 210 0.009339589 ubox
128 216 0.320932347 ubox
128 228 0.003920429 ubox
128 283 0.033330538 ubox
128 290 0.025920359 ubox
128 293 0.055513853 ubox
128 295 0.009439371 ubox
128 304 0.010870210 ubox
129 135 0.101154319 ubox
129 138 0.011289503 ubox
129 141 0.004028343 ubox
129 148 0.008700847 ubox
129 151 0.058767573 ubox
129 162 0.015095296 ubox
129 215 0.321334244 ubox
129 218 0.003372662 ubox
129 227 0.005041781 ubox
129 236 0.004618644 ubox
129 289 0.027414538 ubox
129 294 0.009403958 ubox
129 303 0.010873514 ubox
130 134 0.090090470 ubox
130 137 0.007911180 ubox
130 141 0.003412757 ubox
130 150 0.057883184 ubox
130 162 0.007391725 ubox
130 200 0.003567285 ubox
130 214 0.307692104 ubox
130 217 0.003243476 ubox
130 226 0.005876833 ubox
130 235 0.004617971 ubox
130 288 0.025391090 ubox
130 292 0.039997473 ubox
130 301 0.009805077 ubox
131 137 0.016915261 ubox
131 140 0.005718850 ubox
131 148 0.030976767 ubox
131 161 0.021245700 ubox
131 199 0.003713809 ubox
131 208 0.004467939 ubox
131 225 0.005938153 ubox
131 234 0.004596062 ubox
131 291 0.040034383 ubox
131 300 0.009887166 ubox
132 136 0.018510407 ubox
132 139 0.005642392 ubox
132 146 0.032628130 ubox
132 147 0.018757065 ubox
132 156 0.007906266 ubox
132 160 0.021696728 ubox
132 207 0.004407395 ubox
132 233 0.003745625 ubox
132 290 0.032713572 ubox
132 299 0.008782853 ubox
133 145 0.032371725 ubox
133 155 0.008055183 ubox
133 159 0.021688436 ubox
133 223 0.004821096 ubox
134 147 0.005911361 ubox
134 155 0.005131473 ubox
134 158 0.021590787 ubox
134 197 0.003266695 ubox
134 222 0.004537298 ubox
134 286 0.010073197 ubox
134 296 0.003694037 ubox
135 142 0.041707256 ubox
135 146 0.005811307 ubox
135 149 0.035821358 ubox
135 152 0.038180800 ubox
135 154 0.005233919 ubox
135 157 0.020373554 ubox
135 206 0.010066222 ubox
135 209 0.346708538 ubox
135 216 0.003841287 ubox
135 285 0.010276136 ubox
135 295 0.003827543 ubox
136 141 0.041902937 ubox
136 148 0.035868780 ubox
136 151 0.038908834 ubox
136 171 0.005037970 ubox
136 195 0.004400614 ubox
136 205 0.010124638 ubox
136 208 0.347740185 ubox
136 215 0.003877507 ubox
136 294 0.003795685 ubox
137 143 0.011424896 ubox
137 146 0.004430244 ubox
137 147 0.035248498 ubox
137 155 0.010453614 ubox
137 156 0.008859395 ubox
137 170 0.005193891 ubox
137 194 0.004429288 ubox
137 204 0.010125369 ubox
137 207 0.347766291 ubox
137 210 0.021335317 ubox
137 281 0.013670192 ubox
138 142 0.011194674 ubox
138 145 0.003396921 ubox
138 146 0.034444923 ubox
138 149 0.053846954 ubox
138 152 0.017759188 ubox
138 154 0.010573193 ubox
138 155 0.005069213 ubox
138 169 0.005246970 ubox
138 193 0.004432471 ubox
138 203 0.010112168 ubox
138 206 0.347776392 ubox
138 209 0.021833788 ubox
138 280 0.013918618 ubox
139 148 0.054142220 ubox
139 151 0.017768444 ubox
139 168 0.005237040 ubox
139 171 0.004475585 ubox
139 191 0.004702386 ubox
139 199 0.011273682 ubox
139 205 0.347719476 ubox
139 208 0.021841985 ubox
139 279 0.013924573 ubox
140 146 0.004828989 ubox
140 147 0.053355401 ubox
140 164 0.008865472 ubox
140 170 0.004626639 ubox
140 190 0.004720765 ubox
140 194 0.004456431 ubox
140 198 0.018971087 ubox
140 203 0.006852688 ubox
140 204 0.347230415 ubox
140 207 0.021841535 ubox
140 278 0.013922603 ubox
141 145 0.004180237 ubox
141 146 0.051712757 ubox
141 149 0.020766037 ubox
141 152 0.013879211 ubox
141 163 0.010245751 ubox
141 169 0.005218080 ubox
141 189 0.004623887 ubox
141 193 0.004646851 ubox
141 197 0.077533173 ubox
141 202 0.005026996 ubox
141 203 0.338539559 ubox
141 206 0.021828179 ubox
141 277 0.013855839 ubox
142 148 0.021061126 ubox
142 151 0.014101943 ubox
142 162 0.010474506 ubox
142 167 0.030747820 ubox
142 168 0.006059784 ubox
142 196 0.212910179 ubox
142 205 0.018738704 ubox
142 237 0.008685756 ubox
143 161 0.010454029 ubox
143 166 0.030843520 ubox
143 167 0.006014741 ubox
143 195 0.212613039 ubox
143 199 0.150759622 ubox
143 236 0.008684771 ubox
144 165 0.029990061 ubox
144 189 0.010560314 ubox
144 197 0.081785097 ubox
144 198 0.134164957 ubox
144 202 0.026256695 ubox
145 188 0.006998555 ubox
145 192 0.205135873 ubox
145 196 0.104948678 ubox
145 200 0.058678812 ubox
145 201 0.026460280 ubox
145 235 0.008435829 ubox
146 162 0.029297641 ubox
146 191 0.207507485 ubox
146 195 0.107513753 ubox
146 196 0.082017685 ubox
146 199 0.061577790 ubox
146 234 0.008464364 ubox
147 161 0.029402693 ubox
147 188 0.316705539 ubox
147 191 0.007737589 ubox
147 195 0.059145600 ubox
148 152 0.003354523 ubox
148 160 0.029370447 ubox
148 163 0.011989975 ubox
148 184 0.007429470 ubox
148 187 0.345651170 ubox
148 194 0.022601177 ubox
148 197 0.004826417 ubox
148 233 0.011868865 ubox
149 162 0.011983888 ubox
149 166 0.008950999 ubox
149 183 0.008488614 ubox
149 186 0.346355190 ubox
149 196 0.004930557 ubox
149 232 0.012772742 ubox
150 158 0.027852954 ubox
150 159 0.009370574 ubox
150 165 0.008984147 ubox
150 182 0.006774959 ubox
150 185 0.344981178 ubox
150 231 0.012736526 ubox
151 157 0.028573204 ubox
151 158 0.007969350 ubox
151 163 0.007394148 ubox
151 164 0.007756634 ubox
151 182 0.080208344 ubox
151 184 0.336530794 ubox
152 162 0.008671995 ubox
152 166 0.003236898 ubox
152 181 0.087174107 ubox
152 183 0.335689708 ubox
152 229 0.012778731 ubox
153 165 0.003208824 ubox
153 180 0.094059547 ubox
153 182 0.333385365 ubox
153 228 0.012795275 ubox
154 162 0.004421798 ubox
154 179 0.100516522 ubox
154 181 0.330845646 ubox
154 227 0.012799195 ubox
155 161 0.004054228 ubox
155 162 0.003355821 ubox
155 168 0.009191963 ubox
155 178 0.102083128 ubox
155 226 0.012795538 ubox
156 161 0.004244888 ubox
156 162 0.010316182 ubox
156 167 0.011135546 ubox
156 168 0.006111667 ubox
156 225 0.012787154 ubox
157 161 0.010263823 ubox
157 166 0.011167408 ubox
157 167 0.006165337 ubox
157 179 0.145303455 ubox
157 224 0.012648013 ubox
158 166 0.006059943 ubox
158 178 0.135464941 ubox
158 179 0.027892236 ubox
158 201 0.007291165 ubox
159 178 0.032770680 ubox
159 200 0.008567726 ubox
160 171 0.340133620 ubox
160 173 0.019203667 ubox
160 199 0.008671221 ubox
160 205 0.003451291 ubox
160 208 0.009983206 ubox
160 221 0.008951561 ubox
161 170 0.343230071 ubox
161 172 0.003933269 ubox
161 175 0.047038904 ubox
161 198 0.008629000 ubox
161 204 0.003565496 ubox
161 207 0.010245489 ubox
161 220 0.008513027 ubox
162 169 0.343268643 ubox
162 172 0.008118404 ubox
162 174 0.047371161 ubox
162 180 0.005221536 ubox
162 197 0.008672238 ubox
162 203 0.003588852 ubox
162 206 0.010327271 ubox
162 209 0.003330081 ubox
162 216 0.004752647 ubox
163 168 0.341903648 ubox
163 171 0.008219904 ubox
163 173 0.047322588 ubox
163 179 0.005031075 ubox
163 196 0.008572370 ubox
163 205 0.010250726 ubox
163 208 0.003321986 ubox
163 215 0.004733769 ubox
164 179 0.004305626 ubox
164 195 0.008429339 ubox
164 218 0.006398632 ubox
165 171 0.035301767 ubox
165 176 0.003539405 ubox
165 178 0.004644239 ubox
165 217 0.006377204 ubox
166 170 0.034380107 ubox
166 172 0.005844365 ubox
166 175 0.003700808 ubox
166 177 0.004273451 ubox
166 194 0.008270228 ubox
166 204 0.006604976 ubox
166 216 0.006280663 ubox
167 174 0.003414399 ubox
167 175 0.007118527 ubox
167 193 0.008264876 ubox
167 198 0.012615059 ubox
167 203 0.006607839 ubox
167 210 0.006120094 ubox
168 174 0.007208854 ubox
168 197 0.034675864 ubox
168 209 0.006133457 ubox
169 173 0.007182538 ubox
169 196 0.036549137 ubox
169 208 0.006045234 ubox
170 191 0.006678727 ubox
170 195 0.036568244 ubox
171 189 0.005859920 ubox
171 190 0.006497328 ubox
171 194 0.036533786 ubox
171 206 0.005634194 ubox
172 176 0.004043710 ubox
172 178 0.008832504 ubox
172 179 0.006720924 ubox
172 188 0.008724635 ubox
172 205 0.005466943 ubox
173 177 0.007972981 ubox
173 180 0.003369897 ubox
173 187 0.008844366 ubox
173 193 0.036855311 ubox
173 204 0.005371253 ubox
174 179 0.003721055 ubox
174 186 0.006844599 ubox
174 192 0.036869971 ubox
174 200 0.004928491 ubox
175 181 0.004498395 ubox
175 183 0.004613427 ubox
175 186 0.005848042 ubox
175 191 0.036807484 ubox
175 199 0.005017291 ubox
176 180 0.004237255 ubox
176 182 0.004678841 ubox
176 184 0.005288175 ubox
176 185 0.005917864 ubox
176 189 0.006553123 ubox
176 198 0.004603656 ubox
177 181 0.004340574 ubox
177 183 0.005659036 ubox
177 186 0.003638725 ubox
177 188 0.006485291 ubox
178 182 0.004707274 ubox
178 185 0.003961236 ubox
179 187 0.014324396 ubox
179 189 0.069880586 ubox
179 220 0.007168528 ubox
179 391 0.007976826 ubox
180 186 0.014089665 ubox
180 188 0.072272146 ubox
180 191 0.003334491 ubox
180 195 0.004581869 ubox
180 219 0.007132521 ubox
180 390 0.008943056 ubox
181 185 0.006113795 ubox
181 187 0.072674580 ubox
181 189 0.013952307 ubox
181 190 0.005815168 ubox
181 194 0.005015097 ubox
182 186 0.067348990 ubox
182 188 0.015247898 ubox
182 191 0.004869517 ubox
182 217 0.007280820 ubox
182 388 0.010114999 ubox
183 187 0.015268272 ubox
183 189 0.004794478 ubox
183 190 0.010351186 ubox
183 193 0.014816416 ubox
183 202 0.005466165 ubox
183 216 0.007337616 ubox
183 220 0.003527811 ubox
183 387 0.010309518 ubox
184 188 0.007663730 ubox
184 192 0.018786164 ubox
184 201 0.005835825 ubox
184 215 0.007297282 ubox
184 218 0.011651039 ubox
184 386 0.007374504 ubox
185 191 0.034890075 ubox
185 200 0.006047005 ubox
185 214 0.006953273 ubox
185 217 0.023950483 ubox
185 386 0.023594692 ubox
186 190 0.047654014 ubox
186 216 0.025927504 ubox
186 385 0.027124480 ubox
187 199 0.005419239 ubox
187 215 0.025890763 ubox
187 384 0.027698579 ubox
187 392 0.005889814 ubox
188 197 0.041481226 ubox
188 198 0.005022026 ubox
188 202 0.012231589 ubox
188 212 0.003667307 ubox
188 383 0.026814453 ubox
188 391 0.005911360 ubox
189 196 0.054832819 ubox
189 200 0.191153486 ubox
189 201 0.012312100 ubox
189 211 0.003751167 ubox
189 390 0.005907854 ubox
190 195 0.058696319 ubox
190 199 0.197087094 ubox
190 208 0.009184999 ubox
190 381 0.027503428 ubox
190 384 0.005752867 ubox
190 389 0.005653310 ubox
191 198 0.186930856 ubox
191 207 0.009297104 ubox
191 380 0.027701102 ubox
191 383 0.006690685 ubox
192 197 0.155557678 ubox
192 379 0.026822421 ubox
192 382 0.006825679 ubox
193 381 0.006661956 ubox
194 205 0.032627723 ubox
194 208 0.031927424 ubox
195 203 0.003555116 ubox
195 204 0.035743856 ubox
195 207 0.032586206 ubox
195 210 0.003164642 ubox
195 246 0.003855395 ubox
195 374 0.024979501 ubox
195 375 0.006329999 ubox
195 379 0.007031155 ubox
195 434 0.004234678 ubox
196 202 0.011805529 ubox
196 203 0.035797708 ubox
196 206 0.032733632 ubox
196 209 0.003265557 ubox
196 245 0.004041187 ubox
196 373 0.025152387 ubox
196 374 0.006641857 ubox
196 378 0.008790424 ubox
196 433 0.004337288 ubox
197 201 0.012655637 ubox
197 205 0.028331856 ubox
197 244 0.004342999 ubox
197 372 0.024544952 ubox
197 377 0.008767520 ubox
197 432 0.004317268 ubox
198 205 0.068447009 ubox
198 208 0.011853942 ubox
198 211 0.012172273 ubox
198 221 0.003824883 ubox
198 243 0.004770893 ubox
198 284 0.003355703 ubox
198 369 0.106185022 ubox
198 371 0.013849671 ubox
198 376 0.005003468 ubox
198 431 0.004203879 ubox
199 204 0.110614021 ubox
199 207 0.024386590 ubox
199 210 0.014877067 ubox
199 216 0.003384961 ubox
199 220 0.006136009 ubox
199 242 0.004891037 ubox
199 283 0.003980767 ubox
199 347 0.003232619 ubox
199 368 0.137135151 ubox
199 403 0.004662613 ubox
199 404 0.011927425 ubox
199 430 0.010858941 ubox
199 435 0.004395999 ubox
200 222 0.003787462 ubox
200 223 0.004274197 ubox
200 282 0.003802979 ubox
200 367 0.137785693 ubox
200 402 0.005397092 ubox
200 403 0.011901983 ubox
200 435 0.003752719 ubox
201 212 0.007682324 ubox
201 222 0.005418776 ubox
201 366 0.137945340 ubox
201 401 0.005473459 ubox
201 402 0.010829686 ubox
201 435 0.003726324 ubox
202 211 0.008236988 ubox
202 219 0.039694635 ubox
202 221 0.004123784 ubox
202 226 0.046516163 ubox
202 235 0.018485943 ubox
202 238 0.011460153 ubox
202 365 0.137953172 ubox
202 400 0.004845863 ubox
202 432 0.086185952 ubox
203 218 0.042232280 ubox
203 225 0.047936857 ubox
203 230 0.017553192 ubox
203 234 0.019177610 ubox
203 237 0.011966826 ubox
203 364 0.138094958 ubox
203 431 0.094501942 ubox
204 221 0.009020516 ubox
204 224 0.047964287 ubox
204 229 0.017614151 ubox
204 232 0.029746139 ubox
204 234 0.004424596 ubox
204 236 0.011916322 ubox
204 363 0.138069544 ubox
204 400 0.010007481 ubox
204 426 0.006515208 ubox
204 428 0.617847958 ubox
204 431 0.087021622 ubox
205 216 0.079704594 ubox
205 220 0.009287718 ubox
205 222 0.010336614 ubox
205 223 0.044489189 ubox
205 228 0.017565734 ubox
205 231 0.035694633 ubox
205 233 0.005080694 ubox
205 360 0.005668229 ubox
205 362 0.136026962 ubox
205 396 0.003195554 ubox
205 399 0.010007894 ubox
205 424 0.005265651 ubox
205 425 0.005067320 ubox
205 427 0.626679548 ubox
205 429 0.311032689 ubox
205 430 0.116433739 ubox
206 215 0.080713796 ubox
206 221 0.013907616 ubox
206 225 0.006976219 ubox
206 227 0.017526335 ubox
206 230 0.037358868 ubox
206 232 0.003737578 ubox
206 359 0.008713444 ubox
206 364 0.003510219 ubox
206 395 0.003201870 ubox
206 423 0.005271526 ubox
206 426 0.624841288 ubox
206 428 0.229040838 ubox
207 221 0.042802197 ubox
207 224 0.007053870 ubox
207 229 0.037360934 ubox
207 232 0.015653267 ubox
207 359 0.078085606 ubox
207 363 0.003669434 ubox
207 400 0.003335056 ubox
207 423 0.008082905 ubox
207 426 0.064431432 ubox
207 428 0.577662515 ubox
207 431 0.022829946 ubox
208 216 0.106835556 ubox
208 220 0.040583626 ubox
208 222 0.009470520 ubox
208 223 0.005241227 ubox
208 228 0.036962392 ubox
208 231 0.018032958 ubox
208 358 0.077660200 ubox
208 360 0.046826907 ubox
208 362 0.003934378 ubox
208 396 0.006222771 ubox
208 399 0.003476607 ubox
208 422 0.006135679 ubox
208 424 0.606458089 ubox
208 425 0.059969345 ubox
208 427 0.623480356 ubox
208 429 0.166951024 ubox
208 430 0.009087768 ubox
209 215 0.107623920 ubox
209 221 0.010155130 ubox
209 225 0.030735735 ubox
209 227 0.035997598 ubox
209 230 0.018609825 ubox
209 359 0.047503934 ubox
209 395 0.006192412 ubox
209 423 0.591904004 ubox
209 426 0.605905240 ubox
209 428 0.169766459 ubox
210 224 0.032904699 ubox
210 229 0.018633425 ubox
210 300 0.036107672 ubox
210 303 0.009123080 ubox
210 414 0.003567435 ubox
210 423 0.111161886 ubox
210 426 0.213598204 ubox
210 431 0.018965240 ubox
211 222 0.006155503 ubox
211 223 0.030913175 ubox
211 228 0.018504660 ubox
211 299 0.036310311 ubox
211 302 0.009141341 ubox
211 357 0.034259910 ubox
211 360 0.007312539 ubox
211 413 0.003549512 ubox
211 422 0.124520268 ubox
211 425 0.249953579 ubox
211 430 0.019202696 ubox
212 221 0.007369810 ubox
212 224 0.018093376 ubox
212 227 0.016953077 ubox
212 297 0.003502235 ubox
212 298 0.034231207 ubox
212 301 0.008655621 ubox
212 307 0.009382834 ubox
212 356 0.033712199 ubox
212 359 0.007280984 ubox
212 412 0.003172140 ubox
212 423 0.507185857 ubox
212 426 0.016539555 ubox
212 431 0.008965535 ubox
213 223 0.017505504 ubox
213 306 0.011245808 ubox
213 353 0.078849789 ubox
213 354 0.018424125 ubox
213 403 0.003510745 ubox
213 422 0.791361415 ubox
213 425 0.029589655 ubox
213 430 0.012642290 ubox
214 222 0.016080938 ubox
214 223 0.049650161 ubox
214 296 0.037888982 ubox
214 306 0.008001872 ubox
214 352 0.082960399 ubox
214 353 0.018799204 ubox
214 354 0.011314087 ubox
214 402 0.003985213 ubox
214 421 0.820367466 ubox
214 422 0.016049403 ubox
214 425 0.367748218 ubox
214 430 0.008442268 ubox
215 222 0.063717425 ubox
215 290 0.006943433 ubox
215 295 0.039533171 ubox
215 304 0.103074294 ubox
215 305 0.007672119 ubox
215 344 0.005692212 ubox
215 351 0.082879396 ubox
215 352 0.017875296 ubox
215 353 0.009283155 ubox
215 360 0.008207261 ubox
215 401 0.004120177 ubox
215 408 0.003171754 ubox
215 420 0.824494411 ubox
215 421 0.004841929 ubox
215 424 0.378832053 ubox
215 427 0.104733678 ubox
215 429 0.008501255 ubox
216 221 0.065048824 ubox
216 224 0.024343734 ubox
216 289 0.007965161 ubox
216 291 0.016400911 ubox
216 294 0.039184061 ubox
216 303 0.103871068 ubox
216 343 0.005763297 ubox
216 350 0.082253232 ubox
216 359 0.008456308 ubox
216 400 0.004103012 ubox
216 414 0.008090833 ubox
216 419 0.822574730 ubox
216 423 0.378824500 ubox
216 426 0.105413462 ubox
216 428 0.008120135 ubox
216 431 0.005137096 ubox
217 223 0.023996998 ubox
217 286 0.008239567 ubox
217 290 0.016996634 ubox
217 296 0.013820323 ubox
217 302 0.103206740 ubox
217 346 0.013408642 ubox
217 352 0.006758397 ubox
217 353 0.008514327 ubox
217 354 0.035677563 ubox
217 402 0.004188197 ubox
217 403 0.102990885 ubox
217 409 0.005817702 ubox
217 413 0.009740593 ubox
217 421 0.033611396 ubox
217 422 0.371812325 ubox
217 425 0.105459275 ubox
217 430 0.005585443 ubox
218 222 0.015764119 ubox
218 250 0.005273198 ubox
218 283 0.003638898 ubox
218 285 0.010502329 ubox
218 295 0.029910556 ubox
218 305 0.007527350 ubox
218 341 0.005885960 ubox
218 345 0.013534289 ubox
218 347 0.023444978 ubox
218 351 0.004588341 ubox
218 352 0.008528122 ubox
218 353 0.044009326 ubox
218 354 0.028776831 ubox
218 355 0.031740154 ubox
218 358 0.007274736 ubox
218 361 0.089963698 ubox
218 401 0.003670980 ubox
218 402 0.123229338 ubox
218 403 0.005273049 ubox
218 404 0.007647395 ubox
218 408 0.005741592 ubox
218 410 0.012459094 ubox
218 420 0.046189574 ubox
218 421 0.296418856 ubox
218 422 0.046851207 ubox
218 424 0.104705766 ubox
218 429 0.005746171 ubox
219 228 0.005711471 ubox
219 249 0.005159303 ubox
219 252 0.003423969 ubox
219 282 0.003184192 ubox
219 290 0.044918591 ubox
219 340 0.006387389 ubox
219 346 0.022383874 ubox
219 352 0.045307040 ubox
219 353 0.032052653 ubox
219 354 0.030812038 ubox
219 357 0.007070714 ubox
219 360 0.090280245 ubox
219 401 0.127543033 ubox
219 402 0.004235388 ubox
219 403 0.005837708 ubox
219 409 0.012316435 ubox
219 421 0.076554073 ubox
220 227 0.006573679 ubox
220 279 0.003952996 ubox
220 289 0.049677605 ubox
220 291 0.011260719 ubox
220 294 0.050188574 ubox
220 300 0.128992875 ubox
220 303 0.016278892 ubox
220 339 0.006503403 ubox
220 343 0.008306723 ubox
220 359 0.090304845 ubox
220 400 0.128811621 ubox
220 414 0.456047597 ubox
220 423 0.059922636 ubox
220 428 0.006102888 ubox
221 277 0.006092819 ubox
221 278 0.003789568 ubox
221 285 0.051027939 ubox
221 290 0.009954163 ubox
221 293 0.050730148 ubox
221 299 0.130202695 ubox
221 302 0.016293273 ubox
221 338 0.006492132 ubox
221 342 0.008235513 ubox
221 344 0.010450142 ubox
221 351 0.093693647 ubox
221 358 0.080214167 ubox
221 399 0.128557007 ubox
221 407 0.013127605 ubox
221 413 0.445596721 ubox
221 416 0.208944691 ubox
221 420 0.381100759 ubox
221 422 0.017363909 ubox
221 427 0.006071933 ubox
222 276 0.006299554 ubox
222 284 0.047950455 ubox
222 288 0.035128316 ubox
222 289 0.005069871 ubox
222 292 0.049418219 ubox
222 298 0.130940206 ubox
222 301 0.016294296 ubox
222 337 0.005778533 ubox
222 343 0.009289711 ubox
222 350 0.098451977 ubox
222 356 0.007286515 ubox
222 398 0.110043577 ubox
222 406 0.009468945 ubox
222 412 0.315036718 ubox
222 415 0.203252899 ubox
222 419 0.383186819 ubox
222 426 0.005254690 ubox
223 243 0.003177946 ubox
223 247 0.010192401 ubox
223 254 0.004883423 ubox
223 275 0.005094962 ubox
223 284 0.104201452 ubox
223 287 0.037689028 ubox
223 288 0.004288492 ubox
223 291 0.040850898 ubox
223 294 0.003276771 ubox
223 297 0.130505632 ubox
223 300 0.014146079 ubox
223 343 0.003202328 ubox
223 349 0.128747177 ubox
223 356 0.067307074 ubox
223 398 0.040480601 ubox
223 406 0.026400600 ubox
223 412 0.740514013 ubox
223 414 0.113436038 ubox
223 418 0.382825209 ubox
224 246 0.011003536 ubox
224 250 0.003525779 ubox
224 251 0.121752914 ubox
224 252 0.006344336 ubox
224 253 0.003741906 ubox
224 278 0.004140495 ubox
224 281 0.014145503 ubox
224 282 0.099062494 ubox
224 283 0.114231518 ubox
224 286 0.036752882 ubox
224 290 0.023793799 ubox
224 293 0.004522221 ubox
224 296 0.129896113 ubox
224 299 0.008024347 ubox
224 305 0.009558657 ubox
224 306 0.003192420 ubox
224 342 0.004207349 ubox
224 345 0.003877756 ubox
224 348 0.131326057 ubox
224 354 0.005847330 ubox
224 355 0.069185736 ubox
224 397 0.057165784 ubox
224 405 0.029472674 ubox
224 408 0.008350193 ubox
224 409 0.012010816 ubox
224 410 0.022307218 ubox
224 411 0.826075447 ubox
224 413 0.009306934 ubox
224 417 0.383014664 ubox
225 245 0.010678327 ubox
225 246 0.007035341 ubox
225 250 0.151106283 ubox
225 277 0.003892750 ubox
225 280 0.012158268 ubox
225 281 0.133789919 ubox
225 282 0.100491025 ubox
225 283 0.129956397 ubox
225 285 0.030852062 ubox
225 295 0.128340549 ubox
225 304 0.009621677 ubox
225 305 0.003721622 ubox
225 341 0.003347654 ubox
225 344 0.003440802 ubox
225 347 0.131216586 ubox
225 353 0.015980174 ubox
225 354 0.058409951 ubox
225 355 0.005805438 ubox
225 396 0.043952850 ubox
225 404 0.029468546 ubox
225 407 0.008274730 ubox
225 408 0.015008096 ubox
225 409 0.019470921 ubox
225 410 0.826327623 ubox
225 416 0.380439253 ubox
226 245 0.006907866 ubox
226 249 0.152440096 ubox
226 251 0.003435856 ubox
226 282 0.136554879 ubox
226 286 0.015819573 ubox
226 296 0.008627475 ubox
226 346 0.126878841 ubox
226 352 0.021697184 ubox
226 353 0.050614280 ubox
226 354 0.006306061 ubox
226 403 0.028328206 ubox
226 409 0.822722138 ubox
226 421 0.003566056 ubox
227 242 0.045249812 ubox
227 248 0.153002781 ubox
227 250 0.003333397 ubox
227 277 0.003366899 ubox
227 280 0.406232577 ubox
227 281 0.099421844 ubox
227 285 0.017929770 ubox
227 293 0.047402118 ubox
227 295 0.009556337 ubox
227 344 0.009390431 ubox
227 345 0.071879072 ubox
227 351 0.025640361 ubox
227 352 0.015464794 ubox
227 399 0.023208525 ubox
227 402 0.005076597 ubox
227 407 0.573766699 ubox
227 408 0.580663957 ubox
227 413 0.324011909 ubox
227 416 0.034064561 ubox
227 420 0.003614428 ubox
228 241 0.046054013 ubox
228 243 0.003214667 ubox
228 247 0.153396223 ubox
228 276 0.003358582 ubox
228 279 0.424708880 ubox
228 284 0.017496318 ubox
228 287 0.017874375 ubox
228 289 0.005070230 ubox
228 291 0.004016876 ubox
228 292 0.046305721 ubox
228 294 0.009479309 ubox
228 297 0.005675197 ubox
228 343 0.012749341 ubox
228 349 0.032053964 ubox
228 350 0.017958969 ubox
228 398 0.027787932 ubox
228 406 0.808411140 ubox
228 412 0.324796862 ubox
228 415 0.064201634 ubox
228 418 0.004436532 ubox
229 240 0.046231031 ubox
229 242 0.003311015 ubox
229 246 0.153460257 ubox
229 251 0.006790123 ubox
229 278 0.431547819 ubox
229 281 0.036469819 ubox
229 283 0.013012782 ubox
229 286 0.018501460 ubox
229 290 0.009592854 ubox
229 293 0.009231044 ubox
229 296 0.006086993 ubox
229 342 0.011327550 ubox
229 345 0.014137659 ubox
229 348 0.035768439 ubox
229 352 0.008983784 ubox
229 397 0.027914255 ubox
229 404 0.013224727 ubox
229 405 0.812018655 ubox
229 408 0.059504181 ubox
229 410 0.004853770 ubox
229 411 0.324330449 ubox
229 417 0.005030362 ubox
230 239 0.046417083 ubox
230 242 0.008078684 ubox
230 245 0.151162323 ubox
230 250 0.009890954 ubox
230 277 0.431760383 ubox
230 280 0.038224532 ubox
230 281 0.004833004 ubox
230 282 0.009632701 ubox
230 285 0.017863451 ubox
230 290 0.023902708 ubox
230 295 0.006362763 ubox
230 341 0.006508325 ubox
230 344 0.015578206 ubox
230 347 0.035708506 ubox
230 351 0.010598673 ubox
230 396 0.027459779 ubox
230 399 0.015808475 ubox
230 401 0.004722031 ubox
230 402 0.003283693 ubox
230 403 0.012566722 ubox
230 404 0.809330222 ubox
230 407 0.067299819 ubox
230 408 0.006475959 ubox
230 409 0.005646584 ubox
230 410 0.323015785 ubox
230 413 0.081397807 ubox
230 416 0.005041303 ubox
231 238 0.046062514 ubox
231 241 0.008702914 ubox
231 243 0.120242883 ubox
231 244 0.110938310 ubox
231 247 0.004221512 ubox
231 254 0.003365992 ubox
231 274 0.019818735 ubox
231 276 0.418833044 ubox
231 279 0.038708002 ubox
231 284 0.016555014 ubox
231 287 0.202693269 ubox
231 289 0.020668107 ubox
231 291 0.003804472 ubox
231 292 0.003666814 ubox
231 294 0.006403750 ubox
231 343 0.015396335 ubox
231 349 0.138618781 ubox
231 350 0.010073566 ubox
231 395 0.023376970 ubox
231 398 0.027605065 ubox
231 400 0.147757132 ubox
231 406 0.068400517 ubox
231 412 0.082244247 ubox
231 415 0.004719772 ubox
232 239 0.023963429 ubox
232 240 0.004523144 ubox
232 242 0.159197362 ubox
232 245 0.003303771 ubox
232 246 0.004387501 ubox
232 248 0.051678007 ubox
232 253 0.003438874 ubox
232 273 0.026255012 ubox
232 277 0.019399735 ubox
232 278 0.037932570 ubox
232 280 0.016205446 ubox
232 283 0.014295098 ubox
232 285 0.802297394 ubox
232 286 0.050223835 ubox
232 293 0.005764184 ubox
232 342 0.014271577 ubox
232 344 0.013350798 ubox
232 348 0.144304000 ubox
232 351 0.004402466 ubox
232 357 0.004127721 ubox
232 397 0.024029260 ubox
232 399 0.151885168 ubox
232 401 0.017255385 ubox
232 405 0.063400953 ubox
232 407 0.191042603 ubox
232 411 0.082277408 ubox
232 413 0.003309989 ubox
233 238 0.024013479 ubox
233 241 0.159091990 ubox
233 243 0.020570531 ubox
233 244 0.003739342 ubox
233 247 0.055983645 ubox
233 254 0.033885688 ubox
233 274 0.381838591 ubox
233 276 0.019149710 ubox
233 279 0.015999518 ubox
233 284 0.814137130 ubox
233 292 0.004024965 ubox
233 343 0.013275820 ubox
233 349 0.018802245 ubox
233 350 0.004221149 ubox
233 356 0.004387186 ubox
233 398 0.146467793 ubox
233 400 0.015535396 ubox
233 406 0.189931531 ubox
233 412 0.003620027 ubox
234 240 0.153438425 ubox
234 242 0.022560229 ubox
234 246 0.056697899 ubox
234 249 0.005409163 ubox
234 250 0.017687128 ubox
234 252 0.023079502 ubox
234 253 0.041120916 ubox
234 270 0.137725563 ubox
234 273 0.421455404 ubox
234 278 0.012357683 ubox
234 283 0.816252808 ubox
234 342 0.012964534 ubox
234 347 0.164398961 ubox
234 348 0.014187940 ubox
234 355 0.004412739 ubox
234 397 0.138312627 ubox
234 399 0.017730948 ubox
234 402 0.005990436 ubox
234 403 0.008540559 ubox
234 404 0.049642397 ubox
234 405 0.184336610 ubox
234 410 0.083644629 ubox
235 245 0.055756089 ubox
235 248 0.009668110 ubox
235 249 0.020401009 ubox
235 251 0.057724985 ubox
235 252 0.064971458 ubox
235 253 0.003748320 ubox
235 269 0.143022934 ubox
235 272 0.427779731 ubox
235 273 0.004036342 ubox
235 282 0.816490680 ubox
235 341 0.011678622 ubox
235 346 0.168454389 ubox
235 354 0.004195880 ubox
235 401 0.006303187 ubox
235 402 0.009686428 ubox
235 403 0.052924064 ubox
235 409 0.086176626 ubox
236 246 0.010246068 ubox
236 248 0.018802583 ubox
236 250 0.063387599 ubox
236 251 0.077037541 ubox
236 252 0.004075192 ubox
236 268 0.144050035 ubox
236 271 0.428751655 ubox
236 278 0.016619118 ubox
236 281 0.816628421 ubox
236 285 0.003546439 ubox
236 340 0.008194455 ubox
236 342 0.006785087 ubox
236 345 0.169069415 ubox
236 346 0.004881563 ubox
236 347 0.004310660 ubox
236 348 0.046689454 ubox
236 353 0.003497061 ubox
236 362 0.007040136 ubox
236 397 0.012598744 ubox
236 401 0.008331991 ubox
236 402 0.044293403 ubox
236 403 0.109361064 ubox
236 404 0.118039097 ubox
236 405 0.052796193 ubox
236 408 0.086202241 ubox
237 245 0.007733990 ubox
237 246 0.064818664 ubox
237 249 0.060965351 ubox
237 250 0.082682285 ubox
237 251 0.003309762 ubox
237 252 0.004946227 ubox
237 267 0.144061621 ubox
237 270 0.428658884 ubox
237 277 0.017600131 ubox
237 280 0.814592784 ubox
237 283 0.003217737 ubox
237 341 0.007212593 ubox
237 342 0.003399701 ubox
237 344 0.167247677 ubox
237 345 0.005541431 ubox
237 346 0.003443889 ubox
237 347 0.047069833 ubox
237 361 0.007138514 ubox
237 396 0.012144807 ubox
237 401 0.029782965 ubox
237 402 0.125609922 ubox
237 403 0.111254241 ubox
237 404 0.055928986 ubox
237 407 0.085946939 ubox
238 245 0.077090211 ubox
238 248 0.059182855 ubox
238 249 0.081545541 ubox
238 251 0.021682004 ubox
238 252 0.016633405 ubox
238 265 0.008558379 ubox
238 266 0.139924071 ubox
238 269 0.412760577 ubox
238 290 0.013128941 ubox
238 340 0.011938744 ubox
238 341 0.004692730 ubox
238 346 0.044493915 ubox
238 360 0.007125817 ubox
238 401 0.130883257 ubox
238 402 0.099146807 ubox
238 403 0.054251023 ubox
239 255 0.032601305 ubox
239 256 0.008243172 ubox
239 258 0.003596113 ubox
239 262 0.032803034 ubox
239 289 0.015178101 ubox
239 339 0.011905830 ubox
239 350 0.003928248 ubox
239 359 0.007010806 ubox
239 395 0.007683645 ubox
239 400 0.132327090 ubox
240 254 0.038132654 ubox
240 255 0.008048992 ubox
240 257 0.003458550 ubox
240 261 0.032191559 ubox
240 274 0.075716642 ubox
240 287 0.006643605 ubox
240 288 0.014033923 ubox
240 291 0.003607968 ubox
240 297 0.003602222 ubox
240 337 0.003298110 ubox
240 349 0.003484460 ubox
240 394 0.006214641 ubox
241 253 0.039338838 ubox
241 260 0.026096110 ubox
241 273 0.078289711 ubox
241 286 0.007288039 ubox
241 290 0.005178841 ubox
241 296 0.003995649 ubox
241 340 0.065559515 ubox
241 401 0.063404130 ubox
242 261 0.071440376 ubox
242 289 0.005482573 ubox
242 291 0.005780467 ubox
242 300 0.004223795 ubox
242 303 0.025992139 ubox
242 337 0.008238153 ubox
242 339 0.065945877 ubox
242 400 0.065143600 ubox
243 249 0.077677914 ubox
243 252 0.086168904 ubox
243 253 0.073718970 ubox
243 260 0.055554929 ubox
243 266 0.053814424 ubox
243 273 0.063850041 ubox
243 290 0.005768089 ubox
243 299 0.004030614 ubox
243 302 0.018878062 ubox
243 336 0.006999950 ubox
243 341 0.005793164 ubox
243 402 0.013592950 ubox
244 248 0.064231571 ubox
244 251 0.094351730 ubox
244 252 0.092118476 ubox
244 260 0.129616673 ubox
244 265 0.056046853 ubox
244 272 0.036185207 ubox
244 302 0.095037162 ubox
244 340 0.005792788 ubox
244 401 0.015497454 ubox
245 256 0.015444015 ubox
245 257 0.026281190 ubox
245 259 0.140341201 ubox
245 262 0.368785344 ubox
245 264 0.041400180 ubox
245 292 0.082241683 ubox
245 301 0.107940959 ubox
245 339 0.005232246 ubox
245 393 0.008885187 ubox
245 400 0.014752896 ubox
245 415 0.006600889 ubox
246 255 0.018226621 ubox
246 256 0.026376578 ubox
246 258 0.139594294 ubox
246 261 0.409444719 ubox
246 291 0.087282616 ubox
246 300 0.108970768 ubox
246 303 0.011157382 ubox
246 337 0.007024894 ubox
246 392 0.009126475 ubox
246 414 0.007193919 ubox
247 260 0.404415076 ubox
247 290 0.087008342 ubox
247 299 0.108652916 ubox
247 302 0.011299543 ubox
247 336 0.005232563 ubox
247 391 0.009048874 ubox
247 401 0.003411480 ubox
247 413 0.007152621 ubox
248 255 0.017688101 ubox
248 256 0.027048755 ubox
248 257 0.119186092 ubox
248 258 0.163901608 ubox
248 259 0.312947608 ubox
248 275 0.032049366 ubox
248 276 0.067519671 ubox
248 288 0.003355843 ubox
248 289 0.077298438 ubox
248 292 0.016115958 ubox
248 298 0.106745489 ubox
248 301 0.011061602 ubox
248 390 0.008271671 ubox
248 400 0.003299095 ubox
248 412 0.006718341 ubox
249 254 0.019246309 ubox
249 255 0.022960441 ubox
249 256 0.122816165 ubox
249 257 0.233064165 ubox
249 258 0.191745477 ubox
249 259 0.217912390 ubox
249 262 0.004418098 ubox
249 274 0.028664850 ubox
249 275 0.064891803 ubox
249 288 0.049738087 ubox
249 291 0.017410695 ubox
249 292 0.045030574 ubox
249 297 0.090033662 ubox
249 300 0.009799532 ubox
249 301 0.004002940 ubox
249 389 0.006867799 ubox
249 390 0.003939585 ubox
250 255 0.124540486 ubox
250 256 0.253687911 ubox
250 258 0.293020841 ubox
250 261 0.004746783 ubox
250 289 0.052400541 ubox
250 291 0.048437886 ubox
250 300 0.004564965 ubox
250 389 0.005245068 ubox
251 255 0.224597010 ubox
251 257 0.291048010 ubox
251 258 0.009426902 ubox
251 259 0.005988417 ubox
251 275 0.285891604 ubox
251 276 0.415181017 ubox
251 288 0.045852631 ubox
251 289 0.090614527 ubox
251 298 0.004068944 ubox
251 388 0.004508672 ubox
252 256 0.251517029 ubox
252 257 0.016452776 ubox
252 258 0.007543127 ubox
252 259 0.005338111 ubox
252 274 0.273051425 ubox
252 275 0.465722576 ubox
252 276 0.068355059 ubox
252 287 0.035555907 ubox
252 288 0.156171290 ubox
252 289 0.005322478 ubox
252 297 0.003791146 ubox
252 298 0.004165836 ubox
252 415 0.005985406 ubox
253 257 0.007988268 ubox
253 258 0.006014764 ubox
253 274 0.465752171 ubox
253 275 0.067753457 ubox
253 287 0.178171898 ubox
253 288 0.006504198 ubox
253 297 0.004463153 ubox
253 349 0.004796007 ubox
253 414 0.006562427 ubox
254 269 0.116804008 ubox
254 272 0.750331766 ubox
254 273 0.362932920 ubox
254 282 0.005231100 ubox
254 286 0.182654290 ubox
254 296 0.003856686 ubox
254 346 0.005446831 ubox
254 413 0.006605261 ubox
255 267 0.004648314 ubox
255 268 0.141687729 ubox
255 269 0.008730517 ubox
255 270 0.006238193 ubox
255 271 0.831993031 ubox
255 272 0.216194958 ubox
255 278 0.009121364 ubox
255 281 0.005916135 ubox
255 285 0.183184960 ubox
255 286 0.013072179 ubox
255 345 0.006043438 ubox
255 348 0.037829540 ubox
255 405 0.021894224 ubox
255 411 0.014069597 ubox
256 266 0.004819847 ubox
256 267 0.141879342 ubox
256 268 0.011652095 ubox
256 269 0.005757518 ubox
256 270 0.833297697 ubox
256 271 0.213021780 ubox
256 272 0.003603033 ubox
256 273 0.035756473 ubox
256 277 0.009148355 ubox
256 280 0.005881604 ubox
256 283 0.150860504 ubox
256 285 0.016322018 ubox
256 344 0.005885998 ubox
256 347 0.038135104 ubox
256 404 0.022311124 ubox
256 410 0.014158538 ubox
257 265 0.007848079 ubox
257 266 0.140238416 ubox
257 269 0.832797025 ubox
257 272 0.040707788 ubox
257 282 0.151042048 ubox
257 286 0.003919594 ubox
257 346 0.038008578 ubox
257 403 0.022292924 ubox
257 409 0.014158240 ubox
258 265 0.091441583 ubox
258 266 0.026269412 ubox
258 267 0.327636082 ubox
258 268 0.758665922 ubox
258 270 0.206464243 ubox
258 271 0.041689429 ubox
258 281 0.147415249 ubox
258 283 0.107798907 ubox
258 285 0.004522442 ubox
258 342 0.004769451 ubox
258 345 0.036285842 ubox
258 347 0.005075927 ubox
258 402 0.022155984 ubox
258 408 0.014073304 ubox
259 265 0.072032349 ubox
259 266 0.450688388 ubox
259 269 0.202923574 ubox
259 272 0.004109105 ubox
259 282 0.106464603 ubox
259 341 0.004621145 ubox
259 346 0.005046830 ubox
259 401 0.021929294 ubox
260 264 0.071186606 ubox
260 279 0.140650548 ubox
260 343 0.006061483 ubox
260 398 0.008323710 ubox
260 400 0.020363606 ubox
260 406 0.013675632 ubox
261 267 0.184156175 ubox
261 268 0.219310137 ubox
261 269 0.010513533 ubox
261 270 0.008851954 ubox
261 271 0.012420396 ubox
261 272 0.006505348 ubox
261 278 0.147410782 ubox
261 281 0.122570812 ubox
261 305 0.020628457 ubox
261 342 0.006089238 ubox
261 345 0.009930155 ubox
261 397 0.010366329 ubox
261 399 0.017423900 ubox
261 405 0.013908180 ubox
262 266 0.119597415 ubox
262 267 0.220302818 ubox
262 268 0.015318719 ubox
262 269 0.007563175 ubox
262 270 0.012618833 ubox
262 271 0.008279406 ubox
262 277 0.146490523 ubox
262 280 0.124610551 ubox
262 304 0.021063632 ubox
262 338 0.004813917 ubox
262 341 0.004067904 ubox
262 344 0.010996520 ubox
262 396 0.010537904 ubox
262 404 0.013861917 ubox
263 279 0.124554473 ubox
263 303 0.021090890 ubox
263 337 0.004826137 ubox
263 343 0.010919705 ubox
263 395 0.010410455 ubox
264 302 0.020979629 ubox
264 336 0.003580895 ubox
265 275 0.031218904 ubox
265 276 0.040788424 ubox
265 301 0.018481605 ubox
265 394 0.005859860 ubox
266 274 0.030017827 ubox
266 275 0.044652974 ubox
266 300 0.016145070 ubox
266 301 0.004525689 ubox
266 393 0.005913113 ubox
267 300 0.006233685 ubox
267 392 0.005866587 ubox
269 292 0.006134456 ubox
269 301 0.009515253 ubox
269 390 0.005287742 ubox
270 291 0.007336043 ubox
270 300 0.010956820 ubox
270 389 0.005328692 ubox
271 289 0.023033850 ubox
272 288 0.024397600 ubox
272 298 0.017138444 ubox
272 301 0.017071411 ubox
273 287 0.025158517 ubox
273 297 0.022743716 ubox
273 300 0.022916220 ubox
273 303 0.005836654 ubox
274 286 0.024572610 ubox
274 296 0.023385386 ubox
274 299 0.022648226 ubox
274 302 0.006239746 ubox
274 403 0.022556284 ubox
275 341 0.005375761 ubox
275 367 0.003964705 ubox
275 402 0.027500149 ubox
275 403 0.008090771 ubox
276 290 0.009087971 ubox
276 340 0.006196668 ubox
276 366 0.004577500 ubox
276 401 0.029025533 ubox
276 402 0.008700064 ubox
277 289 0.010275771 ubox
277 339 0.005503343 ubox
277 364 0.005369616 ubox
277 365 0.004580202 ubox
277 400 0.027026839 ubox
278 291 0.053944159 ubox
278 294 0.052253674 ubox
278 300 0.012760511 ubox
278 303 0.005908920 ubox
278 339 0.007589769 ubox
278 343 0.008011211 ubox
278 363 0.005527537 ubox
278 364 0.004461275 ubox
278 400 0.021011481 ubox
279 290 0.058528439 ubox
279 293 0.054350097 ubox
279 295 0.242149404 ubox
279 304 0.039537027 ubox
279 338 0.008383842 ubox
279 342 0.007600334 ubox
279 344 0.004664609 ubox
279 351 0.004604531 ubox
279 360 0.003249822 ubox
279 362 0.005532139 ubox
279 396 0.008880208 ubox
279 399 0.023728558 ubox
279 401 0.006642520 ubox
280 289 0.059010531 ubox
280 294 0.247026417 ubox
280 303 0.040278153 ubox
280 337 0.008262872 ubox
280 343 0.004682529 ubox
280 350 0.004568208 ubox
280 359 0.003521348 ubox
280 395 0.008820143 ubox
280 400 0.007190810 ubox
281 289 0.030744177 ubox
281 350 0.007096270 ubox
282 288 0.031694933 ubox
282 292 0.375342868 ubox
282 301 0.065688539 ubox
282 349 0.007424901 ubox
282 415 0.020070188 ubox
283 291 0.394195527 ubox
283 300 0.069263669 ubox
283 303 0.015200409 ubox
283 414 0.021230934 ubox
284 290 0.393461836 ubox
284 299 0.066664883 ubox
284 302 0.014809178 ubox
284 401 0.007821705 ubox
284 413 0.019951442 ubox
285 289 0.387199969 ubox
285 350 0.018074986 ubox
285 400 0.008917453 ubox
286 297 0.051291511 ubox
286 300 0.012109220 ubox
286 303 0.003514610 ubox
286 349 0.023607456 ubox
287 296 0.044784619 ubox
287 299 0.011850716 ubox
287 302 0.003897574 ubox
287 353 0.089418108 ubox
287 354 0.007462363 ubox
287 402 0.020809963 ubox
287 403 0.015467374 ubox
288 296 0.076944689 ubox
288 306 0.009716822 ubox
288 311 0.004965010 ubox
288 346 0.154961374 ubox
288 352 0.121577619 ubox
288 353 0.006785655 ubox
288 401 0.023211407 ubox
288 402 0.016598827 ubox
288 403 0.008181164 ubox
288 409 0.011202551 ubox
288 421 0.003220696 ubox
289 295 0.089582343 ubox
289 299 0.013849968 ubox
289 302 0.009251884 ubox
289 304 0.023418253 ubox
289 305 0.012119182 ubox
289 308 0.005359386 ubox
289 310 0.006600970 ubox
289 344 0.763753862 ubox
289 345 0.128961537 ubox
289 351 0.129274673 ubox
289 357 0.013760481 ubox
289 396 0.003381000 ubox
289 399 0.070889542 ubox
289 401 0.010916462 ubox
289 402 0.005202132 ubox
289 407 0.037519083 ubox
289 408 0.010337009 ubox
289 413 0.003226614 ubox
289 420 0.003255191 ubox
290 294 0.083054210 ubox
290 297 0.011602651 ubox
290 298 0.014630854 ubox
290 301 0.009767845 ubox
290 303 0.023194165 ubox
290 307 0.006261067 ubox
290 309 0.006727315 ubox
290 343 0.772346343 ubox
290 349 0.108461976 ubox
290 350 0.122259760 ubox
290 356 0.014317458 ubox
290 398 0.070309894 ubox
290 400 0.009201172 ubox
290 406 0.037724751 ubox
290 412 0.003459084 ubox
291 296 0.011651720 ubox
291 302 0.013573013 ubox
291 306 0.006601621 ubox
291 308 0.006694039 ubox
291 341 0.145792848 ubox
291 342 0.770905096 ubox
291 347 0.354375394 ubox
291 348 0.094012444 ubox
291 355 0.014363555 ubox
291 361 0.005642499 ubox
291 397 0.067630885 ubox
291 399 0.009888835 ubox
291 402 0.034857075 ubox
291 403 0.004058476 ubox
291 404 0.007021545 ubox
291 405 0.035674946 ubox
291 411 0.003320379 ubox
292 332 0.003367840 ubox
292 340 0.566516129 ubox
292 341 0.545640697 ubox
292 346 0.359427137 ubox
292 354 0.013831269 ubox
292 360 0.005710968 ubox
292 401 0.045935846 ubox
292 402 0.004024612 ubox
292 403 0.008338071 ubox
293 300 0.059484050 ubox
293 303 0.029294341 ubox
293 331 0.004099423 ubox
293 339 0.786638105 ubox
293 343 0.065266826 ubox
293 359 0.005727452 ubox
293 400 0.047580548 ubox
294 299 0.042485729 ubox
294 302 0.023680854 ubox
294 304 0.121521031 ubox
294 313 0.008845602 ubox
294 330 0.004061343 ubox
294 338 0.787470997 ubox
294 340 0.016780431 ubox
294 342 0.064845064 ubox
294 344 0.442551149 ubox
294 351 0.014800571 ubox
294 358 0.005029124 ubox
294 396 0.004923241 ubox
294 399 0.043648238 ubox
294 401 0.003930324 ubox
295 303 0.126512496 ubox
295 312 0.008818480 ubox
295 329 0.004033260 ubox
295 337 0.785555003 ubox
295 339 0.016852636 ubox
295 343 0.445566172 ubox
295 350 0.014899412 ubox
295 395 0.004948842 ubox
295 400 0.004038158 ubox
296 303 0.017014812 ubox
296 307 0.004335439 ubox
296 312 0.005777646 ubox
296 337 0.020518341 ubox
296 349 0.014632487 ubox
296 394 0.003499514 ubox
297 302 0.024326080 ubox
297 306 0.005663982 ubox
297 311 0.010834624 ubox
297 336 0.039182642 ubox
297 341 0.434109716 ubox
297 383 0.003311437 ubox
297 402 0.009685171 ubox
298 310 0.011848188 ubox
298 336 0.018073239 ubox
298 340 0.484853016 ubox
298 357 0.003555456 ubox
298 360 0.006653770 ubox
298 382 0.003567358 ubox
298 401 0.011790085 ubox
299 307 0.004038889 ubox
299 309 0.011949317 ubox
299 312 0.003933006 ubox
299 335 0.004513476 ubox
299 337 0.007674547 ubox
299 339 0.486126716 ubox
299 343 0.023069090 ubox
299 349 0.003303686 ubox
299 356 0.003690905 ubox
299 359 0.006899386 ubox
299 381 0.003584042 ubox
299 398 0.003551128 ubox
299 400 0.011928932 ubox
300 306 0.005294688 ubox
300 308 0.011923952 ubox
300 311 0.009762019 ubox
300 336 0.017587308 ubox
300 338 0.485527375 ubox
300 341 0.028869808 ubox
300 342 0.027660527 ubox
300 347 0.004541357 ubox
300 348 0.003380122 ubox
300 355 0.003708702 ubox
300 358 0.007030244 ubox
300 380 0.003593036 ubox
300 397 0.003674821 ubox
300 399 0.011904390 ubox
300 402 0.004303861 ubox
301 310 0.011790138 ubox
301 336 0.020245326 ubox
301 340 0.034292822 ubox
301 341 0.025323143 ubox
301 346 0.004446586 ubox
301 354 0.003542657 ubox
301 357 0.007033360 ubox
301 379 0.003474930 ubox
301 401 0.005163983 ubox
302 309 0.012036913 ubox
302 333 0.006073000 ubox
302 335 0.004731618 ubox
302 337 0.446059738 ubox
302 339 0.035020831 ubox
302 356 0.006987917 ubox
302 398 0.004695990 ubox
302 400 0.005207677 ubox
303 308 0.011997977 ubox
303 313 0.004117042 ubox
303 332 0.007442836 ubox
303 336 0.939601038 ubox
303 338 0.028751213 ubox
303 355 0.006819365 ubox
303 397 0.004632014 ubox
303 399 0.005049260 ubox
304 312 0.004137206 ubox
304 331 0.007462611 ubox
304 335 0.967326256 ubox
304 337 0.021621624 ubox
305 334 0.974530632 ubox
305 335 0.007759078 ubox
306 331 0.020464897 ubox
306 333 0.987291557 ubox
306 334 0.004807075 ubox
307 330 0.024417611 ubox
307 332 0.996073135 ubox
308 329 0.025532350 ubox
308 331 0.999272410 ubox
308 371 0.005452503 ubox
309 328 0.023764033 ubox
309 330 0.997310778 ubox
309 370 0.005430182 ubox
310 329 0.911455856 ubox
310 369 0.004950906 ubox
311 329 0.029858177 ubox
312 327 0.993093242 ubox
312 328 0.025113988 ubox
312 330 0.005910937 ubox
313 326 0.934249010 ubox
313 329 0.007013142 ubox
314 324 0.003242709 ubox
314 325 0.870612007 ubox
314 326 0.356137224 ubox
314 365 0.008586256 ubox
315 324 0.800946288 ubox
315 325 0.491743054 ubox
315 326 0.003907644 ubox
315 364 0.008787990 ubox
316 324 0.597167045 ubox
316 325 0.004482581 ubox
316 363 0.008938447 ubox
317 323 0.679254657 ubox
317 362 0.009084015 ubox
318 322 0.654356313 ubox
318 361 0.009082416 ubox
319 360 0.008882985 ubox
320 358 0.006639213 ubox
321 357 0.006429274 ubox
323 356 0.005570292 ubox
324 353 0.005996894 ubox
324 355 0.005630761 ubox
325 352 0.008534750 ubox
326 351 0.009575993 ubox
327 350 0.009593267 ubox
328 349 0.009564412 ubox
329 348 0.009520322 ubox
333 346 0.010023112 ubox
334 345 0.010770678 ubox
335 344 0.010981937 ubox
336 343 0.011483471 ubox
337 342 0.011789017 ubox
337 344 0.090661638 ubox
337 351 0.006447880 ubox
337 401 0.015066982 ubox
338 343 0.092356301 ubox
338 350 0.006564846 ubox
338 400 0.016737046 ubox
339 399 0.016760952 ubox
340 398 0.016149413 ubox
342 400 0.017507655 ubox
342 428 0.004383713 ubox
343 351 0.021801769 ubox
343 396 0.009365985 ubox
343 399 0.017591233 ubox
343 401 0.023934599 ubox
343 427 0.004424077 ubox
344 350 0.022310026 ubox
344 395 0.009241352 ubox
344 400 0.026091512 ubox
344 426 0.004401327 ubox
345 395 0.005344215 ubox
346 394 0.004904149 ubox
347 364 0.004626452 ubox
348 363 0.005437768 ubox
348 364 0.003291950 ubox
348 371 0.008841755 ubox
348 384 0.004441023 ubox
348 414 0.007231662 ubox
348 423 0.049885728 ubox
348 426 0.017692881 ubox
349 367 0.019290875 ubox
349 370 0.008635665 ubox
349 375 0.009052825 ubox
349 379 0.027513157 ubox
349 383 0.004473926 ubox
349 402 0.043110218 ubox
349 403 0.009574769 ubox
349 409 0.008550819 ubox
349 413 0.007192085 ubox
349 421 0.082663611 ubox
349 422 0.035789845 ubox
349 425 0.024098721 ubox
350 360 0.027774410 ubox
350 366 0.024594072 ubox
350 374 0.010607502 ubox
350 378 0.030601010 ubox
350 382 0.004492822 ubox
350 396 0.924861048 ubox
350 401 0.055856402 ubox
350 402 0.004140896 ubox
350 408 0.009361738 ubox
350 420 0.098926838 ubox
350 421 0.006644342 ubox
350 424 0.026115794 ubox
351 359 0.029051450 ubox
351 364 0.003797462 ubox
351 365 0.025024028 ubox
351 381 0.004214263 ubox
351 389 0.003378679 ubox
351 395 0.923758409 ubox
351 400 0.056973862 ubox
351 419 0.099133359 ubox
351 423 0.025948418 ubox
352 363 0.003713429 ubox
352 364 0.024032165 ubox
352 372 0.004213860 ubox
352 377 0.030461369 ubox
352 388 0.003283929 ubox
352 390 0.003401461 ubox
352 393 0.005278256 ubox
352 394 0.753015377 ubox
352 395 0.148866904 ubox
352 418 0.094858167 ubox
352 419 0.003236103 ubox
353 363 0.018762032 ubox
353 365 0.004773372 ubox
353 371 0.004225454 ubox
353 376 0.031841927 ubox
353 377 0.006009647 ubox
353 389 0.004399725 ubox
353 390 0.003453126 ubox
353 392 0.003826219 ubox
353 393 0.532811087 ubox
353 394 0.564046165 ubox
353 395 0.006987192 ubox
353 415 0.005222354 ubox
353 418 0.006165606 ubox
353 419 0.007141959 ubox
354 364 0.007250006 ubox
354 365 0.005960719 ubox
354 372 0.018094654 ubox
354 376 0.006418874 ubox
354 388 0.005280589 ubox
354 389 0.003789049 ubox
354 390 0.018083865 ubox
354 392 0.100545852 ubox
354 393 0.787998615 ubox
354 394 0.009292875 ubox
354 415 0.082866815 ubox
354 418 0.008344867 ubox
355 363 0.010056085 ubox
355 364 0.007095874 ubox
355 371 0.018912960 ubox
355 384 0.023903751 ubox
355 389 0.020353363 ubox
355 392 0.952109406 ubox
355 414 0.084734115 ubox
356 366 0.025196924 ubox
356 370 0.017828178 ubox
356 373 0.060378652 ubox
356 382 0.003604830 ubox
356 383 0.023181412 ubox
356 385 0.012832468 ubox
356 391 0.956304064 ubox
356 401 0.015334847 ubox
356 413 0.084190891 ubox
356 422 0.003164344 ubox
357 364 0.011194482 ubox
357 365 0.027516643 ubox
357 369 0.015133900 ubox
357 372 0.064554078 ubox
357 384 0.010199873 ubox
357 390 0.956684439 ubox
357 393 0.081864565 ubox
357 400 0.004635950 ubox
357 412 0.081258131 ubox
357 415 0.043406778 ubox
358 363 0.015096355 ubox
358 364 0.029146564 ubox
358 371 0.064913148 ubox
358 381 0.022224929 ubox
358 384 0.074308003 ubox
358 389 0.955077282 ubox
358 392 0.088613567 ubox
358 400 0.125068214 ubox
358 414 0.044546463 ubox
358 423 0.004134426 ubox
359 370 0.064008920 ubox
359 373 0.010102161 ubox
359 378 0.017856184 ubox
359 380 0.022582392 ubox
359 382 0.027837912 ubox
359 383 0.101593966 ubox
359 385 0.063822829 ubox
359 387 0.702212759 ubox
359 391 0.090287558 ubox
359 399 0.126340378 ubox
359 401 0.003487327 ubox
359 407 0.008212426 ubox
359 413 0.044232977 ubox
359 416 0.014685487 ubox
359 420 0.004107992 ubox
359 422 0.004032793 ubox
360 369 0.062803882 ubox
360 372 0.010601972 ubox
360 377 0.017637244 ubox
360 381 0.003355401 ubox
360 384 0.061804634 ubox
360 386 0.672459658 ubox
360 390 0.090846012 ubox
360 398 0.118494812 ubox
360 406 0.007920125 ubox
360 412 0.042778802 ubox
360 415 0.014785145 ubox
360 419 0.003998842 ubox
361 371 0.009957558 ubox
361 389 0.090804719 ubox
361 414 0.014684955 ubox
362 371 0.007851511 ubox
362 381 0.943606800 ubox
362 384 0.155104083 ubox
362 400 0.034836469 ubox
362 423 0.004796933 ubox
363 370 0.008023963 ubox
363 374 0.008076600 ubox
363 375 0.050515207 ubox
363 379 0.010299416 ubox
363 380 0.963287241 ubox
363 383 0.094828811 ubox
363 397 0.132900637 ubox
363 399 0.035055031 ubox
363 405 0.005301829 ubox
363 408 0.005316551 ubox
363 409 0.044727904 ubox
363 410 0.008481446 ubox
363 411 0.007007912 ubox
363 417 0.004655939 ubox
363 422 0.004930027 ubox
364 373 0.007994712 ubox
364 374 0.058031741 ubox
364 375 0.014472988 ubox
364 378 0.016648070 ubox
364 379 0.965181577 ubox
364 380 0.032864600 ubox
364 382 0.044900780 ubox
364 383 0.019748791 ubox
364 396 0.133481473 ubox
364 397 0.044271493 ubox
364 404 0.005248930 ubox
364 405 0.006370287 ubox
364 407 0.005244732 ubox
364 408 0.046928241 ubox
364 409 0.004012722 ubox
364 410 0.006839353 ubox
364 411 0.005964861 ubox
364 416 0.004533270 ubox
364 417 0.025852476 ubox
364 421 0.005059453 ubox
365 373 0.058287879 ubox
365 374 0.016525105 ubox
365 378 0.966966125 ubox
365 379 0.010011035 ubox
365 382 0.009239359 ubox
365 385 0.009257027 ubox
365 387 0.042796366 ubox
365 396 0.044442933 ubox
365 403 0.004813050 ubox
365 404 0.006348668 ubox
365 407 0.046946979 ubox
365 408 0.004486923 ubox
365 409 0.004979394 ubox
365 410 0.005946001 ubox
365 416 0.025978815 ubox
365 420 0.005107132 ubox
366 372 0.058366970 ubox
366 377 0.961906038 ubox
366 384 0.007718003 ubox
366 386 0.039912590 ubox
366 394 0.133135102 ubox
366 395 0.039391009 ubox
366 406 0.043811709 ubox
366 415 0.018672405 ubox
366 419 0.005073380 ubox
367 371 0.051253550 ubox
367 376 0.917712691 ubox
367 390 0.003418259 ubox
367 393 0.137260461 ubox
367 394 0.031124806 ubox
367 414 0.004698424 ubox
367 415 0.019612466 ubox
368 384 0.047945939 ubox
368 389 0.003622726 ubox
368 392 0.139020247 ubox
368 414 0.026841560 ubox
369 382 0.091293864 ubox
369 383 0.035670201 ubox
369 385 0.007658219 ubox
369 391 0.133402279 ubox
369 401 0.013425001 ubox
369 413 0.027026378 ubox
370 376 0.043982368 ubox
370 381 0.106286184 ubox
370 384 0.008689798 ubox
370 388 0.014240259 ubox
370 390 0.117667621 ubox
370 392 0.004085184 ubox
370 398 0.007854539 ubox
370 400 0.014515174 ubox
370 406 0.003682071 ubox
370 412 0.026980489 ubox
371 375 0.048766276 ubox
371 380 0.110254705 ubox
371 383 0.011578948 ubox
371 387 0.016569707 ubox
371 391 0.006421210 ubox
371 397 0.008348679 ubox
371 399 0.014591442 ubox
371 402 0.023579490 ubox
371 403 0.004545500 ubox
371 404 0.010204440 ubox
371 405 0.004573284 ubox
371 410 0.005409992 ubox
371 411 0.026325727 ubox
372 379 0.104220702 ubox
372 382 0.012191590 ubox
372 385 0.007875796 ubox
372 391 0.090223422 ubox
372 401 0.024851664 ubox
372 402 0.004814735 ubox
372 403 0.010117677 ubox
372 409 0.007001521 ubox
373 381 0.011738006 ubox
373 384 0.007554012 ubox
373 390 0.112958642 ubox
373 393 0.003833901 ubox
373 400 0.023840680 ubox
374 389 0.117333774 ubox
374 392 0.003949604 ubox
374 395 0.022157549 ubox
375 384 0.036166882 ubox
375 386 0.040662385 ubox
375 388 0.113253093 ubox
375 394 0.021961805 ubox
376 383 0.039235517 ubox
376 385 0.036343594 ubox
376 391 0.003771729 ubox
376 402 0.011002413 ubox
376 403 0.003864127 ubox
377 382 0.030822333 ubox
377 385 0.131850348 ubox
377 401 0.012782241 ubox
377 402 0.004369734 ubox
378 384 0.138382940 ubox
378 389 0.020572136 ubox
378 395 0.041021789 ubox
378 400 0.012770536 ubox
378 419 0.007542435 ubox
379 388 0.020379151 ubox
379 390 0.028991973 ubox
379 393 0.066434851 ubox
379 394 0.029124399 ubox
379 415 0.005766655 ubox
379 418 0.007540745 ubox
380 389 0.031069277 ubox
380 392 0.075093029 ubox
380 400 0.022638252 ubox
380 414 0.006101062 ubox
380 428 0.003832847 ubox
381 387 0.027254036 ubox
381 391 0.076065347 ubox
381 396 0.007149999 ubox
381 399 0.023056341 ubox
381 413 0.005950307 ubox
381 416 0.014450885 ubox
381 427 0.003865059 ubox
382 386 0.025214593 ubox
382 389 0.004506360 ubox
382 390 0.076434371 ubox
382 393 0.004691619 ubox
382 395 0.007194709 ubox
382 398 0.022304061 ubox
382 412 0.004909768 ubox
382 415 0.014828235 ubox
382 426 0.003594238 ubox
383 388 0.009887875 ubox
383 389 0.075359858 ubox
383 392 0.005190130 ubox
383 394 0.007079128 ubox
383 398 0.003778322 ubox
383 406 0.005533726 ubox
383 412 0.005186998 ubox
383 414 0.014660623 ubox
384 391 0.008845894 ubox
384 396 0.022143496 ubox
384 397 0.004890293 ubox
384 399 0.003388490 ubox
384 405 0.006941177 ubox
384 407 0.010217481 ubox
384 411 0.006495111 ubox
384 413 0.014317270 ubox
384 416 0.004214507 ubox
384 424 0.003576039 ubox
384 429 0.007347234 ubox
385 390 0.009089314 ubox
385 392 0.003611403 ubox
385 395 0.021740907 ubox
385 398 0.003221832 ubox
385 406 0.010151103 ubox
385 412 0.014074470 ubox
385 415 0.004239512 ubox
385 423 0.003550561 ubox
385 428 0.007290198 ubox
386 391 0.004366909 ubox
386 401 0.004252077 ubox
387 400 0.004684846 ubox
387 414 0.004726736 ubox
387 426 0.011802862 ubox
387 431 0.003572682 ubox
388 403 0.030135431 ubox
388 409 0.020242834 ubox
388 413 0.004402139 ubox
388 425 0.011898493 ubox
388 430 0.003861725 ubox
389 402 0.037859825 ubox
389 404 0.007751968 ubox
389 408 0.021570871 ubox
389 410 0.009887820 ubox
389 424 0.011817717 ubox
389 429 0.003964089 ubox
390 401 0.039389897 ubox
390 403 0.007362241 ubox
390 409 0.009550306 ubox
391 398 0.009226592 ubox
391 400 0.039533177 ubox
391 406 0.019686625 ubox
391 423 0.004503389 ubox
392 397 0.010216986 ubox
392 399 0.039044711 ubox
392 403 0.008680408 ubox
392 404 0.120249110 ubox
392 405 0.015955517 ubox
392 427 0.003217768 ubox
393 402 0.010836543 ubox
393 403 0.123265345 ubox
393 422 0.013662945 ubox
394 401 0.012888412 ubox
394 402 0.126788671 ubox
394 403 0.008102116 ubox
394 409 0.004540290 ubox
394 421 0.023946482 ubox
394 425 0.013859893 ubox
394 430 0.006205663 ubox
395 401 0.129797391 ubox
395 402 0.008603905 ubox
395 408 0.005298586 ubox
395 420 0.028170571 ubox
395 424 0.019337938 ubox
395 429 0.007188444 ubox
396 400 0.129167004 ubox
396 419 0.028154638 ubox
396 423 0.017371524 ubox
396 428 0.007186084 ubox
397 414 0.021330800 ubox
397 423 0.080749235 ubox
397 426 0.007899839 ubox
398 413 0.018918572 ubox
398 422 0.080538725 ubox
398 425 0.008707394 ubox
399 414 0.062919231 ubox
399 423 0.019384785 ubox
399 428 0.004545641 ubox
400 407 0.087841253 ubox
400 413 0.061550443 ubox
400 416 0.068706828 ubox
400 420 0.086820697 ubox
400 422 0.016129188 ubox
400 424 0.017507569 ubox
400 427 0.004650432 ubox
401 406 0.082455526 ubox
401 412 0.058891359 ubox
401 415 0.069700355 ubox
401 419 0.086291956 ubox
401 423 0.017400898 ubox
401 426 0.004525496 ubox
402 414 0.067455239 ubox
402 415 0.009332367 ubox
402 418 0.073248936 ubox
402 419 0.007065476 ubox
403 414 0.008974287 ubox
403 415 0.057248900 ubox
403 418 0.008113319 ubox
404 414 0.056455637 ubox
405 414 0.089579421 ubox
405 423 0.020921577 ubox
406 413 0.080638561 ubox
406 422 0.019830997 ubox
408 419 0.036444189 ubox
409 415 0.040683992 ubox
409 418 0.035845765 ubox
410 414 0.042375731 ubox
411 423 0.041543147 ubox
411 426 0.003286737 ubox
411 431 0.005569321 ubox
412 422 0.040680996 ubox
412 425 0.003931007 ubox
412 430 0.005460924 ubox
412 435 0.004014048 ubox
413 423 0.008052889 ubox
413 428 0.005322776 ubox
414 422 0.013158076 ubox
414 427 0.005900545 ubox
414 435 0.004478596 ubox
415 421 0.014391033 ubox
415 435 0.006325855 ubox
417 423 0.036886525 ubox
417 426 0.060402348 ubox
417 431 0.322451116 ubox
418 422 0.029424121 ubox
418 425 0.071769224 ubox
418 430 0.325593939 ubox
418 435 0.004266130 ubox
419 424 0.074638438 ubox
419 427 0.049771892 ubox
419 429 0.326739919 ubox
419 434 0.005388608 ubox
420 426 0.050652690 ubox
420 428 0.326281055 ubox
421 432 0.004262340 ubox
422 428 0.004303321 ubox
422 431 0.004138169 ubox
423 427 0.022447932 ubox
423 429 0.013116520 ubox
424 428 0.013290650 ubox
