1 11 0.057307149 ubox
1 13 0.018419044 ubox
1 14 0.111020596 ubox
1 18 0.039431006 ubox
1 24 0.004519129 ubox
1 83 0.010043016 ubox
1 199 0.006321455 ubox
1 221 0.005214065 ubox
1 389 0.004010110 ubox
1 414 0.005064974 ubox
1 431 0.013941610 ubox
2 11 0.204746823 ubox
2 13 0.111172086 ubox
2 18 0.146344410 ubox
2 23 0.004525154 ubox
2 82 0.010250138 ubox
2 205 0.007397548 ubox
2 221 0.086093577 ubox
2 400 0.004077327 ubox
2 414 0.009823517 ubox
2 428 0.009540128 ubox
2 431 0.008329220 ubox
3 9 0.049893431 ubox
3 10 0.189532087 ubox
3 15 0.012505852 ubox
3 17 0.147911413 ubox
3 22 0.004164921 ubox
3 42 0.045412012 ubox
3 81 0.010175176 ubox
3 202 0.003268692 ubox
3 204 0.007226244 ubox
3 206 0.007794524 ubox
3 220 0.088093772 ubox
3 387 0.005802301 ubox
3 399 0.004145968 ubox
3 413 0.009563057 ubox
3 416 0.352350486 ubox
3 427 0.009511539 ubox
3 429 0.010494972 ubox
3 430 0.006211041 ubox
3 433 0.129183478 ubox
4 8 0.048476832 ubox
4 12 0.161338219 ubox
4 14 0.005029960 ubox
4 19 0.003624216 ubox
4 41 0.045546767 ubox
4 200 0.004116206 ubox
4 201 0.003761482 ubox
4 205 0.007684552 ubox
4 219 0.088128631 ubox
4 226 0.004792248 ubox
4 386 0.005717846 ubox
4 398 0.003427824 ubox
4 412 0.009050007 ubox
4 415 0.354449624 ubox
4 426 0.008545739 ubox
4 428 0.005572375 ubox
4 432 0.129722812 ubox
5 11 0.166051418 ubox
5 13 0.005889145 ubox
5 14 0.184191684 ubox
5 18 0.003798003 ubox
5 40 0.045372683 ubox
5 199 0.003670820 ubox
5 218 0.088003325 ubox
5 225 0.004896942 ubox
5 414 0.343100118 ubox
5 431 0.127525726 ubox
6 13 0.184302080 ubox
6 40 0.003992792 ubox
6 199 0.009428381 ubox
6 224 0.004901041 ubox
6 384 0.006224060 ubox
6 414 0.101528832 ubox
6 423 0.004226107 ubox
6 431 0.020750772 ubox
7 38 0.043032553 ubox
7 39 0.004987027 ubox
7 96 0.005166982 ubox
7 198 0.009597464 ubox
7 223 0.004879863 ubox
7 383 0.006229417 ubox
7 413 0.114214742 ubox
7 422 0.004216495 ubox
7 430 0.025510484 ubox
8 15 0.004212589 ubox
8 37 0.044970375 ubox
8 38 0.004574169 ubox
8 93 0.019586754 ubox
8 95 0.011818051 ubox
8 197 0.009487034 ubox
8 212 0.004239214 ubox
8 222 0.004811102 ubox
8 245 0.009688498 ubox
8 382 0.006142925 ubox
8 413 0.250652044 ubox
8 421 0.003914031 ubox
8 435 0.004010444 ubox
9 14 0.004125007 ubox
9 19 0.011618372 ubox
9 33 0.007261592 ubox
9 36 0.044653586 ubox
9 75 0.009896391 ubox
9 92 0.014602448 ubox
9 196 0.009260452 ubox
9 211 0.004126116 ubox
9 214 0.084213526 ubox
9 221 0.004415233 ubox
9 244 0.010738874 ubox
9 381 0.004928996 ubox
9 412 0.279760496 ubox
9 415 0.007812764 ubox
9 432 0.004108557 ubox
10 18 0.012992141 ubox
10 30 0.009433421 ubox
10 32 0.009453294 ubox
10 35 0.042825585 ubox
10 74 0.010626362 ubox
10 92 0.085378380 ubox
10 195 0.007372385 ubox
10 205 0.040378230 ubox
10 208 0.010036863 ubox
10 211 0.016094976 ubox
10 213 0.085030839 ubox
10 243 0.010917914 ubox
10 381 0.003667150 ubox
10 412 0.041008337 ubox
10 414 0.007978129 ubox
10 431 0.003974993 ubox
11 17 0.013533632 ubox
11 27 0.003238430 ubox
11 29 0.010746342 ubox
11 31 0.010046261 ubox
11 73 0.010722287 ubox
11 80 0.004988216 ubox
11 91 0.094478484 ubox
11 203 0.026676036 ubox
11 204 0.054101588 ubox
11 207 0.018941038 ubox
11 210 0.016740383 ubox
11 212 0.084443197 ubox
11 242 0.010913076 ubox
11 347 0.003244605 ubox
11 380 0.005167944 ubox
11 410 0.373329675 ubox
11 411 0.031333553 ubox
11 435 0.027835261 ubox
12 26 0.003222198 ubox
12 27 0.008659968 ubox
12 72 0.010732755 ubox
12 79 0.005011881 ubox
12 90 0.094469769 ubox
12 202 0.026677265 ubox
12 346 0.003287191 ubox
12 375 0.004526193 ubox
12 379 0.005060808 ubox
12 409 0.375141534 ubox
12 430 0.005216493 ubox
12 435 0.672963525 ubox
13 22 0.011906733 ubox
13 26 0.009069168 ubox
13 27 0.006043717 ubox
13 71 0.010733728 ubox
13 78 0.004990227 ubox
13 89 0.094226263 ubox
13 194 0.010813115 ubox
13 203 0.136370474 ubox
13 204 0.166799903 ubox
13 207 0.032378012 ubox
13 210 0.085754177 ubox
13 240 0.010748297 ubox
13 345 0.003288674 ubox
13 374 0.004929504 ubox
13 378 0.004819947 ubox
13 408 0.375219400 ubox
13 417 0.006293794 ubox
13 429 0.005283598 ubox
13 430 0.003567768 ubox
13 434 0.860362786 ubox
13 435 0.003585184 ubox
14 21 0.011952293 ubox
14 25 0.008901985 ubox
14 26 0.005435562 ubox
14 29 0.020698689 ubox
14 31 0.036191064 ubox
14 70 0.010731754 ubox
14 76 0.004215353 ubox
14 88 0.094426807 ubox
14 193 0.011107729 ubox
14 202 0.136936294 ubox
14 203 0.168044157 ubox
14 206 0.032929416 ubox
14 209 0.085758071 ubox
14 239 0.011073204 ubox
14 344 0.003266313 ubox
14 373 0.005352749 ubox
14 407 0.375173012 ubox
14 416 0.006847344 ubox
14 429 0.003788564 ubox
14 433 0.861062872 ubox
14 434 0.003672821 ubox
15 20 0.011068124 ubox
15 28 0.020490757 ubox
15 30 0.035980030 ubox
15 69 0.010113169 ubox
15 75 0.003981098 ubox
15 87 0.094441901 ubox
15 192 0.011100053 ubox
15 200 0.098582208 ubox
15 201 0.136815983 ubox
15 205 0.032149394 ubox
15 208 0.084004558 ubox
15 226 0.015975172 ubox
15 238 0.011191267 ubox
15 372 0.005645591 ubox
15 406 0.353689035 ubox
15 415 0.006853761 ubox
15 432 0.858489534 ubox
16 24 0.068512904 ubox
16 83 0.004466382 ubox
16 86 0.092192230 ubox
16 191 0.008175978 ubox
16 196 0.015534991 ubox
16 199 0.101382578 ubox
16 225 0.017053623 ubox
16 237 0.011222291 ubox
16 371 0.005843220 ubox
16 414 0.006773501 ubox
16 431 0.851461667 ubox
17 23 0.068748203 ubox
17 82 0.004521553 ubox
17 86 0.017206507 ubox
17 191 0.012220354 ubox
17 195 0.015671628 ubox
17 199 0.468287017 ubox
17 205 0.149608299 ubox
17 208 0.012154182 ubox
17 221 0.003783057 ubox
17 224 0.017066246 ubox
17 236 0.011182691 ubox
17 371 0.003990067 ubox
17 381 0.005203474 ubox
17 400 0.029186682 ubox
17 428 0.035427433 ubox
17 431 0.061938953 ubox
18 22 0.065366383 ubox
18 27 0.009461531 ubox
18 81 0.004393280 ubox
18 85 0.021435088 ubox
18 190 0.014334291 ubox
18 194 0.015592171 ubox
18 198 0.351503187 ubox
18 203 0.077454049 ubox
18 204 0.149631417 ubox
18 207 0.013366593 ubox
18 220 0.003899711 ubox
18 223 0.016345783 ubox
18 368 0.004580556 ubox
18 370 0.003590565 ubox
18 374 0.003374293 ubox
18 380 0.005303744 ubox
18 399 0.029203532 ubox
18 402 0.013960936 ubox
18 403 0.263157491 ubox
18 404 0.094784296 ubox
18 427 0.034109056 ubox
18 430 0.072360441 ubox
19 26 0.009505051 ubox
19 189 0.013768580 ubox
19 197 0.248704856 ubox
19 198 0.782240621 ubox
19 202 0.073791166 ubox
19 222 0.014769509 ubox
19 367 0.004586768 ubox
19 373 0.003281634 ubox
19 379 0.005048273 ubox
19 401 0.013872037 ubox
19 402 0.268123558 ubox
19 403 0.089335575 ubox
20 25 0.007581988 ubox
20 85 0.011826182 ubox
20 197 0.906633329 ubox
20 366 0.004511784 ubox
20 401 0.268841621 ubox
20 402 0.073196330 ubox
21 83 0.105471527 ubox
21 84 0.009936608 ubox
21 196 0.951540772 ubox
21 365 0.003820954 ubox
21 400 0.267415241 ubox
22 40 0.008368319 ubox
22 45 0.035291496 ubox
22 82 0.106354395 ubox
22 83 0.007311684 ubox
22 104 0.006838187 ubox
22 186 0.009638837 ubox
22 191 0.041904694 ubox
22 195 0.951579639 ubox
22 279 0.008030825 ubox
22 363 0.003830073 ubox
22 400 0.058618916 ubox
23 38 0.016288579 ubox
23 39 0.007266073 ubox
23 44 0.035526202 ubox
23 47 0.012372234 ubox
23 77 0.005045188 ubox
23 81 0.106578376 ubox
23 103 0.011177340 ubox
23 185 0.009475949 ubox
23 190 0.042424257 ubox
23 194 0.951583648 ubox
23 278 0.008159419 ubox
23 362 0.004541000 ubox
23 397 0.263321410 ubox
23 399 0.056574814 ubox
23 434 0.003866619 ubox
24 31 0.016681892 ubox
24 37 0.028648881 ubox
24 38 0.006020946 ubox
24 42 0.044699033 ubox
24 44 0.005788481 ubox
24 46 0.012828462 ubox
24 76 0.006565083 ubox
24 80 0.106303295 ubox
24 102 0.011279570 ubox
24 184 0.005048412 ubox
24 187 0.019683416 ubox
24 189 0.042078016 ubox
24 193 0.951544812 ubox
24 277 0.008163488 ubox
24 361 0.004530671 ubox
24 396 0.263831959 ubox
24 399 0.011388127 ubox
24 433 0.003901433 ubox
25 30 0.015654476 ubox
25 33 0.006170854 ubox
25 34 0.018789531 ubox
25 35 0.017760266 ubox
25 36 0.034560571 ubox
25 41 0.044786628 ubox
25 43 0.005905515 ubox
25 45 0.012736789 ubox
25 75 0.007435126 ubox
25 101 0.010345252 ubox
25 186 0.022165454 ubox
25 188 0.042645188 ubox
25 192 0.945875489 ubox
25 276 0.008142717 ubox
25 394 0.007245119 ubox
25 395 0.252862089 ubox
25 398 0.011018099 ubox
26 32 0.006608318 ubox
26 33 0.021319647 ubox
26 34 0.020609532 ubox
26 35 0.036955793 ubox
26 36 0.007035534 ubox
26 40 0.042779115 ubox
26 41 0.014822233 ubox
26 74 0.006599564 ubox
26 75 0.006667533 ubox
26 191 0.894146999 ubox
26 192 0.068948807 ubox
26 275 0.008040511 ubox
26 393 0.009433653 ubox
26 394 0.177770800 ubox
26 395 0.009629492 ubox
27 32 0.019680592 ubox
27 33 0.020631587 ubox
27 34 0.035919198 ubox
27 35 0.008055329 ubox
27 40 0.015467249 ubox
27 74 0.007929549 ubox
27 181 0.003779231 ubox
27 183 0.202038795 ubox
27 186 0.439900861 ubox
27 191 0.096785040 ubox
27 274 0.007647997 ubox
27 386 0.003790121 ubox
27 392 0.011142489 ubox
27 393 0.114402818 ubox
27 394 0.007940457 ubox
28 39 0.014721892 ubox
28 73 0.007611641 ubox
28 180 0.003857681 ubox
28 182 0.205097552 ubox
28 184 0.799158303 ubox
28 185 0.315126279 ubox
28 273 0.006648536 ubox
28 385 0.004627582 ubox
28 391 0.009129980 ubox
29 40 0.076434822 ubox
29 53 0.007392654 ubox
29 179 0.003871250 ubox
29 181 0.205449848 ubox
29 183 0.872916568 ubox
29 186 0.140360285 ubox
29 384 0.004640567 ubox
29 392 0.078861251 ubox
30 39 0.074831466 ubox
30 52 0.007566887 ubox
30 180 0.205328743 ubox
30 182 0.872933946 ubox
30 184 0.136875186 ubox
30 185 0.103347822 ubox
30 383 0.004275908 ubox
30 385 0.004824632 ubox
30 391 0.066332805 ubox
31 40 0.206349338 ubox
31 51 0.007636486 ubox
31 179 0.204782027 ubox
31 181 0.873066810 ubox
31 183 0.167832680 ubox
31 186 0.265034004 ubox
31 384 0.005557189 ubox
31 392 0.020220022 ubox
32 38 0.015625462 ubox
32 39 0.202921380 ubox
32 50 0.007142783 ubox
32 96 0.003682648 ubox
32 180 0.860502093 ubox
32 182 0.165401687 ubox
32 185 0.264889794 ubox
32 383 0.005509032 ubox
32 391 0.016808466 ubox
33 37 0.013968640 ubox
33 38 0.176488043 ubox
33 39 0.009817799 ubox
33 95 0.003956097 ubox
33 96 0.009006413 ubox
33 184 0.252444549 ubox
33 185 0.017149691 ubox
33 382 0.005169608 ubox
34 38 0.010028488 ubox
34 90 0.007856673 ubox
34 95 0.009250493 ubox
34 96 0.012563822 ubox
34 184 0.017221434 ubox
34 185 0.005273210 ubox
35 89 0.008741809 ubox
35 95 0.012159560 ubox
35 96 0.062481922 ubox
35 184 0.005520415 ubox
36 88 0.008944245 ubox
36 93 0.007847013 ubox
36 95 0.068125775 ubox
36 177 0.058799919 ubox
36 180 0.253473867 ubox
36 182 0.025268557 ubox
36 391 0.057264953 ubox
37 87 0.008888270 ubox
37 92 0.006311455 ubox
37 176 0.037267032 ubox
37 179 0.277997295 ubox
37 181 0.023349099 ubox
37 390 0.086201711 ubox
38 55 0.003224460 ubox
38 86 0.004927986 ubox
38 178 0.248724957 ubox
38 179 0.033494361 ubox
38 389 0.086561248 ubox
39 45 0.008068782 ubox
39 54 0.003627736 ubox
39 92 0.095706959 ubox
39 98 0.005204255 ubox
39 176 0.940753536 ubox
39 178 0.013778772 ubox
39 388 0.086669460 ubox
40 44 0.009666322 ubox
40 89 0.007305742 ubox
40 90 0.017584818 ubox
40 91 0.100265297 ubox
40 94 0.003457020 ubox
40 97 0.006174085 ubox
40 175 0.955002889 ubox
40 361 0.004375527 ubox
40 387 0.086601327 ubox
40 404 0.011160474 ubox
41 52 0.014169662 ubox
41 88 0.009326246 ubox
41 89 0.025370821 ubox
41 90 0.097472060 ubox
41 93 0.003443841 ubox
41 96 0.006000956 ubox
41 174 0.954970309 ubox
41 360 0.004497879 ubox
41 385 0.085404671 ubox
41 403 0.011215828 ubox
42 51 0.015968917 ubox
42 53 0.032856806 ubox
42 86 0.012489956 ubox
42 173 0.955057749 ubox
42 359 0.004486030 ubox
42 384 0.085605786 ubox
43 50 0.014281909 ubox
43 52 0.033646950 ubox
43 85 0.011828991 ubox
43 172 0.954885576 ubox
43 360 0.003999904 ubox
43 382 0.053753182 ubox
43 383 0.064869651 ubox
43 385 0.005235965 ubox
43 401 0.012989944 ubox
44 51 0.033957745 ubox
44 53 0.008231043 ubox
44 82 0.006827455 ubox
44 84 0.009975720 ubox
44 86 0.217636031 ubox
44 101 0.027818338 ubox
44 171 0.954715122 ubox
44 359 0.005105035 ubox
44 381 0.076025657 ubox
44 384 0.005374230 ubox
44 400 0.013507143 ubox
45 50 0.021270146 ubox
45 52 0.008841055 ubox
45 60 0.005609685 ubox
45 81 0.006921294 ubox
45 85 0.219867941 ubox
45 100 0.028027587 ubox
45 169 0.627294952 ubox
45 170 0.719694885 ubox
45 358 0.005096334 ubox
45 380 0.075407864 ubox
45 383 0.004292330 ubox
45 399 0.013429525 ubox
46 51 0.008985583 ubox
46 54 0.003411749 ubox
46 55 0.050032429 ubox
46 56 0.177834912 ubox
46 59 0.005632027 ubox
46 83 0.008607521 ubox
46 84 0.220275854 ubox
46 99 0.027574278 ubox
46 167 0.010099359 ubox
46 168 0.886656066 ubox
47 53 0.003412511 ubox
47 54 0.050071797 ubox
47 55 0.178868386 ubox
47 56 0.015738215 ubox
47 58 0.005618805 ubox
47 82 0.008565471 ubox
47 83 0.219660830 ubox
47 84 0.029458762 ubox
47 166 0.011009777 ubox
47 167 0.886401889 ubox
47 168 0.353794599 ubox
48 53 0.049846685 ubox
48 54 0.178876779 ubox
48 55 0.016050392 ubox
48 56 0.006386963 ubox
48 82 0.218077477 ubox
48 83 0.033808188 ubox
48 84 0.048768778 ubox
48 162 0.015856656 ubox
48 166 0.885056707 ubox
48 167 0.354805149 ubox
48 168 0.006856257 ubox
49 53 0.177771334 ubox
49 54 0.016045951 ubox
49 55 0.006544706 ubox
49 56 0.003799463 ubox
49 82 0.037233004 ubox
49 83 0.049962607 ubox
49 161 0.022206330 ubox
49 162 0.716630672 ubox
49 166 0.354563871 ubox
49 167 0.006999431 ubox
50 54 0.005941680 ubox
50 55 0.003742105 ubox
50 82 0.050545220 ubox
50 161 0.718146236 ubox
50 166 0.006517353 ubox
51 76 0.037869190 ubox
51 81 0.077794257 ubox
51 160 0.716538344 ubox
51 163 0.586433862 ubox
51 165 0.007526868 ubox
52 74 0.032921148 ubox
52 75 0.030080865 ubox
52 82 0.022201935 ubox
52 161 0.247941055 ubox
52 162 0.557015035 ubox
53 72 0.004998903 ubox
53 73 0.040296639 ubox
53 77 0.057087445 ubox
53 78 0.147664738 ubox
53 79 0.067786346 ubox
53 80 0.049164387 ubox
53 81 0.131480678 ubox
53 156 0.014503697 ubox
53 157 0.127194520 ubox
53 158 0.143237380 ubox
53 159 0.689292716 ubox
53 160 0.295689449 ubox
53 164 0.020644193 ubox
53 165 0.005209818 ubox
54 71 0.006481932 ubox
54 72 0.044984556 ubox
54 76 0.061548707 ubox
54 77 0.147254060 ubox
54 78 0.072138371 ubox
54 79 0.047986633 ubox
54 80 0.131940496 ubox
54 81 0.013681695 ubox
54 155 0.014642046 ubox
54 156 0.127312153 ubox
54 157 0.134385603 ubox
54 158 0.852207639 ubox
54 159 0.210569237 ubox
54 160 0.299806203 ubox
54 163 0.020119420 ubox
54 164 0.005194096 ubox
55 70 0.006475503 ubox
55 71 0.045562450 ubox
55 76 0.146840610 ubox
55 77 0.071310226 ubox
55 78 0.049571891 ubox
55 79 0.131208829 ubox
55 80 0.013699910 ubox
55 81 0.004959713 ubox
55 154 0.020548617 ubox
55 155 0.126450519 ubox
55 156 0.120270066 ubox
55 157 0.933609073 ubox
55 158 0.032876468 ubox
55 159 0.046032034 ubox
55 160 0.017727243 ubox
55 163 0.004767875 ubox
55 348 0.005729679 ubox
56 70 0.045399431 ubox
56 73 0.167721261 ubox
56 76 0.068644959 ubox
56 77 0.028515163 ubox
56 78 0.129224356 ubox
56 79 0.007425581 ubox
56 80 0.005028658 ubox
56 119 0.004582744 ubox
56 154 0.134411478 ubox
56 155 0.087531341 ubox
56 156 0.937247560 ubox
56 157 0.024940961 ubox
56 158 0.010655850 ubox
56 159 0.020641454 ubox
56 160 0.004138108 ubox
56 347 0.005866435 ubox
57 68 0.006098327 ubox
57 72 0.263685904 ubox
57 73 0.013563654 ubox
57 77 0.108379891 ubox
57 79 0.004269065 ubox
57 118 0.004595211 ubox
57 155 0.939280758 ubox
57 158 0.023201832 ubox
57 159 0.004115983 ubox
57 165 0.015200740 ubox
57 346 0.005891341 ubox
58 67 0.005466228 ubox
58 68 0.044319856 ubox
58 71 0.288343231 ubox
58 76 0.059168559 ubox
58 117 0.004598512 ubox
58 154 0.938741434 ubox
58 155 0.003214987 ubox
58 156 0.005597954 ubox
58 157 0.023885204 ubox
58 158 0.004100973 ubox
58 164 0.015706036 ubox
58 345 0.005896340 ubox
58 362 0.012390227 ubox
59 67 0.051681287 ubox
59 70 0.292987797 ubox
59 71 0.003693825 ubox
59 116 0.004589591 ubox
59 149 0.755762533 ubox
59 152 0.578823544 ubox
59 154 0.003361643 ubox
59 156 0.021788602 ubox
59 157 0.003989362 ubox
59 163 0.015710204 ubox
59 344 0.005894241 ubox
59 361 0.012540512 ubox
60 66 0.051760822 ubox
60 69 0.293000830 ubox
60 148 0.757127236 ubox
60 151 0.577242823 ubox
60 162 0.015701805 ubox
60 343 0.005864715 ubox
61 65 0.042347773 ubox
61 68 0.261958511 ubox
61 147 0.757086691 ubox
61 360 0.013395728 ubox
62 69 0.004430413 ubox
62 113 0.003720549 ubox
62 132 0.003297575 ubox
62 148 0.324689833 ubox
62 161 0.015557215 ubox
62 224 0.005825380 ubox
62 359 0.013636095 ubox
63 68 0.004373360 ubox
63 131 0.003312047 ubox
63 146 0.949882589 ubox
63 147 0.059611078 ubox
63 156 0.004857996 ubox
63 160 0.015587443 ubox
63 223 0.005869521 ubox
63 358 0.013643195 ubox
64 130 0.003267917 ubox
64 145 0.951827088 ubox
64 155 0.005833326 ubox
64 159 0.015511877 ubox
64 222 0.005885224 ubox
64 357 0.013639615 ubox
65 111 0.003339290 ubox
65 140 0.004249948 ubox
65 144 0.948293384 ubox
65 153 0.041406586 ubox
65 221 0.005883373 ubox
65 356 0.013623993 ubox
66 100 0.003864890 ubox
66 129 0.003246404 ubox
66 139 0.005642895 ubox
66 142 0.677259691 ubox
66 143 0.670814609 ubox
66 152 0.041911954 ubox
66 220 0.005884626 ubox
66 355 0.013316645 ubox
67 99 0.003961538 ubox
67 110 0.006421558 ubox
67 128 0.003223974 ubox
67 138 0.005920212 ubox
67 141 0.953167273 ubox
67 151 0.041917002 ubox
67 218 0.006014627 ubox
67 350 0.003181538 ubox
68 86 0.003720617 ubox
68 98 0.003959468 ubox
68 109 0.006976802 ubox
68 137 0.005922627 ubox
68 140 0.952595736 ubox
68 150 0.041909275 ubox
68 217 0.006015616 ubox
68 349 0.003178918 ubox
69 85 0.007226451 ubox
69 97 0.003939078 ubox
69 108 0.007094379 ubox
69 136 0.005945642 ubox
69 139 0.953233806 ubox
69 142 0.010321531 ubox
69 149 0.041910077 ubox
69 216 0.006016826 ubox
69 348 0.003170654 ubox
70 83 0.006180499 ubox
70 84 0.009951973 ubox
70 107 0.007116665 ubox
70 126 0.003236855 ubox
70 135 0.005661330 ubox
70 138 0.953093638 ubox
70 141 0.010357073 ubox
70 148 0.041678820 ubox
70 215 0.005162764 ubox
71 82 0.007417647 ubox
71 83 0.012625839 ubox
71 84 0.013712954 ubox
71 106 0.007123102 ubox
71 126 0.007048038 ubox
71 135 0.009973880 ubox
71 137 0.943688345 ubox
71 138 0.011988030 ubox
71 140 0.008851869 ubox
72 82 0.013064424 ubox
72 83 0.024636946 ubox
72 84 0.005213121 ubox
72 87 0.254706852 ubox
72 105 0.007102839 ubox
72 124 0.042245066 ubox
72 125 0.006418591 ubox
72 133 0.012511744 ubox
72 134 0.018925745 ubox
72 135 0.086314787 ubox
72 137 0.015008900 ubox
72 214 0.004345656 ubox
72 372 0.007276015 ubox
72 377 0.003174870 ubox
73 82 0.027979739 ubox
73 83 0.008508137 ubox
73 86 0.265216598 ubox
73 104 0.006725339 ubox
73 123 0.045944242 ubox
73 124 0.004730179 ubox
73 128 0.004301911 ubox
73 132 0.011290567 ubox
73 133 0.015893259 ubox
73 134 0.065839392 ubox
73 213 0.004326972 ubox
73 371 0.010304786 ubox
73 376 0.005195025 ubox
74 85 0.189843925 ubox
74 89 0.040862063 ubox
74 90 0.059876180 ubox
74 122 0.046463394 ubox
74 127 0.005118869 ubox
74 212 0.004216820 ubox
74 367 0.019819094 ubox
74 370 0.010077654 ubox
74 375 0.005286294 ubox
75 85 0.688416152 ubox
75 88 0.040026211 ubox
75 89 0.064100787 ubox
75 121 0.046546305 ubox
75 127 0.070147881 ubox
75 366 0.022573552 ubox
76 83 0.186887157 ubox
76 84 0.780977125 ubox
76 99 0.010939142 ubox
76 106 0.008992121 ubox
76 107 0.006099354 ubox
76 120 0.045459915 ubox
76 126 0.074683981 ubox
76 135 0.055833838 ubox
76 141 0.008541805 ubox
76 365 0.022365272 ubox
77 82 0.170255082 ubox
77 83 0.746478316 ubox
77 84 0.148866104 ubox
77 87 0.119929403 ubox
77 98 0.010722422 ubox
77 105 0.009009762 ubox
77 107 0.009680800 ubox
77 125 0.072587222 ubox
77 133 0.022633936 ubox
77 134 0.050270057 ubox
77 140 0.004666304 ubox
77 141 0.030711925 ubox
77 364 0.009363896 ubox
77 372 0.009998036 ubox
78 82 0.724878924 ubox
78 83 0.333046226 ubox
78 84 0.048545868 ubox
78 86 0.123976128 ubox
78 99 0.047810323 ubox
78 104 0.008784031 ubox
78 106 0.018851788 ubox
78 107 0.007216970 ubox
78 126 0.010134344 ubox
78 132 0.023890142 ubox
78 135 0.027492484 ubox
78 140 0.034121261 ubox
78 141 0.007426815 ubox
78 151 0.005394417 ubox
78 363 0.007914759 ubox
78 365 0.029037224 ubox
78 371 0.010359101 ubox
79 83 0.044536205 ubox
79 87 0.038613523 ubox
79 98 0.047597532 ubox
79 105 0.018907125 ubox
79 106 0.007010795 ubox
79 107 0.003403909 ubox
79 125 0.009809079 ubox
79 133 0.021632213 ubox
79 134 0.025849516 ubox
79 140 0.007325118 ubox
79 150 0.005291861 ubox
79 168 0.004073624 ubox
79 364 0.003490997 ubox
79 365 0.054440152 ubox
80 86 0.040305779 ubox
80 104 0.013829767 ubox
80 106 0.005322799 ubox
80 107 0.003573297 ubox
80 132 0.021288006 ubox
80 138 0.037975463 ubox
80 167 0.005289485 ubox
80 364 0.085812931 ubox
80 365 0.005549380 ubox
81 101 0.009998688 ubox
81 104 0.019894538 ubox
81 106 0.003568497 ubox
81 120 0.082413337 ubox
81 132 0.025694046 ubox
81 137 0.038720115 ubox
81 148 0.006377352 ubox
81 166 0.005297140 ubox
81 363 0.086420681 ubox
81 364 0.005273348 ubox
81 400 0.004322191 ubox
82 89 0.013294126 ubox
82 90 0.009872393 ubox
82 91 0.110614813 ubox
82 94 0.005266962 ubox
82 95 0.211546592 ubox
82 96 0.008029658 ubox
82 97 0.008400100 ubox
82 100 0.009931327 ubox
82 103 0.027615018 ubox
82 118 0.054893790 ubox
82 119 0.082945180 ubox
82 131 0.025496012 ubox
82 136 0.041643795 ubox
82 147 0.011309372 ubox
82 165 0.005305005 ubox
82 362 0.086572789 ubox
82 399 0.004550672 ubox
82 405 0.005004162 ubox
83 88 0.015156135 ubox
83 89 0.012069108 ubox
83 90 0.107940368 ubox
83 91 0.086020966 ubox
83 93 0.013481213 ubox
83 94 0.283567352 ubox
83 95 0.008804651 ubox
83 96 0.006653586 ubox
83 97 0.010688130 ubox
83 102 0.027596121 ubox
83 103 0.021418216 ubox
83 117 0.100944856 ubox
83 118 0.009808385 ubox
83 130 0.015460832 ubox
83 146 0.011389796 ubox
83 164 0.005325624 ubox
83 358 0.007517780 ubox
83 361 0.086515154 ubox
83 362 0.005118842 ubox
83 397 0.006508451 ubox
83 404 0.005018547 ubox
84 88 0.009488524 ubox
84 89 0.098437735 ubox
84 90 0.082065992 ubox
84 93 0.454435837 ubox
84 94 0.010844042 ubox
84 95 0.005884307 ubox
84 96 0.009285950 ubox
84 100 0.026135666 ubox
84 102 0.021704970 ubox
84 116 0.101201479 ubox
84 117 0.007003968 ubox
84 129 0.014356541 ubox
84 136 0.006050973 ubox
84 145 0.011386478 ubox
84 163 0.005317410 ubox
84 357 0.010116279 ubox
84 360 0.082992440 ubox
84 361 0.005198054 ubox
84 396 0.006541766 ubox
84 399 0.054010770 ubox
85 92 0.497756544 ubox
85 98 0.061448915 ubox
85 99 0.015465053 ubox
85 101 0.021417665 ubox
85 115 0.101418512 ubox
85 128 0.012424417 ubox
85 144 0.011389478 ubox
85 162 0.003867358 ubox
85 356 0.011252022 ubox
85 359 0.081763680 ubox
85 395 0.006084813 ubox
85 398 0.054716403 ubox
86 91 0.516587573 ubox
86 94 0.044974069 ubox
86 97 0.074199649 ubox
86 100 0.020646035 ubox
86 114 0.101412148 ubox
86 127 0.006929009 ubox
86 136 0.013906001 ubox
86 143 0.011363114 ubox
86 355 0.011289299 ubox
86 358 0.085495781 ubox
86 397 0.054845955 ubox
87 93 0.069802708 ubox
87 95 0.005098854 ubox
87 96 0.075619994 ubox
87 112 0.012287416 ubox
87 127 0.004007013 ubox
87 354 0.011048025 ubox
87 357 0.085239778 ubox
88 92 0.065282375 ubox
88 99 0.011410366 ubox
88 111 0.011955830 ubox
88 125 0.009783180 ubox
88 126 0.004005148 ubox
88 135 0.003957229 ubox
88 141 0.006037613 ubox
88 356 0.080906529 ubox
88 394 0.006141261 ubox
88 395 0.067462501 ubox
89 98 0.011426635 ubox
89 110 0.011633990 ubox
89 111 0.095442241 ubox
89 124 0.009836079 ubox
89 125 0.003936354 ubox
89 134 0.004302252 ubox
89 140 0.005664079 ubox
89 393 0.005043228 ubox
89 394 0.099217828 ubox
90 109 0.010799291 ubox
90 110 0.095188812 ubox
90 111 0.011716562 ubox
90 123 0.009307107 ubox
90 124 0.003697164 ubox
90 133 0.004306706 ubox
90 137 0.003505353 ubox
90 138 0.004259486 ubox
90 393 0.115883920 ubox
91 109 0.094810179 ubox
91 110 0.014419172 ubox
91 113 0.029343266 ubox
91 132 0.004289513 ubox
91 137 0.012805563 ubox
91 392 0.119739474 ubox
92 112 0.029365780 ubox
92 121 0.006636418 ubox
92 357 0.003874248 ubox
92 391 0.119736253 ubox
93 107 0.065579006 ubox
93 111 0.029358031 ubox
93 120 0.006329108 ubox
93 133 0.010968311 ubox
93 356 0.006674122 ubox
93 390 0.119769959 ubox
94 106 0.066044724 ubox
94 107 0.070518427 ubox
94 110 0.029325785 ubox
94 126 0.003581189 ubox
94 132 0.011232430 ubox
94 135 0.909752588 ubox
94 389 0.119761895 ubox
95 105 0.059526660 ubox
95 106 0.070763279 ubox
95 109 0.024710563 ubox
95 125 0.003592874 ubox
95 133 0.030626520 ubox
95 134 0.924324886 ubox
95 135 0.007376867 ubox
95 168 0.007993292 ubox
95 388 0.109127855 ubox
95 432 0.004505001 ubox
96 104 0.050963332 ubox
96 105 0.076368052 ubox
96 107 0.003311146 ubox
96 124 0.003447241 ubox
96 132 0.035996285 ubox
96 133 0.939920036 ubox
96 134 0.009396088 ubox
96 167 0.013543049 ubox
96 388 0.004116311 ubox
96 432 0.103508063 ubox
97 104 0.081447849 ubox
97 106 0.003496463 ubox
97 132 0.940999208 ubox
97 148 0.003764104 ubox
97 166 0.026966938 ubox
97 384 0.059604979 ubox
97 431 0.108561355 ubox
98 122 0.003355368 ubox
98 130 0.941600510 ubox
98 147 0.004045818 ubox
98 165 0.029373197 ubox
98 352 0.227590580 ubox
98 353 0.010238024 ubox
98 354 0.009408266 ubox
98 383 0.058098552 ubox
98 402 0.009285667 ubox
98 430 0.108624892 ubox
99 108 0.024422139 ubox
99 114 0.010224295 ubox
99 121 0.003614587 ubox
99 127 0.004449342 ubox
99 129 0.947691328 ubox
99 136 0.008647681 ubox
99 142 0.007345681 ubox
99 146 0.004130137 ubox
99 164 0.030308670 ubox
99 351 0.259773010 ubox
99 352 0.008689413 ubox
99 353 0.012352184 ubox
99 382 0.055615525 ubox
99 385 0.007847353 ubox
99 401 0.012472197 ubox
99 429 0.108683195 ubox
100 107 0.024436982 ubox
100 109 0.038148202 ubox
100 113 0.010249432 ubox
100 120 0.003311555 ubox
100 126 0.005041997 ubox
100 128 0.947715228 ubox
100 135 0.008699407 ubox
100 137 0.003713180 ubox
100 140 0.016716334 ubox
100 141 0.005226465 ubox
100 350 0.259890720 ubox
100 381 0.055166944 ubox
100 384 0.007975800 ubox
100 400 0.012855515 ubox
100 428 0.108681935 ubox
101 108 0.039144576 ubox
101 112 0.010160312 ubox
101 121 0.009186745 ubox
101 127 0.947299131 ubox
101 136 0.004374289 ubox
101 139 0.017894726 ubox
101 142 0.006274190 ubox
101 163 0.030973835 ubox
101 169 0.007474633 ubox
101 351 0.041586817 ubox
101 380 0.050313445 ubox
101 383 0.005814142 ubox
101 399 0.012805640 ubox
101 427 0.108593023 ubox
102 107 0.039129877 ubox
102 110 0.010425360 ubox
102 120 0.006972106 ubox
102 126 0.947252600 ubox
102 135 0.004363042 ubox
102 138 0.017907329 ubox
102 141 0.006299813 ubox
102 162 0.030994024 ubox
102 168 0.007525491 ubox
102 350 0.043575057 ubox
102 364 0.003321761 ubox
102 426 0.104714625 ubox
103 109 0.010440615 ubox
103 120 0.940917050 ubox
103 132 0.009577076 ubox
103 137 0.017908802 ubox
103 140 0.006299805 ubox
103 161 0.030992332 ubox
103 167 0.007525209 ubox
103 363 0.003340378 ubox
103 381 0.004939508 ubox
103 423 0.008140901 ubox
103 426 0.005108697 ubox
104 108 0.009926480 ubox
104 119 0.942413330 ubox
104 122 0.005919205 ubox
104 131 0.009653687 ubox
104 136 0.017872629 ubox
104 139 0.006294368 ubox
104 160 0.030910592 ubox
104 283 0.004080955 ubox
104 347 0.294967648 ubox
104 380 0.004971734 ubox
104 410 0.004212923 ubox
105 118 0.942317158 ubox
105 121 0.005487155 ubox
105 122 0.005834165 ubox
105 130 0.009544945 ubox
105 158 0.009857144 ubox
105 159 0.029262921 ubox
105 165 0.007525525 ubox
105 282 0.004110648 ubox
105 346 0.295895718 ubox
105 379 0.004987607 ubox
105 409 0.004229409 ubox
106 117 0.942250961 ubox
106 119 0.005509949 ubox
106 121 0.004609098 ubox
106 122 0.091244971 ubox
106 129 0.008937331 ubox
106 157 0.013846589 ubox
106 158 0.027108086 ubox
106 164 0.007548763 ubox
106 281 0.004133442 ubox
106 345 0.296057378 ubox
106 378 0.004976571 ubox
106 408 0.004232462 ubox
107 114 0.119178360 ubox
107 116 0.934237749 ubox
107 118 0.005436420 ubox
107 121 0.100932847 ubox
107 127 0.007155492 ubox
107 129 0.003382400 ubox
107 136 0.018247981 ubox
107 149 0.015969261 ubox
107 156 0.012882621 ubox
107 157 0.022942155 ubox
107 163 0.007547652 ubox
107 280 0.004133814 ubox
107 344 0.296066023 ubox
107 407 0.004232341 ubox
108 113 0.160554113 ubox
108 120 0.101838484 ubox
108 126 0.007525145 ubox
108 128 0.004509132 ubox
108 132 0.023116882 ubox
108 135 0.018376107 ubox
108 148 0.018191992 ubox
108 162 0.007489880 ubox
108 279 0.004133769 ubox
108 343 0.296062776 ubox
109 117 0.013860956 ubox
109 118 0.009691616 ubox
109 119 0.100418011 ubox
109 127 0.004358560 ubox
109 131 0.022278573 ubox
109 147 0.018213404 ubox
109 155 0.011310740 ubox
109 156 0.009231251 ubox
109 278 0.004133408 ubox
109 342 0.296035181 ubox
109 375 0.004894046 ubox
109 405 0.004232952 ubox
110 116 0.014932818 ubox
110 117 0.058046501 ubox
110 118 0.074027763 ubox
110 119 0.010828669 ubox
110 122 0.006267699 ubox
110 130 0.017656637 ubox
110 131 0.039741357 ubox
110 146 0.018246317 ubox
110 154 0.011622483 ubox
110 155 0.006236074 ubox
110 156 0.003372043 ubox
110 160 0.006108082 ubox
110 277 0.004125949 ubox
110 341 0.295883770 ubox
110 374 0.004907166 ubox
110 404 0.004233280 ubox
111 118 0.013875146 ubox
111 121 0.006729306 ubox
111 130 0.039861555 ubox
111 145 0.018242478 ubox
111 155 0.003203291 ubox
111 159 0.005934682 ubox
111 340 0.295996244 ubox
111 373 0.004707951 ubox
111 403 0.004192074 ubox
112 120 0.006768748 ubox
112 144 0.018212261 ubox
112 150 0.004453557 ubox
112 153 0.009471619 ubox
112 339 0.295858311 ubox
112 372 0.003888865 ubox
113 119 0.006653266 ubox
113 121 0.008336678 ubox
113 129 0.050207763 ubox
113 142 0.006498913 ubox
113 143 0.016994249 ubox
113 149 0.004499210 ubox
113 152 0.009475669 ubox
113 338 0.296037987 ubox
113 368 0.003478316 ubox
113 401 0.003997356 ubox
114 120 0.008603476 ubox
114 128 0.050354663 ubox
114 141 0.009108942 ubox
114 148 0.004499534 ubox
114 151 0.009439310 ubox
114 337 0.295569158 ubox
114 400 0.004102923 ubox
115 121 0.006103095 ubox
115 127 0.050348177 ubox
115 147 0.004407145 ubox
115 228 0.004321393 ubox
115 336 0.252516715 ubox
115 366 0.004360528 ubox
116 120 0.007262814 ubox
116 126 0.048298495 ubox
116 138 0.003595105 ubox
116 141 0.015137806 ubox
116 225 0.215012692 ubox
116 227 0.004959819 ubox
116 230 0.003270954 ubox
116 335 0.179193190 ubox
116 365 0.004535028 ubox
117 126 0.024901574 ubox
117 135 0.004146161 ubox
117 137 0.003582768 ubox
117 138 0.007563063 ubox
117 140 0.015158515 ubox
117 141 0.003583892 ubox
117 224 0.215990146 ubox
117 225 0.019069417 ubox
117 227 0.019735423 ubox
117 229 0.003210177 ubox
117 334 0.151349540 ubox
117 335 0.003957023 ubox
117 364 0.004524340 ubox
118 125 0.027729751 ubox
118 133 0.080668394 ubox
118 134 0.004519358 ubox
118 138 0.015237099 ubox
118 141 0.003451061 ubox
118 219 0.004497962 ubox
118 224 0.017812059 ubox
118 225 0.010359589 ubox
118 226 0.028231756 ubox
118 301 0.035913259 ubox
118 333 0.074052134 ubox
119 128 0.013443613 ubox
119 132 0.084206587 ubox
119 137 0.017606600 ubox
119 140 0.005512831 ubox
119 161 0.003472214 ubox
119 218 0.004657665 ubox
119 221 0.264233916 ubox
119 224 0.013638128 ubox
119 225 0.028727193 ubox
119 294 0.023643827 ubox
119 300 0.037802668 ubox
119 303 0.023031678 ubox
119 331 0.003323149 ubox
119 363 0.003988730 ubox
120 127 0.010167899 ubox
120 129 0.025934320 ubox
120 131 0.083086235 ubox
120 136 0.017935861 ubox
120 139 0.005644721 ubox
120 160 0.003502337 ubox
120 220 0.265308289 ubox
120 223 0.013200992 ubox
120 293 0.024347721 ubox
120 299 0.037800029 ubox
120 302 0.023143569 ubox
120 362 0.003970699 ubox
121 126 0.004860915 ubox
121 128 0.026746649 ubox
121 135 0.017839360 ubox
121 138 0.005633995 ubox
121 218 0.003591985 ubox
121 219 0.264876292 ubox
121 225 0.008594526 ubox
121 226 0.003248717 ubox
121 292 0.024261927 ubox
121 298 0.037779863 ubox
121 301 0.023128089 ubox
122 128 0.016113614 ubox
122 134 0.016552635 ubox
122 137 0.003576192 ubox
122 218 0.263185391 ubox
122 224 0.012665403 ubox
122 291 0.024041438 ubox
122 297 0.037077908 ubox
122 300 0.022505648 ubox
123 127 0.013911559 ubox
123 223 0.013506490 ubox
123 290 0.023101711 ubox
123 296 0.034532199 ubox
123 299 0.021385945 ubox
124 222 0.013484027 ubox
125 155 0.017054474 ubox
125 165 0.006256482 ubox
125 286 0.013380636 ubox
125 296 0.018608211 ubox
126 136 0.010147769 ubox
126 154 0.018633053 ubox
126 164 0.006883646 ubox
126 212 0.004442163 ubox
126 216 0.008547748 ubox
126 220 0.009981051 ubox
126 285 0.013873190 ubox
126 293 0.021289046 ubox
126 295 0.020744552 ubox
127 135 0.010100825 ubox
127 137 0.017556991 ubox
127 153 0.018640612 ubox
127 211 0.004839098 ubox
127 215 0.008467672 ubox
127 217 0.277306071 ubox
127 219 0.007146755 ubox
127 284 0.010416668 ubox
127 291 0.003456576 ubox
127 292 0.009847253 ubox
127 294 0.018804161 ubox
128 136 0.090061737 ubox
128 152 0.018644654 ubox
128 163 0.007630313 ubox
128 210 0.004873162 ubox
128 216 0.279800654 ubox
128 283 0.009804273 ubox
128 290 0.007958422 ubox
128 293 0.018327005 ubox
128 304 0.003175636 ubox
129 135 0.090337449 ubox
129 151 0.018643914 ubox
129 162 0.007604630 ubox
129 215 0.279844734 ubox
129 289 0.008198883 ubox
129 303 0.003176476 ubox
130 134 0.081799882 ubox
130 150 0.018470462 ubox
130 162 0.004105624 ubox
130 214 0.270750949 ubox
130 288 0.007657242 ubox
130 292 0.012013393 ubox
131 137 0.006641921 ubox
131 148 0.009866316 ubox
131 161 0.010888328 ubox
131 291 0.012016227 ubox
132 136 0.008848113 ubox
132 146 0.010627936 ubox
132 147 0.005217093 ubox
132 156 0.003852082 ubox
132 160 0.011109675 ubox
132 290 0.009127025 ubox
133 145 0.010528082 ubox
133 155 0.003839760 ubox
133 159 0.011107437 ubox
134 158 0.011085927 ubox
134 286 0.004095892 ubox
135 142 0.013374436 ubox
135 149 0.012090349 ubox
135 152 0.021451723 ubox
135 157 0.010559019 ubox
135 206 0.005026015 ubox
135 209 0.295433094 ubox
135 285 0.004181871 ubox
136 141 0.013443209 ubox
136 148 0.012102091 ubox
136 151 0.021807287 ubox
136 205 0.005044765 ubox
136 208 0.295830458 ubox
137 143 0.003395182 ubox
137 147 0.012003624 ubox
137 155 0.005915714 ubox
137 156 0.004640996 ubox
137 204 0.005045320 ubox
137 207 0.295836578 ubox
137 210 0.015233325 ubox
137 281 0.005470386 ubox
138 142 0.003358762 ubox
138 146 0.011933242 ubox
138 149 0.025767742 ubox
138 152 0.008684355 ubox
138 154 0.005978054 ubox
138 155 0.003340916 ubox
138 203 0.005041432 ubox
138 206 0.295840796 ubox
138 209 0.015390450 ubox
138 280 0.005542174 ubox
139 148 0.025844811 ubox
139 151 0.008696696 ubox
139 199 0.006050833 ubox
139 205 0.295813218 ubox
139 208 0.015391421 ubox
139 279 0.005543219 ubox
140 147 0.025595402 ubox
140 194 0.003384022 ubox
140 198 0.013251637 ubox
140 203 0.003629551 ubox
140 204 0.295510734 ubox
140 207 0.015391250 ubox
140 278 0.005542925 ubox
141 146 0.025228886 ubox
141 149 0.009675512 ubox
141 152 0.007846805 ubox
141 163 0.003443551 ubox
141 193 0.003433055 ubox
141 197 0.055458440 ubox
141 203 0.290370649 ubox
141 206 0.015386478 ubox
141 277 0.005527933 ubox
142 148 0.009863586 ubox
142 151 0.008102336 ubox
142 162 0.003581151 ubox
142 167 0.024890863 ubox
142 196 0.169155244 ubox
142 205 0.012768173 ubox
142 237 0.003773730 ubox
143 161 0.003577540 ubox
143 166 0.024942849 ubox
143 195 0.169005003 ubox
143 199 0.149614237 ubox
143 236 0.003775816 ubox
144 165 0.024213924 ubox
144 189 0.005170636 ubox
144 197 0.073165755 ubox
144 198 0.133897111 ubox
144 202 0.016026134 ubox
145 188 0.003669498 ubox
145 192 0.166918777 ubox
145 196 0.097603054 ubox
145 200 0.048766608 ubox
145 201 0.016071948 ubox
145 235 0.003699216 ubox
146 162 0.024142327 ubox
146 191 0.169172850 ubox
146 195 0.099777580 ubox
146 196 0.093026824 ubox
146 199 0.050080369 ubox
146 234 0.003693110 ubox
147 161 0.024190363 ubox
147 188 0.268285262 ubox
147 191 0.003984355 ubox
147 195 0.068084047 ubox
148 160 0.024159488 ubox
148 163 0.007615986 ubox
148 184 0.003716854 ubox
148 187 0.293893537 ubox
148 194 0.023836977 ubox
148 197 0.004199753 ubox
148 233 0.005026049 ubox
149 162 0.007611964 ubox
149 166 0.006040637 ubox
149 183 0.004542064 ubox
149 186 0.294523905 ubox
149 196 0.004298065 ubox
149 232 0.005391229 ubox
150 158 0.023061222 ubox
150 159 0.005542379 ubox
150 165 0.006044352 ubox
150 182 0.003743109 ubox
150 185 0.293839103 ubox
150 231 0.005387466 ubox
151 157 0.023447137 ubox
151 158 0.004543022 ubox
151 163 0.004064109 ubox
151 164 0.005182687 ubox
151 182 0.052330731 ubox
151 184 0.289908434 ubox
152 162 0.005111878 ubox
152 181 0.055885806 ubox
152 183 0.289654371 ubox
152 229 0.005395601 ubox
153 180 0.059513053 ubox
153 182 0.288762001 ubox
153 228 0.005396193 ubox
154 179 0.062844237 ubox
154 181 0.287921600 ubox
154 227 0.005397291 ubox
155 168 0.005936488 ubox
155 178 0.063957148 ubox
155 226 0.005397072 ubox
156 162 0.005586430 ubox
156 167 0.007118682 ubox
156 225 0.005397151 ubox
157 161 0.005568914 ubox
157 166 0.007134806 ubox
157 179 0.132298492 ubox
157 224 0.005378705 ubox
158 178 0.123527346 ubox
158 179 0.017789558 ubox
158 201 0.005885760 ubox
159 178 0.021299831 ubox
159 200 0.006595320 ubox
160 171 0.289485557 ubox
160 173 0.012056600 ubox
160 199 0.006634911 ubox
160 208 0.003647790 ubox
160 221 0.004740090 ubox
161 170 0.291009583 ubox
161 175 0.047368742 ubox
161 198 0.006618232 ubox
161 207 0.003756364 ubox
161 220 0.004602005 ubox
162 169 0.291022589 ubox
162 172 0.003673295 ubox
162 174 0.047525127 ubox
162 197 0.006634050 ubox
162 206 0.003798888 ubox
163 168 0.290158116 ubox
163 171 0.003727030 ubox
163 173 0.047511841 ubox
163 196 0.006569726 ubox
163 205 0.003784106 ubox
164 195 0.006491569 ubox
164 218 0.003536346 ubox
165 171 0.039644539 ubox
165 178 0.003307584 ubox
165 217 0.003535626 ubox
166 170 0.038625909 ubox
166 172 0.003520396 ubox
166 194 0.006232900 ubox
166 216 0.003504207 ubox
167 175 0.004826593 ubox
167 193 0.006226011 ubox
167 198 0.007762806 ubox
167 210 0.003729647 ubox
168 174 0.004859496 ubox
168 197 0.025858984 ubox
168 209 0.003734117 ubox
169 173 0.004854388 ubox
169 196 0.027041948 ubox
169 208 0.003716325 ubox
170 191 0.005069161 ubox
170 195 0.027048356 ubox
171 189 0.004321601 ubox
171 190 0.004982745 ubox
171 194 0.027038222 ubox
171 206 0.003606589 ubox
172 178 0.007104796 ubox
172 179 0.005012029 ubox
172 188 0.006545006 ubox
172 205 0.003486680 ubox
173 177 0.006337636 ubox
173 187 0.006614899 ubox
173 193 0.027234730 ubox
173 204 0.003448870 ubox
174 186 0.005018664 ubox
174 192 0.027238067 ubox
174 200 0.003362467 ubox
175 186 0.004366601 ubox
175 191 0.027225364 ubox
175 199 0.003403902 ubox
176 184 0.004090429 ubox
176 185 0.004408194 ubox
176 189 0.004539497 ubox
176 198 0.003310700 ubox
177 183 0.004212779 ubox
177 188 0.004521419 ubox
178 182 0.003545306 ubox
179 187 0.008293635 ubox
179 189 0.041092173 ubox
179 220 0.011639802 ubox
179 391 0.011477444 ubox
180 186 0.008189151 ubox
180 188 0.042193954 ubox
180 195 0.003221717 ubox
180 219 0.011637455 ubox
180 390 0.013137883 ubox
181 185 0.003931059 ubox
181 187 0.042358638 ubox
181 189 0.005928739 ubox
181 194 0.003436174 ubox
182 186 0.039780368 ubox
182 188 0.006811046 ubox
182 217 0.011755779 ubox
182 388 0.015123708 ubox
183 187 0.006993887 ubox
183 190 0.008240517 ubox
183 193 0.015797254 ubox
183 216 0.011787624 ubox
183 220 0.004243818 ubox
183 387 0.015340022 ubox
184 188 0.004587141 ubox
184 192 0.018666365 ubox
184 215 0.011743412 ubox
184 218 0.016909979 ubox
184 219 0.003707622 ubox
184 386 0.010946227 ubox
185 191 0.026387764 ubox
185 214 0.011386367 ubox
185 217 0.041039756 ubox
185 386 0.036949032 ubox
185 388 0.004062444 ubox
186 190 0.039856655 ubox
186 216 0.043843305 ubox
186 385 0.041330956 ubox
186 387 0.004174843 ubox
187 215 0.043809300 ubox
187 384 0.041842634 ubox
187 392 0.009489873 ubox
188 197 0.022050532 ubox
188 202 0.007766621 ubox
188 212 0.004902080 ubox
188 383 0.041199604 ubox
188 391 0.009501158 ubox
189 196 0.028714513 ubox
189 200 0.168686365 ubox
189 201 0.008275123 ubox
189 211 0.005032213 ubox
189 390 0.009497164 ubox
190 195 0.030351619 ubox
190 199 0.172307408 ubox
190 208 0.014296463 ubox
190 381 0.041697169 ubox
190 384 0.008457591 ubox
190 389 0.009083250 ubox
191 198 0.163878468 ubox
191 207 0.014427634 ubox
191 380 0.041831694 ubox
191 383 0.010722452 ubox
192 197 0.145153177 ubox
192 379 0.040937456 ubox
192 382 0.010801819 ubox
193 381 0.010674232 ubox
193 384 0.003175170 ubox
194 205 0.043611069 ubox
194 208 0.048068041 ubox
194 381 0.003434086 ubox
195 204 0.045607142 ubox
195 207 0.048630699 ubox
195 246 0.003595977 ubox
195 362 0.003418741 ubox
195 374 0.038709601 ubox
195 375 0.010135693 ubox
195 379 0.011032067 ubox
195 380 0.003747292 ubox
195 434 0.004827124 ubox
196 202 0.005650373 ubox
196 203 0.045630780 ubox
196 206 0.048681193 ubox
196 245 0.003713982 ubox
196 361 0.003417264 ubox
196 373 0.038791323 ubox
196 374 0.010406933 ubox
196 378 0.012776900 ubox
196 433 0.004901225 ubox
197 201 0.007049807 ubox
197 205 0.042611147 ubox
197 226 0.003526016 ubox
197 244 0.004040532 ubox
197 369 0.003313169 ubox
197 372 0.038026944 ubox
197 377 0.012730536 ubox
197 432 0.004903816 ubox
198 205 0.055856602 ubox
198 208 0.006367902 ubox
198 211 0.006001007 ubox
198 221 0.004154356 ubox
198 225 0.003739345 ubox
198 243 0.004267111 ubox
198 369 0.128778857 ubox
198 371 0.023513610 ubox
198 376 0.006890768 ubox
198 431 0.004791862 ubox
199 204 0.112235886 ubox
199 207 0.022234854 ubox
199 210 0.008131165 ubox
199 220 0.008303759 ubox
199 223 0.003708980 ubox
199 242 0.004344432 ubox
199 283 0.003585526 ubox
199 358 0.003326378 ubox
199 368 0.182595808 ubox
199 403 0.003241522 ubox
199 404 0.011473995 ubox
199 430 0.007964462 ubox
199 435 0.009904754 ubox
200 222 0.004280138 ubox
200 223 0.005474245 ubox
200 282 0.003471520 ubox
200 357 0.003254251 ubox
200 367 0.182933045 ubox
200 402 0.003607645 ubox
200 403 0.011450679 ubox
200 435 0.005089830 ubox
201 212 0.006205383 ubox
201 222 0.005953633 ubox
201 366 0.182983256 ubox
201 401 0.003596763 ubox
201 402 0.010580044 ubox
201 435 0.005120437 ubox
202 211 0.006594228 ubox
202 219 0.071622701 ubox
202 221 0.004193524 ubox
202 226 0.079490108 ubox
202 235 0.014309960 ubox
202 238 0.008568415 ubox
202 365 0.182968862 ubox
202 432 0.183385386 ubox
203 218 0.074558341 ubox
203 225 0.080778885 ubox
203 230 0.014653319 ubox
203 234 0.014591909 ubox
203 237 0.008802438 ubox
203 364 0.183070716 ubox
203 431 0.189578113 ubox
204 221 0.010048863 ubox
204 224 0.080789745 ubox
204 229 0.014674910 ubox
204 232 0.022289728 ubox
204 236 0.008791204 ubox
204 363 0.183053052 ubox
204 400 0.009339520 ubox
204 428 0.637919248 ubox
204 431 0.107271857 ubox
205 216 0.123004675 ubox
205 220 0.010490000 ubox
205 222 0.015010647 ubox
205 223 0.076356298 ubox
205 228 0.014652942 ubox
205 231 0.028286660 ubox
205 360 0.004017423 ubox
205 362 0.180178025 ubox
205 399 0.009316455 ubox
205 427 0.644444893 ubox
205 429 0.362637924 ubox
205 430 0.128918178 ubox
206 215 0.123963721 ubox
206 221 0.020726429 ubox
206 225 0.006157795 ubox
206 227 0.014636326 ubox
206 230 0.029666702 ubox
206 359 0.006411344 ubox
206 426 0.643798898 ubox
206 428 0.260963432 ubox
207 221 0.075763052 ubox
207 224 0.006190928 ubox
207 229 0.029668007 ubox
207 232 0.010585891 ubox
207 359 0.081764790 ubox
207 423 0.003437321 ubox
207 426 0.042635973 ubox
207 428 0.568456189 ubox
207 431 0.019286694 ubox
208 216 0.164630780 ubox
208 220 0.073406439 ubox
208 222 0.009781249 ubox
208 223 0.004447106 ubox
208 228 0.029506135 ubox
208 231 0.012108201 ubox
208 358 0.081468800 ubox
208 360 0.045928937 ubox
208 396 0.005477939 ubox
208 424 0.636692608 ubox
208 425 0.038619342 ubox
208 427 0.626918233 ubox
208 429 0.140532404 ubox
208 430 0.005226968 ubox
209 215 0.165170702 ubox
209 221 0.010334808 ubox
209 225 0.029766524 ubox
209 227 0.029225833 ubox
209 230 0.012494270 ubox
209 359 0.046638006 ubox
209 395 0.005456611 ubox
209 423 0.626717092 ubox
209 426 0.614228240 ubox
209 428 0.141756368 ubox
210 224 0.030290969 ubox
210 229 0.012496609 ubox
210 300 0.030044231 ubox
210 303 0.004870546 ubox
210 423 0.083965086 ubox
210 426 0.185995513 ubox
210 431 0.015541241 ubox
211 222 0.004971732 ubox
211 223 0.028724624 ubox
211 228 0.012458779 ubox
211 299 0.030112637 ubox
211 302 0.004874623 ubox
211 357 0.036653558 ubox
211 360 0.005357504 ubox
211 422 0.096958226 ubox
211 425 0.221140588 ubox
211 430 0.015518227 ubox
212 221 0.006426906 ubox
212 224 0.016439945 ubox
212 227 0.011875117 ubox
212 298 0.029465617 ubox
212 301 0.004710119 ubox
212 307 0.006317154 ubox
212 356 0.036035072 ubox
212 359 0.005340659 ubox
212 423 0.579222282 ubox
212 426 0.007703887 ubox
212 431 0.005019781 ubox
213 223 0.015299763 ubox
213 306 0.007235766 ubox
213 353 0.081827521 ubox
213 354 0.016787058 ubox
213 422 0.852560701 ubox
213 425 0.015582478 ubox
213 430 0.006341512 ubox
214 222 0.013866146 ubox
214 223 0.032029707 ubox
214 296 0.030284872 ubox
214 306 0.004009849 ubox
214 352 0.084169137 ubox
214 353 0.016814497 ubox
214 354 0.009950736 ubox
214 421 0.872207716 ubox
214 422 0.009838143 ubox
214 425 0.257391456 ubox
214 430 0.003349697 ubox
215 222 0.039765600 ubox
215 295 0.030825626 ubox
215 304 0.087847105 ubox
215 305 0.004219221 ubox
215 344 0.003733643 ubox
215 351 0.083911257 ubox
215 352 0.016235141 ubox
215 353 0.007548188 ubox
215 360 0.008546456 ubox
215 420 0.874268089 ubox
215 424 0.261665410 ubox
215 427 0.064046873 ubox
215 429 0.003304281 ubox
216 221 0.040578200 ubox
216 224 0.012140945 ubox
216 289 0.003217333 ubox
216 291 0.004632176 ubox
216 294 0.030758792 ubox
216 303 0.088189335 ubox
216 343 0.003761305 ubox
216 350 0.083546269 ubox
216 359 0.008719406 ubox
216 414 0.004286813 ubox
216 419 0.873321558 ubox
216 423 0.261654561 ubox
216 426 0.064263661 ubox
216 428 0.003180323 ubox
217 223 0.011946646 ubox
217 286 0.004966371 ubox
217 290 0.005090846 ubox
217 296 0.006166898 ubox
217 302 0.087751390 ubox
217 346 0.010118980 ubox
217 352 0.004755642 ubox
217 353 0.005490920 ubox
217 354 0.036877892 ubox
217 403 0.112723135 ubox
217 409 0.003570159 ubox
217 413 0.005263124 ubox
217 421 0.019220574 ubox
217 422 0.257506782 ubox
217 425 0.064277348 ubox
218 222 0.008576245 ubox
218 285 0.005759223 ubox
218 295 0.013725645 ubox
218 305 0.003472575 ubox
218 341 0.003891081 ubox
218 345 0.010230399 ubox
218 347 0.018968342 ubox
218 352 0.005327611 ubox
218 353 0.046304826 ubox
218 354 0.034005907 ubox
218 355 0.033323653 ubox
218 358 0.006286340 ubox
218 361 0.148739639 ubox
218 402 0.138629114 ubox
218 403 0.004706396 ubox
218 404 0.006284719 ubox
218 408 0.003531663 ubox
218 410 0.013207807 ubox
218 420 0.026662979 ubox
218 421 0.198189461 ubox
218 422 0.035424629 ubox
218 424 0.064095339 ubox
219 228 0.005648422 ubox
219 290 0.035369929 ubox
219 340 0.004019098 ubox
219 346 0.018388162 ubox
219 352 0.047446870 ubox
219 353 0.036714847 ubox
219 354 0.032131256 ubox
219 357 0.006138252 ubox
219 360 0.148920290 ubox
219 401 0.141690036 ubox
219 402 0.003626767 ubox
219 403 0.004778807 ubox
219 409 0.013127914 ubox
219 421 0.056405971 ubox
220 227 0.006252933 ubox
220 289 0.037537204 ubox
220 291 0.005188123 ubox
220 294 0.022543494 ubox
220 300 0.104639079 ubox
220 303 0.006971776 ubox
220 339 0.004053700 ubox
220 343 0.006377510 ubox
220 359 0.148935549 ubox
220 400 0.143472694 ubox
220 414 0.488278793 ubox
220 423 0.032605401 ubox
221 285 0.039461220 ubox
221 290 0.004702342 ubox
221 293 0.022860528 ubox
221 299 0.105506528 ubox
221 302 0.006962840 ubox
221 338 0.004047520 ubox
221 342 0.006341655 ubox
221 344 0.008126634 ubox
221 351 0.111964303 ubox
221 358 0.136725507 ubox
221 399 0.143298907 ubox
221 407 0.013469365 ubox
221 413 0.476072153 ubox
221 416 0.177087918 ubox
221 420 0.265261949 ubox
221 422 0.006728108 ubox
222 284 0.037015026 ubox
222 288 0.023576930 ubox
222 292 0.022473482 ubox
222 298 0.105993265 ubox
222 301 0.007023269 ubox
222 337 0.003528264 ubox
222 343 0.006964203 ubox
222 350 0.117553905 ubox
222 356 0.007685625 ubox
222 398 0.122433085 ubox
222 406 0.009646592 ubox
222 412 0.336778553 ubox
222 415 0.172701933 ubox
222 419 0.265911565 ubox
223 247 0.005217442 ubox
223 284 0.082205635 ubox
223 287 0.024974884 ubox
223 291 0.019893937 ubox
223 297 0.105959712 ubox
223 300 0.006658933 ubox
223 343 0.003428519 ubox
223 349 0.154999287 ubox
223 356 0.125350305 ubox
223 398 0.051537813 ubox
223 406 0.024127857 ubox
223 412 0.792702052 ubox
223 414 0.106491761 ubox
223 418 0.265887692 ubox
224 246 0.005673292 ubox
224 251 0.072059360 ubox
224 281 0.009789255 ubox
224 282 0.064784427 ubox
224 283 0.089572715 ubox
224 286 0.024252236 ubox
224 290 0.013132566 ubox
224 296 0.105856439 ubox
224 299 0.004629131 ubox
224 305 0.005455896 ubox
224 342 0.004690243 ubox
224 348 0.157759427 ubox
224 354 0.008316726 ubox
224 355 0.126992403 ubox
224 397 0.072872127 ubox
224 405 0.028014934 ubox
224 408 0.005669741 ubox
224 409 0.007015741 ubox
224 410 0.019202447 ubox
224 411 0.876434241 ubox
224 413 0.007429912 ubox
224 417 0.266027720 ubox
224 434 0.003632742 ubox
225 245 0.005471664 ubox
225 246 0.003777257 ubox
225 250 0.090484640 ubox
225 280 0.008299810 ubox
225 281 0.101662371 ubox
225 282 0.081242806 ubox
225 283 0.118830277 ubox
225 285 0.021160704 ubox
225 295 0.105321468 ubox
225 304 0.005445228 ubox
225 341 0.004325316 ubox
225 347 0.157706293 ubox
225 353 0.023053761 ubox
225 354 0.104116160 ubox
225 355 0.008184606 ubox
225 396 0.055170363 ubox
225 404 0.028015910 ubox
225 407 0.005646223 ubox
225 408 0.009303191 ubox
225 409 0.017319936 ubox
225 410 0.876546957 ubox
225 416 0.265351309 ubox
225 433 0.003644688 ubox
226 245 0.003683332 ubox
226 249 0.091275602 ubox
226 282 0.120782518 ubox
226 286 0.005665924 ubox
226 296 0.003670164 ubox
226 340 0.004162672 ubox
226 346 0.153969429 ubox
226 352 0.031426075 ubox
226 353 0.093101929 ubox
226 354 0.008834768 ubox
226 403 0.027208291 ubox
226 409 0.874822428 ubox
227 242 0.048367052 ubox
227 248 0.091556427 ubox
227 280 0.390327302 ubox
227 281 0.087143341 ubox
227 285 0.006633687 ubox
227 293 0.020258678 ubox
227 295 0.003965257 ubox
227 344 0.008441690 ubox
227 345 0.080881111 ubox
227 351 0.037475841 ubox
227 352 0.018333533 ubox
227 399 0.017302987 ubox
227 402 0.003341178 ubox
227 407 0.613584480 ubox
227 408 0.617298672 ubox
227 413 0.236039332 ubox
227 416 0.013476211 ubox
228 241 0.048691702 ubox
228 247 0.091713705 ubox
228 279 0.406858227 ubox
228 284 0.006506247 ubox
228 287 0.009112779 ubox
228 289 0.003272508 ubox
228 292 0.018919866 ubox
228 294 0.003869547 ubox
228 343 0.011301813 ubox
228 349 0.035302192 ubox
228 350 0.024972004 ubox
228 398 0.020247663 ubox
228 406 0.866181108 ubox
228 412 0.236304361 ubox
228 415 0.023563571 ubox
229 240 0.048731121 ubox
229 246 0.091736799 ubox
229 251 0.003851765 ubox
229 278 0.414954251 ubox
229 281 0.027437741 ubox
229 283 0.004878088 ubox
229 286 0.009279127 ubox
229 290 0.003476768 ubox
229 293 0.003760583 ubox
229 342 0.007612988 ubox
229 345 0.012705452 ubox
229 348 0.040686652 ubox
229 352 0.009824276 ubox
229 397 0.020315483 ubox
229 404 0.006693297 ubox
229 405 0.868025160 ubox
229 408 0.027697659 ubox
229 411 0.236231855 ubox
230 239 0.048776869 ubox
230 242 0.003656216 ubox
230 245 0.091069756 ubox
230 250 0.006207540 ubox
230 277 0.415123695 ubox
230 280 0.028154871 ubox
230 282 0.003783548 ubox
230 285 0.008974414 ubox
230 290 0.012158296 ubox
230 344 0.013682072 ubox
230 347 0.040650451 ubox
230 351 0.011061910 ubox
230 396 0.020119374 ubox
230 399 0.010166094 ubox
230 403 0.006197348 ubox
230 404 0.866773008 ubox
230 407 0.031530046 ubox
230 410 0.235932587 ubox
230 413 0.027326946 ubox
231 238 0.048527517 ubox
231 241 0.003975532 ubox
231 243 0.074083236 ubox
231 244 0.066304427 ubox
231 274 0.016673427 ubox
231 276 0.404082476 ubox
231 279 0.028460604 ubox
231 284 0.008515270 ubox
231 287 0.189186567 ubox
231 289 0.017158560 ubox
231 343 0.013672015 ubox
231 349 0.130001917 ubox
231 350 0.010459512 ubox
231 395 0.018118953 ubox
231 398 0.017685160 ubox
231 400 0.095392775 ubox
231 406 0.031703583 ubox
231 412 0.027420539 ubox
232 239 0.012598762 ubox
232 242 0.097499669 ubox
232 248 0.037748221 ubox
232 273 0.019667191 ubox
232 277 0.013001397 ubox
232 278 0.028166274 ubox
232 280 0.008115714 ubox
232 283 0.007645324 ubox
232 285 0.855683008 ubox
232 286 0.039441682 ubox
232 342 0.013392750 ubox
232 344 0.008308417 ubox
232 348 0.133531880 ubox
232 397 0.015320425 ubox
232 399 0.098531723 ubox
232 401 0.011943601 ubox
232 405 0.029342325 ubox
232 407 0.171447645 ubox
232 411 0.027429637 ubox
233 238 0.012563562 ubox
233 241 0.097381353 ubox
233 243 0.012606253 ubox
233 247 0.040592249 ubox
233 254 0.026537873 ubox
233 274 0.366341875 ubox
233 276 0.012788687 ubox
233 279 0.008012696 ubox
233 284 0.861756994 ubox
233 343 0.008218937 ubox
233 349 0.012011351 ubox
233 398 0.095376713 ubox
233 400 0.010234570 ubox
233 406 0.171225045 ubox
234 240 0.093195013 ubox
234 242 0.013428057 ubox
234 246 0.040940869 ubox
234 249 0.003254855 ubox
234 250 0.013439509 ubox
234 252 0.013675897 ubox
234 253 0.029891511 ubox
234 270 0.098621188 ubox
234 273 0.411684423 ubox
234 278 0.005531654 ubox
234 283 0.862589045 ubox
234 342 0.007877054 ubox
234 347 0.141100682 ubox
234 348 0.008828312 ubox
234 397 0.090597099 ubox
234 399 0.010985954 ubox
234 403 0.003416530 ubox
234 404 0.023715652 ubox
234 405 0.169655932 ubox
234 410 0.027885480 ubox
235 245 0.040589903 ubox
235 248 0.006444967 ubox
235 249 0.014950464 ubox
235 251 0.039429337 ubox
235 252 0.041702384 ubox
235 269 0.101684822 ubox
235 272 0.413853251 ubox
235 282 0.862582411 ubox
235 341 0.006931366 ubox
235 346 0.142423494 ubox
235 402 0.003715031 ubox
235 403 0.025847356 ubox
235 409 0.028636893 ubox
236 246 0.006618716 ubox
236 248 0.014009507 ubox
236 250 0.044012428 ubox
236 251 0.048369172 ubox
236 268 0.102257715 ubox
236 271 0.414176188 ubox
236 278 0.009641326 ubox
236 281 0.862685123 ubox
236 340 0.004375504 ubox
236 342 0.004159892 ubox
236 345 0.142609965 ubox
236 348 0.026643105 ubox
236 397 0.006359379 ubox
236 401 0.003171484 ubox
236 402 0.021668113 ubox
236 403 0.136374442 ubox
236 404 0.079171185 ubox
236 405 0.024917418 ubox
236 408 0.028640884 ubox
237 245 0.005228176 ubox
237 246 0.053217798 ubox
237 249 0.043018836 ubox
237 250 0.051470933 ubox
237 267 0.102267141 ubox
237 270 0.414146091 ubox
237 277 0.010137383 ubox
237 280 0.861708127 ubox
237 341 0.004363033 ubox
237 344 0.141758621 ubox
237 347 0.026739741 ubox
237 396 0.005933665 ubox
237 401 0.014308548 ubox
237 402 0.147485365 ubox
237 403 0.074711229 ubox
237 404 0.026513728 ubox
237 407 0.028591381 ubox
238 245 0.058806080 ubox
238 248 0.042639434 ubox
238 249 0.050454535 ubox
238 251 0.008065663 ubox
238 252 0.007073765 ubox
238 265 0.004804082 ubox
238 266 0.100245283 ubox
238 269 0.404500053 ubox
238 290 0.005648884 ubox
238 340 0.007309555 ubox
238 346 0.025755210 ubox
238 401 0.149598955 ubox
238 402 0.067972821 ubox
238 403 0.026087291 ubox
239 255 0.019775944 ubox
239 256 0.004197402 ubox
239 262 0.020464182 ubox
239 289 0.006496008 ubox
239 339 0.007321829 ubox
239 395 0.003348140 ubox
239 400 0.150089780 ubox
240 254 0.022766355 ubox
240 255 0.004120122 ubox
240 261 0.020177497 ubox
240 274 0.048608872 ubox
240 288 0.006033908 ubox
241 253 0.023111426 ubox
241 260 0.016161678 ubox
241 273 0.049724074 ubox
241 286 0.003330279 ubox
241 290 0.003888917 ubox
241 340 0.067388120 ubox
241 401 0.042888201 ubox
242 261 0.053931028 ubox
242 289 0.004159001 ubox
242 291 0.003963784 ubox
242 303 0.019702367 ubox
242 337 0.004798227 ubox
242 339 0.067673419 ubox
242 400 0.044281729 ubox
243 249 0.039631203 ubox
243 252 0.049584531 ubox
243 253 0.054239982 ubox
243 260 0.039899643 ubox
243 266 0.039423223 ubox
243 273 0.039961366 ubox
243 290 0.003966842 ubox
243 302 0.014234009 ubox
243 336 0.004000505 ubox
243 402 0.003996048 ubox
244 248 0.036489736 ubox
244 251 0.051935332 ubox
244 252 0.063023295 ubox
244 260 0.103418228 ubox
244 265 0.040293494 ubox
244 272 0.022017351 ubox
244 302 0.086248477 ubox
244 401 0.004882202 ubox
245 256 0.008918367 ubox
245 257 0.013577322 ubox
245 259 0.111011372 ubox
245 262 0.369742171 ubox
245 264 0.030777703 ubox
245 292 0.078256327 ubox
245 301 0.096118221 ubox
245 393 0.003894371 ubox
245 400 0.004558863 ubox
245 415 0.004582766 ubox
246 255 0.010747323 ubox
246 256 0.013579942 ubox
246 258 0.110806162 ubox
246 261 0.403980795 ubox
246 291 0.080805009 ubox
246 300 0.096600486 ubox
246 303 0.008032889 ubox
246 337 0.005336625 ubox
246 392 0.003967933 ubox
246 414 0.005143052 ubox
247 260 0.400440492 ubox
247 290 0.080545177 ubox
247 299 0.096433485 ubox
247 302 0.008067804 ubox
247 336 0.003988291 ubox
247 391 0.003945465 ubox
247 413 0.005128601 ubox
248 255 0.008289147 ubox
248 256 0.019016360 ubox
248 257 0.101841868 ubox
248 258 0.139288639 ubox
248 259 0.315054443 ubox
248 275 0.022042697 ubox
248 276 0.053945090 ubox
248 289 0.073018878 ubox
248 292 0.015664444 ubox
248 298 0.095108912 ubox
248 301 0.007887528 ubox
248 390 0.003622643 ubox
248 412 0.004914965 ubox
249 254 0.008649817 ubox
249 255 0.017175808 ubox
249 256 0.103058006 ubox
249 257 0.204209961 ubox
249 258 0.192963223 ubox
249 259 0.216969353 ubox
249 274 0.019955709 ubox
249 275 0.052142544 ubox
249 288 0.044304947 ubox
249 291 0.016072337 ubox
249 292 0.039497689 ubox
249 297 0.082600359 ubox
249 300 0.007277020 ubox
250 255 0.103720691 ubox
250 256 0.226600085 ubox
250 258 0.297515880 ubox
250 289 0.055912476 ubox
250 291 0.041655526 ubox
251 255 0.205672493 ubox
251 257 0.296646532 ubox
251 258 0.004259051 ubox
251 275 0.292211954 ubox
251 276 0.496080639 ubox
251 288 0.047658697 ubox
251 289 0.082969264 ubox
252 256 0.271386410 ubox
252 257 0.008936914 ubox
252 258 0.003374306 ubox
252 274 0.283752566 ubox
252 275 0.538454515 ubox
252 276 0.049187556 ubox
252 287 0.036476399 ubox
252 288 0.136242644 ubox
252 289 0.003247635 ubox
252 415 0.003917594 ubox
253 257 0.003951936 ubox
253 274 0.536144875 ubox
253 275 0.047483552 ubox
253 287 0.152467054 ubox
253 288 0.003759491 ubox
253 414 0.004150306 ubox
254 269 0.069081380 ubox
254 272 0.763169926 ubox
254 273 0.422158164 ubox
254 286 0.156258279 ubox
254 413 0.004167833 ubox
255 268 0.084153678 ubox
255 269 0.004773291 ubox
255 270 0.003710498 ubox
255 271 0.845882511 ubox
255 272 0.263223733 ubox
255 278 0.004846029 ubox
255 285 0.156453245 ubox
255 286 0.009125039 ubox
255 348 0.025468730 ubox
255 405 0.010992055 ubox
255 411 0.008003351 ubox
256 267 0.084226451 ubox
256 268 0.006410173 ubox
256 269 0.003522040 ubox
256 270 0.846726008 ubox
256 271 0.261125305 ubox
256 273 0.026762717 ubox
256 277 0.004846722 ubox
256 283 0.135809203 ubox
256 285 0.010725998 ubox
256 347 0.025568119 ubox
256 404 0.011089757 ubox
256 410 0.008024664 ubox
257 265 0.003871780 ubox
257 266 0.083674369 ubox
257 269 0.846701053 ubox
257 272 0.028448415 ubox
257 282 0.135874869 ubox
257 346 0.025540159 ubox
257 403 0.011084589 ubox
257 409 0.008023721 ubox
258 265 0.061118357 ubox
258 266 0.018654682 ubox
258 267 0.388669747 ubox
258 268 0.749160416 ubox
258 270 0.256275959 ubox
258 271 0.028772442 ubox
258 281 0.134520467 ubox
258 283 0.080336085 ubox
258 345 0.025005588 ubox
258 402 0.011054633 ubox
258 408 0.008007863 ubox
259 265 0.054845989 ubox
259 266 0.541553629 ubox
259 269 0.253051890 ubox
259 282 0.079470138 ubox
259 401 0.011015590 ubox
260 264 0.056466111 ubox
260 279 0.130115895 ubox
260 400 0.010541623 ubox
260 406 0.007799000 ubox
261 267 0.159506036 ubox
261 268 0.258610286 ubox
261 269 0.005221392 ubox
261 270 0.004169900 ubox
261 271 0.008343733 ubox
261 272 0.003341872 ubox
261 278 0.134691508 ubox
261 281 0.089212282 ubox
261 305 0.011668959 ubox
261 345 0.005011865 ubox
261 397 0.003422925 ubox
261 399 0.008685713 ubox
261 405 0.007873062 ubox
262 266 0.107224721 ubox
262 267 0.257620885 ubox
262 268 0.008115270 ubox
262 269 0.003317731 ubox
262 270 0.008470979 ubox
262 271 0.004427268 ubox
262 277 0.134316941 ubox
262 280 0.090184979 ubox
262 304 0.011814621 ubox
262 344 0.005500109 ubox
262 396 0.003475621 ubox
262 404 0.007853999 ubox
263 279 0.090183693 ubox
263 303 0.011832159 ubox
263 343 0.005484644 ubox
263 395 0.003450009 ubox
264 302 0.011802561 ubox
265 275 0.022796492 ubox
265 276 0.032923448 ubox
265 301 0.010766936 ubox
266 274 0.022557174 ubox
266 275 0.036941016 ubox
266 300 0.009880107 ubox
267 300 0.003278951 ubox
269 292 0.003402149 ubox
269 301 0.004976021 ubox
270 291 0.003899821 ubox
270 300 0.005696948 ubox
271 289 0.019625556 ubox
272 288 0.020009789 ubox
272 298 0.008797321 ubox
272 301 0.010659132 ubox
273 287 0.020101937 ubox
273 297 0.011711342 ubox
273 300 0.013508870 ubox
274 286 0.019514275 ubox
274 296 0.012046389 ubox
274 299 0.013266643 ubox
274 403 0.010792941 ubox
275 402 0.012961958 ubox
275 403 0.004187602 ubox
276 290 0.006540278 ubox
276 401 0.013415225 ubox
276 402 0.004420250 ubox
277 289 0.007275648 ubox
277 400 0.012405302 ubox
278 291 0.041852746 ubox
278 294 0.028303313 ubox
278 300 0.007182566 ubox
278 343 0.003626426 ubox
278 400 0.010009799 ubox
279 290 0.046948916 ubox
279 293 0.031432728 ubox
279 295 0.203309855 ubox
279 304 0.020942063 ubox
279 342 0.003251872 ubox
279 396 0.003554865 ubox
279 399 0.011320413 ubox
280 289 0.047660786 ubox
280 294 0.206444142 ubox
280 303 0.021385678 ubox
280 395 0.003538852 ubox
281 289 0.026839816 ubox
281 350 0.005639851 ubox
282 288 0.026842772 ubox
282 292 0.386126653 ubox
282 301 0.054830976 ubox
282 349 0.005472353 ubox
282 415 0.009393867 ubox
283 291 0.399929693 ubox
283 300 0.057313515 ubox
283 303 0.010037568 ubox
283 414 0.009754794 ubox
284 290 0.399791027 ubox
284 299 0.056126628 ubox
284 302 0.009861030 ubox
284 401 0.003225216 ubox
284 413 0.009317109 ubox
285 289 0.396902212 ubox
285 350 0.015863420 ubox
285 400 0.003728064 ubox
286 297 0.043638241 ubox
286 300 0.008151898 ubox
286 349 0.019220579 ubox
287 296 0.035738866 ubox
287 299 0.007702726 ubox
287 353 0.108109209 ubox
287 354 0.005411594 ubox
287 402 0.018158185 ubox
287 403 0.010101824 ubox
288 296 0.056900546 ubox
288 306 0.005254029 ubox
288 346 0.113679646 ubox
288 352 0.141749029 ubox
288 353 0.004717044 ubox
288 401 0.019366967 ubox
288 402 0.010938356 ubox
288 403 0.004071408 ubox
288 409 0.005155687 ubox
289 295 0.065609855 ubox
289 299 0.007750846 ubox
289 302 0.004486703 ubox
289 304 0.015118368 ubox
289 305 0.006595153 ubox
289 344 0.713804062 ubox
289 345 0.094420233 ubox
289 351 0.149826186 ubox
289 357 0.007027426 ubox
289 399 0.070255525 ubox
289 401 0.008644319 ubox
289 407 0.019562611 ubox
289 408 0.004880608 ubox
290 294 0.061623991 ubox
290 297 0.004370426 ubox
290 298 0.008090403 ubox
290 301 0.004681837 ubox
290 303 0.015086920 ubox
290 343 0.718501255 ubox
290 349 0.166383997 ubox
290 350 0.141754771 ubox
290 356 0.007298128 ubox
290 398 0.069652974 ubox
290 400 0.007272524 ubox
290 406 0.019588718 ubox
291 296 0.004143581 ubox
291 302 0.010374751 ubox
291 341 0.096316682 ubox
291 342 0.716775878 ubox
291 347 0.498228676 ubox
291 348 0.139384761 ubox
291 355 0.007309921 ubox
291 397 0.066950361 ubox
291 399 0.007469156 ubox
291 402 0.023612562 ubox
291 405 0.018604593 ubox
292 340 0.515327252 ubox
292 341 0.507388657 ubox
292 346 0.507155948 ubox
292 354 0.007049244 ubox
292 401 0.027657327 ubox
292 403 0.003627488 ubox
293 300 0.080528967 ubox
293 303 0.034333462 ubox
293 339 0.722586015 ubox
293 343 0.052555128 ubox
293 400 0.028417957 ubox
294 299 0.050171636 ubox
294 302 0.028185602 ubox
294 304 0.119574246 ubox
294 313 0.004501166 ubox
294 338 0.722864111 ubox
294 340 0.010644660 ubox
294 342 0.052222405 ubox
294 344 0.589545977 ubox
294 351 0.010564266 ubox
294 399 0.024353640 ubox
295 303 0.129758826 ubox
295 312 0.004472057 ubox
295 337 0.721711319 ubox
295 339 0.010650556 ubox
295 343 0.591425033 ubox
295 350 0.010636016 ubox
296 303 0.014854682 ubox
296 337 0.012078114 ubox
296 349 0.010564184 ubox
297 302 0.018074310 ubox
297 311 0.005402796 ubox
297 336 0.025733343 ubox
297 341 0.582028664 ubox
297 402 0.004956612 ubox
298 310 0.005686500 ubox
298 336 0.009015482 ubox
298 340 0.613903216 ubox
298 401 0.005626723 ubox
299 309 0.005710301 ubox
299 337 0.003284927 ubox
299 339 0.614392434 ubox
299 343 0.015433949 ubox
299 400 0.005672414 ubox
300 308 0.005704875 ubox
300 311 0.004830688 ubox
300 336 0.008826051 ubox
300 338 0.614415547 ubox
300 341 0.014529834 ubox
300 342 0.018274083 ubox
300 399 0.005681118 ubox
301 310 0.005357250 ubox
301 336 0.010372613 ubox
301 340 0.016735933 ubox
301 341 0.017172686 ubox
302 309 0.005420061 ubox
302 337 0.594759585 ubox
302 339 0.017349634 ubox
303 308 0.005401854 ubox
303 336 0.960526696 ubox
303 338 0.014508798 ubox
304 335 0.983497743 ubox
304 337 0.011065347 ubox
305 334 0.988409464 ubox
305 335 0.003980142 ubox
306 331 0.007483429 ubox
306 333 0.996086779 ubox
307 330 0.008555885 ubox
307 332 0.998957627 ubox
308 329 0.008824719 ubox
308 331 0.999890262 ubox
309 328 0.008179093 ubox
309 330 0.999013235 ubox
310 329 0.942906589 ubox
311 329 0.021626510 ubox
312 327 0.995092839 ubox
312 328 0.020603514 ubox
313 326 0.937560588 ubox
314 325 0.875783467 ubox
314 326 0.347694084 ubox
314 365 0.003508661 ubox
315 324 0.808904431 ubox
315 325 0.482646427 ubox
315 364 0.003576454 ubox
316 324 0.587322049 ubox
316 363 0.003623034 ubox
317 323 0.671722284 ubox
317 362 0.003668607 ubox
318 322 0.663805721 ubox
318 361 0.003668351 ubox
319 360 0.003601781 ubox
320 358 0.003229985 ubox
325 352 0.003621801 ubox
326 351 0.004201707 ubox
327 350 0.004207146 ubox
328 349 0.004200416 ubox
329 348 0.004192300 ubox
333 346 0.004458733 ubox
334 345 0.005007063 ubox
335 344 0.005218571 ubox
336 343 0.005855907 ubox
337 342 0.006549611 ubox
337 344 0.060151610 ubox
337 351 0.004879633 ubox
337 401 0.009401858 ubox
338 343 0.061047553 ubox
338 350 0.004933517 ubox
338 400 0.010546196 ubox
339 399 0.010571977 ubox
340 398 0.010271874 ubox
342 400 0.011798157 ubox
343 351 0.020078397 ubox
343 396 0.004519029 ubox
343 399 0.011841944 ubox
343 401 0.014773071 ubox
344 350 0.020408836 ubox
344 395 0.004487481 ubox
344 400 0.015972644 ubox
348 371 0.004840875 ubox
348 414 0.003574203 ubox
348 423 0.017407374 ubox
348 426 0.007216204 ubox
349 367 0.007889813 ubox
349 370 0.004761766 ubox
349 375 0.005186201 ubox
349 379 0.019686931 ubox
349 402 0.029715410 ubox
349 403 0.004959789 ubox
349 413 0.003559599 ubox
349 421 0.025336049 ubox
349 422 0.012436319 ubox
349 425 0.009227451 ubox
350 360 0.017077337 ubox
350 366 0.010190868 ubox
350 374 0.005895012 ubox
350 378 0.022320428 ubox
350 396 0.927613775 ubox
350 401 0.036592708 ubox
350 420 0.030325808 ubox
350 424 0.009736456 ubox
351 359 0.017850434 ubox
351 365 0.010368620 ubox
351 395 0.926873123 ubox
351 400 0.037192564 ubox
351 419 0.030372032 ubox
351 423 0.009684941 ubox
352 364 0.010149656 ubox
352 377 0.023895885 ubox
352 394 0.756653479 ubox
352 395 0.123791903 ubox
352 418 0.029111996 ubox
353 363 0.008692046 ubox
353 376 0.024678840 ubox
353 377 0.003170337 ubox
353 389 0.003217446 ubox
353 393 0.537038126 ubox
353 394 0.570717707 ubox
353 395 0.003935783 ubox
354 364 0.004092387 ubox
354 365 0.003174519 ubox
354 372 0.008036292 ubox
354 376 0.003351027 ubox
354 388 0.003866551 ubox
354 390 0.008883082 ubox
354 392 0.089378927 ubox
354 393 0.795693588 ubox
354 394 0.005528980 ubox
354 415 0.026352054 ubox
355 363 0.005317795 ubox
355 364 0.003899386 ubox
355 371 0.008345486 ubox
355 384 0.026465444 ubox
355 389 0.009987018 ubox
355 392 0.960302127 ubox
355 414 0.026896691 ubox
356 366 0.012001613 ubox
356 370 0.007946918 ubox
356 373 0.037892756 ubox
356 383 0.026044476 ubox
356 385 0.009006306 ubox
356 391 0.964023999 ubox
356 401 0.008435525 ubox
356 413 0.026778098 ubox
357 364 0.004975384 ubox
357 365 0.012916426 ubox
357 369 0.007134274 ubox
357 372 0.040260048 ubox
357 384 0.006340403 ubox
357 390 0.964222511 ubox
357 393 0.056133518 ubox
357 412 0.026139388 ubox
357 415 0.011814396 ubox
358 363 0.006295967 ubox
358 364 0.013859894 ubox
358 371 0.040387271 ubox
358 381 0.025686901 ubox
358 384 0.068705432 ubox
358 389 0.963648345 ubox
358 392 0.060315175 ubox
358 400 0.078762943 ubox
358 414 0.012033908 ubox
359 370 0.040147347 ubox
359 373 0.003415013 ubox
359 378 0.010677800 ubox
359 380 0.025723698 ubox
359 382 0.016200438 ubox
359 383 0.088477091 ubox
359 385 0.048839506 ubox
359 387 0.759785904 ubox
359 391 0.061063527 ubox
359 399 0.079309217 ubox
359 413 0.011989822 ubox
359 416 0.004100353 ubox
360 369 0.039877110 ubox
360 372 0.003616621 ubox
360 377 0.010501474 ubox
360 384 0.042641442 ubox
360 386 0.740980311 ubox
360 390 0.061253818 ubox
360 398 0.074263211 ubox
360 412 0.011797123 ubox
360 415 0.004115329 ubox
361 371 0.003375712 ubox
361 389 0.061242847 ubox
361 414 0.004102320 ubox
362 371 0.003222642 ubox
362 381 0.956575558 ubox
362 384 0.133250014 ubox
362 400 0.015611130 ubox
363 370 0.003237048 ubox
363 374 0.003817424 ubox
363 375 0.039296571 ubox
363 379 0.004507054 ubox
363 380 0.969861347 ubox
363 383 0.063527699 ubox
363 397 0.083010275 ubox
363 399 0.015708463 ubox
363 409 0.012188203 ubox
364 373 0.003780129 ubox
364 374 0.043110636 ubox
364 375 0.011456963 ubox
364 378 0.007733839 ubox
364 379 0.970689985 ubox
364 380 0.017612178 ubox
364 382 0.030644613 ubox
364 383 0.007300120 ubox
364 396 0.083264157 ubox
364 397 0.019179256 ubox
364 408 0.012521350 ubox
364 417 0.022331152 ubox
365 373 0.043975760 ubox
365 374 0.015962747 ubox
365 378 0.972315687 ubox
365 379 0.003308073 ubox
365 382 0.003736572 ubox
365 385 0.003804970 ubox
365 387 0.031988087 ubox
365 396 0.019247447 ubox
365 407 0.012521877 ubox
365 416 0.022383771 ubox
366 372 0.044309493 ubox
366 377 0.970028372 ubox
366 384 0.003544775 ubox
366 386 0.030438824 ubox
366 394 0.083966406 ubox
366 395 0.016717053 ubox
366 406 0.011822364 ubox
366 415 0.015951023 ubox
367 371 0.040815152 ubox
367 376 0.945678672 ubox
367 393 0.085028534 ubox
367 394 0.013191300 ubox
367 415 0.016212739 ubox
368 384 0.034909488 ubox
368 392 0.085602054 ubox
368 414 0.022628448 ubox
369 382 0.074737377 ubox
369 383 0.025747841 ubox
369 385 0.010454216 ubox
369 391 0.081255646 ubox
369 401 0.006254269 ubox
369 413 0.022777871 ubox
370 376 0.026572651 ubox
370 381 0.085519612 ubox
370 384 0.011709705 ubox
370 388 0.008669562 ubox
370 390 0.070460994 ubox
370 398 0.005644271 ubox
370 400 0.007042604 ubox
370 412 0.022769482 ubox
371 375 0.029808140 ubox
371 380 0.088973794 ubox
371 383 0.013335885 ubox
371 387 0.009593891 ubox
371 391 0.006639845 ubox
371 397 0.005932848 ubox
371 399 0.007243825 ubox
371 402 0.011008785 ubox
371 404 0.006279661 ubox
371 405 0.003588448 ubox
371 410 0.003222748 ubox
371 411 0.022494500 ubox
372 379 0.084104436 ubox
372 382 0.013565040 ubox
372 385 0.004351066 ubox
372 391 0.140420275 ubox
372 401 0.011753838 ubox
372 403 0.006248056 ubox
372 409 0.004230518 ubox
373 381 0.013309539 ubox
373 384 0.004170187 ubox
373 390 0.155423979 ubox
373 400 0.011463346 ubox
374 389 0.157264444 ubox
374 395 0.015286973 ubox
375 384 0.017238021 ubox
375 386 0.025008726 ubox
375 388 0.152174654 ubox
375 394 0.015153690 ubox
376 383 0.018726774 ubox
376 385 0.022145165 ubox
376 391 0.003164287 ubox
376 402 0.007667963 ubox
377 382 0.015065498 ubox
377 385 0.155878603 ubox
377 401 0.008555315 ubox
378 384 0.161179599 ubox
378 389 0.021598395 ubox
378 395 0.030297697 ubox
378 400 0.008582692 ubox
378 419 0.006481427 ubox
379 388 0.021487623 ubox
379 390 0.033037424 ubox
379 393 0.044833939 ubox
379 394 0.021454869 ubox
379 415 0.003560541 ubox
379 418 0.006552847 ubox
380 389 0.034751270 ubox
380 392 0.051365837 ubox
380 400 0.018037543 ubox
380 414 0.003696085 ubox
381 387 0.025429349 ubox
381 391 0.052921007 ubox
381 396 0.003883522 ubox
381 399 0.018257949 ubox
381 413 0.003602257 ubox
381 416 0.013653577 ubox
382 386 0.023407955 ubox
382 390 0.053443640 ubox
382 393 0.003824322 ubox
382 395 0.003893457 ubox
382 398 0.017954557 ubox
382 415 0.014045448 ubox
383 388 0.006375906 ubox
383 389 0.053002187 ubox
383 392 0.004223672 ubox
383 394 0.003828835 ubox
383 406 0.005027554 ubox
383 414 0.014025883 ubox
384 391 0.008989421 ubox
384 396 0.017991786 ubox
384 405 0.006662814 ubox
384 407 0.004099526 ubox
384 411 0.003933281 ubox
384 413 0.013850230 ubox
384 429 0.006852059 ubox
385 390 0.009252325 ubox
385 395 0.017745271 ubox
385 406 0.004186124 ubox
385 412 0.013633250 ubox
385 428 0.006805632 ubox
387 426 0.009412581 ubox
388 403 0.024192535 ubox
388 409 0.014805117 ubox
388 425 0.009430605 ubox
389 402 0.031179383 ubox
389 404 0.004463116 ubox
389 408 0.015398824 ubox
389 410 0.004944698 ubox
389 424 0.009409316 ubox
390 401 0.031960666 ubox
390 403 0.004251683 ubox
390 409 0.004832807 ubox
391 398 0.005890076 ubox
391 400 0.032066217 ubox
391 406 0.015260695 ubox
391 423 0.004076803 ubox
392 397 0.006659503 ubox
392 399 0.031869375 ubox
392 403 0.007042914 ubox
392 404 0.168633918 ubox
392 405 0.013744669 ubox
393 402 0.008362854 ubox
393 403 0.170506458 ubox
393 422 0.009732619 ubox
394 401 0.010020929 ubox
394 402 0.173127299 ubox
394 403 0.005746944 ubox
394 421 0.013836684 ubox
394 425 0.007056000 ubox
394 430 0.003271365 ubox
395 401 0.175364323 ubox
395 402 0.006259193 ubox
395 420 0.016241001 ubox
395 424 0.009904670 ubox
395 429 0.003763031 ubox
396 400 0.175029919 ubox
396 419 0.016247703 ubox
396 423 0.008697409 ubox
396 428 0.003763097 ubox
397 414 0.013744893 ubox
397 423 0.066168581 ubox
397 426 0.004089953 ubox
398 413 0.012352664 ubox
398 422 0.066089981 ubox
398 425 0.004376160 ubox
399 414 0.048210271 ubox
399 423 0.008288501 ubox
400 407 0.064258212 ubox
400 413 0.047290865 ubox
400 416 0.041458618 ubox
400 420 0.068712918 ubox
400 422 0.006629162 ubox
400 424 0.009153460 ubox
401 406 0.058676159 ubox
401 412 0.045867999 ubox
401 415 0.042333920 ubox
401 419 0.068432231 ubox
401 423 0.009107785 ubox
402 414 0.041538500 ubox
402 415 0.004895201 ubox
402 418 0.059493232 ubox
402 419 0.003615093 ubox
403 414 0.004721464 ubox
403 415 0.039294239 ubox
403 418 0.004507543 ubox
404 414 0.038231497 ubox
405 414 0.076307125 ubox
405 423 0.010009409 ubox
406 413 0.069284319 ubox
406 422 0.009563874 ubox
408 419 0.019611678 ubox
409 415 0.028926163 ubox
409 418 0.019518385 ubox
410 414 0.029800300 ubox
411 423 0.019184001 ubox
412 422 0.018909902 ubox
413 423 0.003481756 ubox
414 422 0.004755052 ubox
415 421 0.004830897 ubox
415 435 0.004067140 ubox
417 423 0.018145513 ubox
417 426 0.042029612 ubox
417 431 0.382393393 ubox
418 422 0.014879508 ubox
418 425 0.046964793 ubox
418 430 0.383880973 ubox
419 424 0.048028514 ubox
419 427 0.040560862 ubox
419 429 0.384304778 ubox
419 434 0.003521089 ubox
420 426 0.041088995 ubox
420 428 0.384075960 ubox
423 427 0.018974230 ubox
423 429 0.008228107 ubox
424 428 0.008301107 ubox
