1 11 0.046341779 ubox
1 13 0.015309940 ubox
1 14 0.065705639 ubox
1 18 0.019293422 ubox
1 24 0.012786224 ubox
1 83 0.017881356 ubox
1 199 0.004105478 ubox
1 221 0.003936650 ubox
1 389 0.003576406 ubox
1 414 0.005262333 ubox
1 419 0.003912168 ubox
1 431 0.016023164 ubox
2 11 0.153003560 ubox
2 13 0.065934222 ubox
2 18 0.060955205 ubox
2 23 0.012820430 ubox
2 45 0.004175148 ubox
2 82 0.018162225 ubox
2 86 0.004989341 ubox
2 205 0.007519907 ubox
2 208 0.003773539 ubox
2 221 0.056719856 ubox
2 400 0.006354946 ubox
2 414 0.012370656 ubox
2 428 0.022081083 ubox
2 431 0.010654428 ubox
3 9 0.042596457 ubox
3 10 0.142591064 ubox
3 15 0.010214191 ubox
3 17 0.061935043 ubox
3 21 0.003811806 ubox
3 22 0.011819295 ubox
3 29 0.003669954 ubox
3 31 0.004406293 ubox
3 42 0.055234108 ubox
3 44 0.004021552 ubox
3 81 0.017952716 ubox
3 85 0.004782227 ubox
3 93 0.004499413 ubox
3 202 0.003754658 ubox
3 204 0.007212383 ubox
3 206 0.009462518 ubox
3 207 0.003738368 ubox
3 220 0.058426465 ubox
3 387 0.005961328 ubox
3 399 0.006491792 ubox
3 413 0.012184796 ubox
3 416 0.285699692 ubox
3 427 0.022219109 ubox
3 429 0.012596908 ubox
3 430 0.008096920 ubox
3 433 0.139601286 ubox
3 435 0.003297458 ubox
4 8 0.041059636 ubox
4 12 0.112714703 ubox
4 14 0.004364123 ubox
4 19 0.006960754 ubox
4 20 0.004969682 ubox
4 28 0.003555412 ubox
4 30 0.004266614 ubox
4 41 0.055581588 ubox
4 43 0.003677878 ubox
4 84 0.004333175 ubox
4 92 0.003195630 ubox
4 200 0.004404589 ubox
4 201 0.004035672 ubox
4 205 0.009364126 ubox
4 219 0.058453999 ubox
4 226 0.005453651 ubox
4 386 0.005876471 ubox
4 398 0.005745237 ubox
4 412 0.011357545 ubox
4 415 0.288124586 ubox
4 426 0.020334850 ubox
4 428 0.008926983 ubox
4 432 0.140273655 ubox
5 11 0.118180140 ubox
5 13 0.005287497 ubox
5 14 0.087082873 ubox
5 18 0.007307747 ubox
5 24 0.005136238 ubox
5 40 0.055026729 ubox
5 83 0.004894268 ubox
5 84 0.005237073 ubox
5 199 0.004087458 ubox
5 218 0.058258772 ubox
5 225 0.005656298 ubox
5 414 0.278426328 ubox
5 431 0.136715698 ubox
6 13 0.087345678 ubox
6 23 0.005147109 ubox
6 40 0.008228539 ubox
6 82 0.004912922 ubox
6 83 0.005254822 ubox
6 199 0.008420311 ubox
6 224 0.005666506 ubox
6 384 0.007310820 ubox
6 414 0.087404216 ubox
6 423 0.008319835 ubox
6 426 0.004201366 ubox
6 431 0.023567701 ubox
7 26 0.005105446 ubox
7 38 0.048995192 ubox
7 39 0.010029839 ubox
7 96 0.011770256 ubox
7 198 0.008565510 ubox
7 223 0.005635495 ubox
7 383 0.007340018 ubox
7 413 0.096331712 ubox
7 422 0.008280727 ubox
7 425 0.003687960 ubox
7 430 0.028062540 ubox
7 435 0.004955557 ubox
8 15 0.006834664 ubox
8 25 0.006047604 ubox
8 26 0.003363646 ubox
8 37 0.053596559 ubox
8 38 0.009246330 ubox
8 93 0.040657853 ubox
8 95 0.025954828 ubox
8 197 0.008334852 ubox
8 202 0.003656222 ubox
8 212 0.007440957 ubox
8 222 0.005520020 ubox
8 245 0.011849133 ubox
8 382 0.007205640 ubox
8 413 0.192236055 ubox
8 421 0.007497662 ubox
8 435 0.006772261 ubox
9 14 0.006627402 ubox
9 19 0.014492423 ubox
9 24 0.005969068 ubox
9 33 0.015843875 ubox
9 34 0.004561992 ubox
9 35 0.004793479 ubox
9 36 0.052774321 ubox
9 75 0.016281236 ubox
9 92 0.030277644 ubox
9 196 0.007994736 ubox
9 201 0.003943320 ubox
9 211 0.007310268 ubox
9 214 0.053326761 ubox
9 221 0.005103589 ubox
9 244 0.012851488 ubox
9 381 0.005839246 ubox
9 412 0.210847076 ubox
9 415 0.009906888 ubox
9 419 0.003353124 ubox
9 432 0.005650961 ubox
10 18 0.016296788 ubox
10 23 0.004864307 ubox
10 28 0.005858172 ubox
10 30 0.013938285 ubox
10 32 0.019310109 ubox
10 33 0.005259706 ubox
10 34 0.005471593 ubox
10 35 0.049536333 ubox
10 74 0.017923371 ubox
10 92 0.169546030 ubox
10 195 0.006004865 ubox
10 200 0.003612996 ubox
10 205 0.038483853 ubox
10 208 0.017196066 ubox
10 211 0.022564224 ubox
10 213 0.054379483 ubox
10 243 0.013119363 ubox
10 284 0.007650396 ubox
10 381 0.004305380 ubox
10 412 0.045626571 ubox
10 414 0.010348250 ubox
10 418 0.003234898 ubox
10 428 0.003418464 ubox
10 431 0.005026393 ubox
11 17 0.016969849 ubox
11 27 0.006987599 ubox
11 29 0.015580946 ubox
11 31 0.020204383 ubox
11 73 0.018218334 ubox
11 78 0.007371216 ubox
11 80 0.012437386 ubox
11 91 0.186535500 ubox
11 94 0.003899894 ubox
11 96 0.005752466 ubox
11 203 0.036475916 ubox
11 204 0.048581605 ubox
11 207 0.025845854 ubox
11 210 0.024016844 ubox
11 212 0.053566559 ubox
11 242 0.013058878 ubox
11 283 0.008270615 ubox
11 347 0.005743215 ubox
11 380 0.005992316 ubox
11 410 0.322330457 ubox
11 411 0.035406984 ubox
11 427 0.003565715 ubox
11 430 0.003685145 ubox
11 435 0.035320816 ubox
12 26 0.007071676 ubox
12 27 0.012679467 ubox
12 72 0.018281880 ubox
12 77 0.007388789 ubox
12 79 0.012545409 ubox
12 90 0.186599856 ubox
12 93 0.003859028 ubox
12 95 0.010760629 ubox
12 202 0.036574799 ubox
12 282 0.008279837 ubox
12 346 0.005846482 ubox
12 375 0.006392220 ubox
12 379 0.005832530 ubox
12 409 0.325643534 ubox
12 430 0.007714305 ubox
12 435 0.681509033 ubox
13 22 0.021727209 ubox
13 25 0.005459839 ubox
13 26 0.013571483 ubox
13 27 0.007231563 ubox
13 71 0.018290841 ubox
13 76 0.007274733 ubox
13 78 0.012464440 ubox
13 89 0.185496514 ubox
13 94 0.011420485 ubox
13 194 0.009972739 ubox
13 203 0.116708655 ubox
13 204 0.177227566 ubox
13 207 0.048870000 ubox
13 210 0.056235428 ubox
13 240 0.012842783 ubox
13 281 0.008280244 ubox
13 345 0.005852970 ubox
13 374 0.007079519 ubox
13 378 0.005489341 ubox
13 408 0.325848448 ubox
13 417 0.011221070 ubox
13 429 0.007996512 ubox
13 430 0.006109169 ubox
13 434 0.883611065 ubox
13 435 0.005942630 ubox
14 21 0.021922814 ubox
14 25 0.013448047 ubox
14 26 0.006810122 ubox
14 29 0.030738521 ubox
14 31 0.040809461 ubox
14 42 0.006581966 ubox
14 70 0.018284362 ubox
14 76 0.010462046 ubox
14 77 0.005744936 ubox
14 88 0.186249477 ubox
14 93 0.011146983 ubox
14 94 0.003201413 ubox
14 193 0.010272798 ubox
14 202 0.117399536 ubox
14 203 0.179258290 ubox
14 206 0.050061550 ubox
14 209 0.056253945 ubox
14 239 0.013505710 ubox
14 280 0.008231453 ubox
14 344 0.005812726 ubox
14 373 0.007519092 ubox
14 407 0.325775454 ubox
14 416 0.011916568 ubox
14 429 0.006706343 ubox
14 433 0.884928842 ubox
14 434 0.006299875 ubox
15 20 0.020451621 ubox
15 28 0.030422691 ubox
15 30 0.040410573 ubox
15 41 0.006733512 ubox
15 69 0.017274130 ubox
15 75 0.009913605 ubox
15 84 0.003623212 ubox
15 87 0.186473440 ubox
15 92 0.010476331 ubox
15 192 0.010252472 ubox
15 200 0.078241577 ubox
15 201 0.113821844 ubox
15 205 0.048559554 ubox
15 208 0.054840209 ubox
15 226 0.009048197 ubox
15 238 0.013699429 ubox
15 279 0.007476350 ubox
15 343 0.005101194 ubox
15 372 0.007871543 ubox
15 406 0.308792159 ubox
15 415 0.011908017 ubox
15 432 0.880781318 ubox
16 23 0.003983211 ubox
16 24 0.105545687 ubox
16 40 0.006048805 ubox
16 54 0.003352909 ubox
16 83 0.010055598 ubox
16 86 0.180178159 ubox
16 191 0.007619195 ubox
16 196 0.011065200 ubox
16 199 0.083529705 ubox
16 225 0.010261690 ubox
16 237 0.013786391 ubox
16 371 0.008062418 ubox
16 414 0.011716800 ubox
16 431 0.867452632 ubox
17 23 0.106040443 ubox
17 40 0.006771337 ubox
17 45 0.005014888 ubox
17 53 0.003375245 ubox
17 82 0.010321271 ubox
17 86 0.040582920 ubox
17 191 0.011357243 ubox
17 195 0.011383659 ubox
17 199 0.396141712 ubox
17 205 0.138009821 ubox
17 208 0.016944855 ubox
17 221 0.003220885 ubox
17 224 0.010289646 ubox
17 236 0.013698394 ubox
17 371 0.004003749 ubox
17 381 0.008614135 ubox
17 384 0.003364981 ubox
17 400 0.020445922 ubox
17 426 0.004217786 ubox
17 428 0.054646423 ubox
17 431 0.073524199 ubox
18 22 0.094784095 ubox
18 27 0.011497011 ubox
18 38 0.003282247 ubox
18 39 0.007331053 ubox
18 44 0.005032944 ubox
18 52 0.003228899 ubox
18 81 0.009976682 ubox
18 85 0.052750256 ubox
18 91 0.004634196 ubox
18 190 0.013261455 ubox
18 194 0.011260094 ubox
18 198 0.294703788 ubox
18 203 0.094440293 ubox
18 204 0.137793621 ubox
18 207 0.017872273 ubox
18 220 0.003312406 ubox
18 223 0.009776982 ubox
18 368 0.010045083 ubox
18 370 0.003607229 ubox
18 374 0.004023359 ubox
18 380 0.008799845 ubox
18 383 0.003302043 ubox
18 399 0.020406137 ubox
18 402 0.016470408 ubox
18 403 0.222012082 ubox
18 404 0.106537053 ubox
18 410 0.003803783 ubox
18 427 0.053295379 ubox
18 430 0.086391248 ubox
19 26 0.011844695 ubox
19 37 0.003205134 ubox
19 38 0.007209117 ubox
19 79 0.003478423 ubox
19 90 0.004628017 ubox
19 189 0.012601091 ubox
19 197 0.208910323 ubox
19 198 0.736577040 ubox
19 202 0.089212637 ubox
19 222 0.008632457 ubox
19 367 0.010112113 ubox
19 373 0.003928956 ubox
19 379 0.008312579 ubox
19 401 0.017148377 ubox
19 402 0.232413003 ubox
19 403 0.101107251 ubox
19 409 0.003576593 ubox
20 25 0.009261616 ubox
20 37 0.006045495 ubox
20 85 0.031107397 ubox
20 89 0.004273210 ubox
20 197 0.898410797 ubox
20 366 0.009849965 ubox
20 401 0.234907023 ubox
20 402 0.084497809 ubox
21 83 0.197575071 ubox
21 84 0.026394522 ubox
21 196 0.939773029 ubox
21 364 0.007219920 ubox
21 365 0.008238144 ubox
21 400 0.234022559 ubox
22 40 0.008568388 ubox
22 45 0.030840477 ubox
22 82 0.198950344 ubox
22 83 0.019752493 ubox
22 104 0.010417206 ubox
22 186 0.009324620 ubox
22 191 0.031070616 ubox
22 195 0.939849136 ubox
22 208 0.003268041 ubox
22 279 0.008213862 ubox
22 363 0.009212489 ubox
22 364 0.006067873 ubox
22 400 0.064162099 ubox
22 426 0.003422487 ubox
23 38 0.015647677 ubox
23 39 0.007589677 ubox
23 44 0.031138159 ubox
23 47 0.015330129 ubox
23 77 0.011493130 ubox
23 81 0.199674944 ubox
23 103 0.015228542 ubox
23 185 0.009124255 ubox
23 190 0.031781796 ubox
23 194 0.939849897 ubox
23 207 0.003375486 ubox
23 278 0.008370982 ubox
23 362 0.010727523 ubox
23 397 0.233225259 ubox
23 399 0.060046633 ubox
23 405 0.004681204 ubox
23 425 0.003449165 ubox
23 434 0.010302522 ubox
24 31 0.021584301 ubox
24 37 0.030262355 ubox
24 38 0.006544648 ubox
24 42 0.040092935 ubox
24 44 0.006573699 ubox
24 46 0.015859637 ubox
24 76 0.014355711 ubox
24 78 0.003174185 ubox
24 80 0.198747123 ubox
24 100 0.003738708 ubox
24 102 0.015421893 ubox
24 184 0.004229211 ubox
24 187 0.018660734 ubox
24 189 0.031510835 ubox
24 193 0.939752448 ubox
24 206 0.003374354 ubox
24 277 0.008378189 ubox
24 361 0.010699046 ubox
24 396 0.234012029 ubox
24 399 0.015455276 ubox
24 404 0.004665902 ubox
24 424 0.003447746 ubox
24 433 0.010478997 ubox
25 30 0.021204046 ubox
25 33 0.011902315 ubox
25 34 0.028539628 ubox
25 35 0.028263862 ubox
25 36 0.039317315 ubox
25 41 0.040642322 ubox
25 43 0.007132591 ubox
25 45 0.015947156 ubox
25 75 0.017413149 ubox
25 99 0.003709072 ubox
25 101 0.014174674 ubox
25 186 0.023992709 ubox
25 188 0.035011133 ubox
25 192 0.930739953 ubox
25 276 0.008337312 ubox
25 394 0.006583791 ubox
25 395 0.223327211 ubox
25 398 0.014914468 ubox
25 432 0.006906206 ubox
26 32 0.012207237 ubox
26 33 0.030926654 ubox
26 34 0.031227687 ubox
26 35 0.042148232 ubox
26 36 0.009981706 ubox
26 40 0.037748039 ubox
26 41 0.017533402 ubox
26 74 0.014604954 ubox
26 75 0.014202723 ubox
26 191 0.858572464 ubox
26 192 0.074973628 ubox
26 275 0.008125135 ubox
26 393 0.007841678 ubox
26 394 0.154478341 ubox
26 395 0.010820746 ubox
27 32 0.028405029 ubox
27 33 0.030954864 ubox
27 34 0.040483764 ubox
27 35 0.011292676 ubox
27 40 0.018424352 ubox
27 53 0.003379722 ubox
27 74 0.017398658 ubox
27 181 0.004746873 ubox
27 183 0.185142166 ubox
27 186 0.406595084 ubox
27 191 0.104780099 ubox
27 274 0.007486207 ubox
27 386 0.005506364 ubox
27 392 0.008804841 ubox
27 393 0.083657850 ubox
27 394 0.008391187 ubox
28 39 0.017545335 ubox
28 52 0.004151797 ubox
28 73 0.016527374 ubox
28 180 0.004869703 ubox
28 182 0.188774644 ubox
28 184 0.779862316 ubox
28 185 0.294038409 ubox
28 273 0.006459921 ubox
28 385 0.006755880 ubox
28 391 0.007795701 ubox
29 40 0.075826832 ubox
29 51 0.004462254 ubox
29 53 0.013950185 ubox
29 86 0.004117054 ubox
29 179 0.004885039 ubox
29 181 0.189308642 ubox
29 183 0.852035846 ubox
29 186 0.160278036 ubox
29 384 0.006781706 ubox
29 392 0.050727908 ubox
30 39 0.073465449 ubox
30 50 0.004182222 ubox
30 52 0.014179023 ubox
30 85 0.004055411 ubox
30 180 0.189072985 ubox
30 182 0.852235301 ubox
30 184 0.166354445 ubox
30 185 0.119944732 ubox
30 383 0.006217096 ubox
30 385 0.007529741 ubox
30 391 0.043889089 ubox
31 40 0.214212105 ubox
31 51 0.014283289 ubox
31 84 0.003781559 ubox
31 179 0.187970079 ubox
31 181 0.852414816 ubox
31 183 0.199943887 ubox
31 186 0.254709528 ubox
31 384 0.008529138 ubox
31 392 0.016646334 ubox
32 38 0.021058082 ubox
32 39 0.211280262 ubox
32 50 0.013390933 ubox
32 73 0.004367941 ubox
32 96 0.005528467 ubox
32 180 0.835359641 ubox
32 182 0.196187216 ubox
32 185 0.254558693 ubox
32 383 0.008419889 ubox
32 391 0.014238853 ubox
33 37 0.018024585 ubox
33 38 0.185415914 ubox
33 39 0.014821284 ubox
33 95 0.005956679 ubox
33 96 0.011377437 ubox
33 184 0.237641790 ubox
33 185 0.025612756 ubox
33 382 0.007779021 ubox
34 38 0.014451134 ubox
34 90 0.010694196 ubox
34 95 0.011821108 ubox
34 96 0.013882436 ubox
34 184 0.025717686 ubox
34 185 0.009407449 ubox
34 403 0.003569967 ubox
35 89 0.012448373 ubox
35 95 0.013260555 ubox
35 96 0.055254003 ubox
35 184 0.010036722 ubox
35 185 0.004829401 ubox
35 402 0.004055338 ubox
36 88 0.013000671 ubox
36 93 0.012204164 ubox
36 95 0.062259431 ubox
36 177 0.074755861 ubox
36 180 0.235993448 ubox
36 182 0.035635139 ubox
36 184 0.005180803 ubox
36 391 0.033845852 ubox
36 401 0.004165483 ubox
37 56 0.003600494 ubox
37 87 0.012917974 ubox
37 92 0.009758482 ubox
37 176 0.049184424 ubox
37 179 0.270862925 ubox
37 181 0.031930474 ubox
37 183 0.004986915 ubox
37 390 0.052442747 ubox
37 400 0.003960816 ubox
38 55 0.005444111 ubox
38 86 0.006774511 ubox
38 99 0.004134293 ubox
38 178 0.241336875 ubox
38 179 0.049814714 ubox
38 389 0.052868635 ubox
39 45 0.013077964 ubox
39 54 0.006449245 ubox
39 56 0.003734350 ubox
39 92 0.097298630 ubox
39 98 0.006934386 ubox
39 176 0.919060468 ubox
39 178 0.022550754 ubox
39 356 0.004176535 ubox
39 388 0.053043080 ubox
39 398 0.003778650 ubox
40 44 0.014987770 ubox
40 78 0.003940947 ubox
40 89 0.012217803 ubox
40 90 0.027310232 ubox
40 91 0.102499573 ubox
40 94 0.005440744 ubox
40 97 0.007993412 ubox
40 175 0.941425212 ubox
40 177 0.005724034 ubox
40 355 0.004542658 ubox
40 361 0.007386037 ubox
40 387 0.052901084 ubox
40 397 0.003836504 ubox
40 404 0.013733888 ubox
41 52 0.015616062 ubox
41 77 0.003903597 ubox
41 79 0.003182886 ubox
41 88 0.016007053 ubox
41 89 0.037603578 ubox
41 90 0.097626376 ubox
41 93 0.005430432 ubox
41 96 0.007692497 ubox
41 174 0.941473583 ubox
41 354 0.004342918 ubox
41 360 0.007584305 ubox
41 385 0.051516128 ubox
41 401 0.004093189 ubox
41 403 0.013764650 ubox
42 51 0.017764119 ubox
42 53 0.045883151 ubox
42 86 0.017615660 ubox
42 173 0.941632034 ubox
42 359 0.007538857 ubox
42 384 0.051789324 ubox
42 400 0.004194040 ubox
43 50 0.016229444 ubox
43 52 0.046669273 ubox
43 85 0.016433668 ubox
43 172 0.941341572 ubox
43 360 0.005801433 ubox
43 382 0.030459398 ubox
43 383 0.040393096 ubox
43 385 0.004887236 ubox
43 401 0.016510895 ubox
44 51 0.047014701 ubox
44 53 0.012911336 ubox
44 82 0.007562039 ubox
44 84 0.013492611 ubox
44 86 0.228923808 ubox
44 101 0.024955456 ubox
44 171 0.940761488 ubox
44 359 0.006671747 ubox
44 381 0.042982786 ubox
44 384 0.005019304 ubox
44 400 0.017417328 ubox
45 50 0.036193497 ubox
45 52 0.013456705 ubox
45 60 0.007166056 ubox
45 81 0.007669932 ubox
45 85 0.232104750 ubox
45 100 0.025205810 ubox
45 169 0.624978423 ubox
45 170 0.703402592 ubox
45 358 0.006655945 ubox
45 380 0.042556378 ubox
45 383 0.004127635 ubox
45 399 0.017253823 ubox
46 51 0.013602775 ubox
46 54 0.005567763 ubox
46 55 0.064259361 ubox
46 56 0.221605204 ubox
46 59 0.007236620 ubox
46 83 0.011295706 ubox
46 84 0.232235906 ubox
46 99 0.024504967 ubox
46 167 0.014091712 ubox
46 168 0.882819420 ubox
47 53 0.005574105 ubox
47 54 0.064377292 ubox
47 55 0.223155691 ubox
47 56 0.026956647 ubox
47 58 0.007203089 ubox
47 82 0.011200021 ubox
47 83 0.231328532 ubox
47 84 0.032744042 ubox
47 166 0.015293536 ubox
47 167 0.882319794 ubox
47 168 0.323311225 ubox
48 53 0.064058777 ubox
48 54 0.223178627 ubox
48 55 0.027721615 ubox
48 56 0.010322746 ubox
48 82 0.228491097 ubox
48 83 0.038904818 ubox
48 84 0.059019300 ubox
48 162 0.021810127 ubox
48 166 0.878850944 ubox
48 167 0.325152363 ubox
48 168 0.013277652 ubox
49 53 0.220999182 ubox
49 54 0.027752396 ubox
49 55 0.010912496 ubox
49 56 0.009553982 ubox
49 82 0.043390245 ubox
49 83 0.061685691 ubox
49 84 0.005099100 ubox
49 99 0.006988867 ubox
49 151 0.004196086 ubox
49 161 0.030369523 ubox
49 162 0.634989279 ubox
49 166 0.324843838 ubox
49 167 0.013506281 ubox
50 54 0.009697898 ubox
50 55 0.009488026 ubox
50 82 0.062796660 ubox
50 83 0.004785596 ubox
50 98 0.007184816 ubox
50 150 0.004253467 ubox
50 161 0.637248983 ubox
50 166 0.011868158 ubox
51 76 0.033153723 ubox
51 81 0.091027623 ubox
51 97 0.007190035 ubox
51 149 0.004261602 ubox
51 160 0.634342134 ubox
51 163 0.608425623 ubox
51 165 0.013408231 ubox
51 399 0.003459253 ubox
52 74 0.029499121 ubox
52 75 0.028392357 ubox
52 82 0.043833281 ubox
52 123 0.004388735 ubox
52 148 0.004172289 ubox
52 161 0.325778804 ubox
52 162 0.575858985 ubox
52 398 0.003479362 ubox
53 72 0.007857816 ubox
53 73 0.034367827 ubox
53 77 0.062984843 ubox
53 78 0.139865247 ubox
53 79 0.080934217 ubox
53 80 0.062499076 ubox
53 81 0.155954099 ubox
53 122 0.004670684 ubox
53 147 0.004001861 ubox
53 156 0.018914647 ubox
53 157 0.139382616 ubox
53 158 0.162597794 ubox
53 159 0.584227036 ubox
53 160 0.370392086 ubox
53 164 0.029768698 ubox
53 165 0.011752075 ubox
53 397 0.003475009 ubox
54 71 0.010643710 ubox
54 72 0.042743340 ubox
54 76 0.069433748 ubox
54 77 0.139904062 ubox
54 78 0.088515987 ubox
54 79 0.060815632 ubox
54 80 0.156444827 ubox
54 81 0.015182628 ubox
54 121 0.004972625 ubox
54 146 0.003986514 ubox
54 155 0.019221503 ubox
54 156 0.139592967 ubox
54 157 0.155682672 ubox
54 158 0.796590642 ubox
54 159 0.263019419 ubox
54 160 0.314702013 ubox
54 163 0.028912481 ubox
54 164 0.011759993 ubox
54 165 0.003604496 ubox
54 396 0.003400444 ubox
55 70 0.010635011 ubox
55 71 0.043968916 ubox
55 73 0.003524487 ubox
55 76 0.139622006 ubox
55 77 0.087354018 ubox
55 78 0.063596758 ubox
55 79 0.155039587 ubox
55 80 0.015231414 ubox
55 81 0.006331320 ubox
55 145 0.003817400 ubox
55 154 0.026482601 ubox
55 155 0.138269202 ubox
55 156 0.140937471 ubox
55 157 0.908372006 ubox
55 158 0.041815902 ubox
55 159 0.060707101 ubox
55 160 0.035635336 ubox
55 163 0.011014272 ubox
55 164 0.003564858 ubox
55 348 0.006535603 ubox
56 70 0.043788092 ubox
56 72 0.003568084 ubox
56 73 0.173916018 ubox
56 76 0.084118625 ubox
56 77 0.040536533 ubox
56 78 0.152183883 ubox
56 79 0.009060518 ubox
56 80 0.006454400 ubox
56 119 0.009833191 ubox
56 154 0.147900469 ubox
56 155 0.102150330 ubox
56 156 0.913589192 ubox
56 157 0.032259177 ubox
56 158 0.014855389 ubox
56 159 0.040026863 ubox
56 160 0.009127432 ubox
56 163 0.003488665 ubox
56 347 0.006722372 ubox
57 68 0.009528036 ubox
57 72 0.306575598 ubox
57 73 0.018022330 ubox
57 77 0.125798121 ubox
57 79 0.005509855 ubox
57 118 0.009914715 ubox
57 155 0.916048257 ubox
57 158 0.044111760 ubox
57 159 0.009048771 ubox
57 165 0.034490004 ubox
57 346 0.006767747 ubox
58 67 0.008584137 ubox
58 68 0.045246429 ubox
58 71 0.337524094 ubox
58 72 0.004818735 ubox
58 76 0.068645953 ubox
58 78 0.003281219 ubox
58 117 0.009934871 ubox
58 143 0.004480366 ubox
58 154 0.914356804 ubox
58 155 0.006078097 ubox
58 156 0.007424999 ubox
58 157 0.045159033 ubox
58 158 0.008983739 ubox
58 160 0.003530658 ubox
58 164 0.035906927 ubox
58 345 0.006777284 ubox
58 362 0.009019576 ubox
59 67 0.054700224 ubox
59 70 0.342763776 ubox
59 71 0.005730988 ubox
59 114 0.003376534 ubox
59 116 0.009888463 ubox
59 142 0.004522849 ubox
59 149 0.707501208 ubox
59 152 0.604463198 ubox
59 154 0.007234942 ubox
59 156 0.043018790 ubox
59 157 0.008763109 ubox
59 163 0.035927255 ubox
59 344 0.006772707 ubox
59 361 0.009183977 ubox
60 66 0.054910584 ubox
60 69 0.342780393 ubox
60 113 0.003463660 ubox
60 141 0.004518050 ubox
60 148 0.709913879 ubox
60 151 0.602156334 ubox
60 162 0.035889074 ubox
60 343 0.006716017 ubox
61 65 0.043740511 ubox
61 68 0.312907180 ubox
61 121 0.008049976 ubox
61 147 0.708902486 ubox
61 360 0.010517845 ubox
62 69 0.007148718 ubox
62 104 0.003884909 ubox
62 113 0.006988441 ubox
62 120 0.009004233 ubox
62 132 0.003679872 ubox
62 140 0.003205779 ubox
62 148 0.331041184 ubox
62 161 0.035414049 ubox
62 224 0.006291143 ubox
62 359 0.010828820 ubox
63 68 0.008644353 ubox
63 73 0.003692708 ubox
63 103 0.003973033 ubox
63 112 0.005600934 ubox
63 119 0.009023095 ubox
63 131 0.003707992 ubox
63 146 0.925832819 ubox
63 147 0.072930985 ubox
63 156 0.010208599 ubox
63 160 0.035543680 ubox
63 223 0.006377734 ubox
63 358 0.010841107 ubox
64 72 0.003656422 ubox
64 112 0.006472753 ubox
64 118 0.008713968 ubox
64 130 0.003637816 ubox
64 145 0.928901885 ubox
64 155 0.012057711 ubox
64 159 0.035240364 ubox
64 222 0.006436685 ubox
64 357 0.010833426 ubox
65 101 0.004141525 ubox
65 111 0.007186015 ubox
65 115 0.008151280 ubox
65 140 0.011333402 ubox
65 144 0.921229379 ubox
65 150 0.003717267 ubox
65 153 0.080587699 ubox
65 221 0.006437607 ubox
65 356 0.010797298 ubox
66 100 0.005096574 ubox
66 114 0.008592893 ubox
66 129 0.003523699 ubox
66 136 0.003434696 ubox
66 139 0.014511463 ubox
66 142 0.667450285 ubox
66 143 0.652025613 ubox
66 149 0.003571494 ubox
66 152 0.081840501 ubox
66 220 0.006437837 ubox
66 355 0.010358205 ubox
67 99 0.005309315 ubox
67 110 0.014028687 ubox
67 113 0.007699644 ubox
67 128 0.003499886 ubox
67 135 0.003417736 ubox
67 138 0.015161929 ubox
67 141 0.932790307 ubox
67 148 0.003467372 ubox
67 151 0.081857702 ubox
67 218 0.006554228 ubox
67 350 0.003460301 ubox
68 86 0.004473324 ubox
68 98 0.005299761 ubox
68 109 0.016020436 ubox
68 134 0.003224714 ubox
68 137 0.015174145 ubox
68 140 0.932114710 ubox
68 150 0.081835001 ubox
68 217 0.006557105 ubox
68 349 0.003453830 ubox
69 85 0.008766684 ubox
69 97 0.005234072 ubox
69 108 0.016275747 ubox
69 127 0.003259966 ubox
69 136 0.015242416 ubox
69 139 0.932983774 ubox
69 142 0.019335278 ubox
69 149 0.081833974 ubox
69 216 0.006559019 ubox
69 348 0.003435781 ubox
70 83 0.008641699 ubox
70 84 0.013694180 ubox
70 107 0.016352901 ubox
70 126 0.003500115 ubox
70 135 0.014558638 ubox
70 138 0.932592613 ubox
70 141 0.019418542 ubox
70 148 0.081036913 ubox
70 215 0.005820410 ubox
71 82 0.010762800 ubox
71 83 0.017539715 ubox
71 84 0.014371066 ubox
71 106 0.016364779 ubox
71 126 0.009014084 ubox
71 135 0.022863149 ubox
71 137 0.915533496 ubox
71 138 0.019001926 ubox
71 140 0.015201417 ubox
72 82 0.018272764 ubox
72 83 0.022716200 ubox
72 84 0.006929095 ubox
72 87 0.194605406 ubox
72 105 0.016257057 ubox
72 124 0.042732585 ubox
72 125 0.008419012 ubox
72 133 0.026078847 ubox
72 134 0.044066008 ubox
72 135 0.134895697 ubox
72 137 0.023291236 ubox
72 138 0.003253371 ubox
72 214 0.004215897 ubox
72 372 0.003905361 ubox
73 82 0.026548400 ubox
73 83 0.010723420 ubox
73 86 0.204532196 ubox
73 104 0.014850444 ubox
73 123 0.047137783 ubox
73 124 0.006338794 ubox
73 128 0.006443498 ubox
73 132 0.022110321 ubox
73 133 0.036326186 ubox
73 134 0.099082911 ubox
73 137 0.005460563 ubox
73 213 0.004161095 ubox
73 371 0.006242147 ubox
74 85 0.149970353 ubox
74 89 0.044008240 ubox
74 90 0.063505533 ubox
74 96 0.003769477 ubox
74 122 0.048041802 ubox
74 127 0.007498585 ubox
74 212 0.004001821 ubox
74 367 0.015722129 ubox
74 370 0.006154443 ubox
75 85 0.587370430 ubox
75 88 0.042491147 ubox
75 89 0.065773502 ubox
75 121 0.048307883 ubox
75 127 0.067794434 ubox
75 366 0.018346154 ubox
76 83 0.169189288 ubox
76 84 0.671832194 ubox
76 99 0.017453641 ubox
76 106 0.013082477 ubox
76 107 0.010834210 ubox
76 110 0.005201844 ubox
76 120 0.046886428 ubox
76 126 0.073198175 ubox
76 135 0.087660743 ubox
76 141 0.015675872 ubox
76 365 0.018033933 ubox
77 82 0.154275935 ubox
77 83 0.637895445 ubox
77 84 0.151772504 ubox
77 87 0.118511965 ubox
77 98 0.017044957 ubox
77 105 0.013121528 ubox
77 106 0.003451532 ubox
77 107 0.016467298 ubox
77 109 0.004940821 ubox
77 111 0.003386612 ubox
77 125 0.070565533 ubox
77 133 0.044608398 ubox
77 134 0.079983772 ubox
77 140 0.009733867 ubox
77 141 0.046352421 ubox
77 321 0.003296588 ubox
77 364 0.009540310 ubox
77 372 0.006208621 ubox
78 82 0.609357247 ubox
78 83 0.303752994 ubox
78 84 0.055128983 ubox
78 86 0.123631526 ubox
78 99 0.057503797 ubox
78 104 0.012589023 ubox
78 106 0.028852729 ubox
78 107 0.011888851 ubox
78 109 0.004383269 ubox
78 110 0.003583532 ubox
78 126 0.012804645 ubox
78 132 0.046193481 ubox
78 135 0.046651840 ubox
78 140 0.052292135 ubox
78 141 0.013597412 ubox
78 151 0.010507712 ubox
78 168 0.005706153 ubox
78 320 0.003432162 ubox
78 363 0.008437521 ubox
78 365 0.017671866 ubox
78 371 0.006500714 ubox
79 83 0.049877413 ubox
79 87 0.053142365 ubox
79 98 0.056894453 ubox
79 105 0.028963455 ubox
79 106 0.011272452 ubox
79 107 0.006913420 ubox
79 109 0.003355926 ubox
79 111 0.004443253 ubox
79 125 0.012182081 ubox
79 133 0.038734075 ubox
79 134 0.043558112 ubox
79 140 0.013157633 ubox
79 150 0.010292429 ubox
79 168 0.009087460 ubox
79 319 0.003435280 ubox
79 365 0.036945296 ubox
80 86 0.055949712 ubox
80 104 0.021838887 ubox
80 106 0.010295786 ubox
80 107 0.009179349 ubox
80 110 0.004716765 ubox
80 132 0.038433506 ubox
80 138 0.060630504 ubox
80 141 0.007711481 ubox
80 162 0.005110358 ubox
80 167 0.012166838 ubox
80 168 0.004892226 ubox
80 318 0.003436516 ubox
80 364 0.053347138 ubox
80 365 0.004543801 ubox
81 101 0.013246851 ubox
81 104 0.029291589 ubox
81 106 0.009166948 ubox
81 109 0.004665836 ubox
81 120 0.084979535 ubox
81 132 0.041733530 ubox
81 137 0.061663257 ubox
81 140 0.007677471 ubox
81 148 0.013373978 ubox
81 161 0.005120508 ubox
81 166 0.012194927 ubox
81 167 0.004803061 ubox
81 317 0.003435901 ubox
81 363 0.053782682 ubox
81 364 0.004314176 ubox
81 400 0.008983544 ubox
82 89 0.020320860 ubox
82 90 0.017404914 ubox
82 91 0.114900222 ubox
82 94 0.009336904 ubox
82 95 0.293663803 ubox
82 96 0.016781326 ubox
82 97 0.013814307 ubox
82 100 0.013162556 ubox
82 103 0.037471303 ubox
82 108 0.004426561 ubox
82 118 0.067602356 ubox
82 119 0.085539525 ubox
82 131 0.041483157 ubox
82 136 0.064817544 ubox
82 139 0.007564195 ubox
82 147 0.022304806 ubox
82 156 0.004794926 ubox
82 160 0.004613003 ubox
82 165 0.012223654 ubox
82 362 0.053918697 ubox
82 399 0.009265887 ubox
82 405 0.007817775 ubox
83 88 0.025402330 ubox
83 89 0.021901492 ubox
83 90 0.112488675 ubox
83 91 0.111070863 ubox
83 93 0.023289727 ubox
83 94 0.388169736 ubox
83 95 0.018427714 ubox
83 96 0.010125832 ubox
83 97 0.015963560 ubox
83 102 0.037357900 ubox
83 103 0.028266950 ubox
83 117 0.112467701 ubox
83 118 0.011898772 ubox
83 130 0.025436999 ubox
83 143 0.004258644 ubox
83 146 0.022488952 ubox
83 155 0.005961439 ubox
83 164 0.012333359 ubox
83 358 0.008227472 ubox
83 361 0.053770394 ubox
83 362 0.004285369 ubox
83 397 0.012805911 ubox
83 404 0.007869076 ubox
84 88 0.014405179 ubox
84 89 0.098304741 ubox
84 90 0.106199992 ubox
84 93 0.554949927 ubox
84 94 0.021581148 ubox
84 95 0.008090285 ubox
84 96 0.013655425 ubox
84 100 0.034603797 ubox
84 102 0.029003211 ubox
84 116 0.112830944 ubox
84 117 0.008613061 ubox
84 129 0.023992630 ubox
84 136 0.010019218 ubox
84 142 0.004282480 ubox
84 145 0.022478592 ubox
84 154 0.006821538 ubox
84 163 0.012293926 ubox
84 357 0.011068986 ubox
84 360 0.049065860 ubox
84 361 0.004418699 ubox
84 396 0.012954609 ubox
84 399 0.076639835 ubox
85 92 0.580621202 ubox
85 98 0.058461220 ubox
85 99 0.022218911 ubox
85 101 0.028664454 ubox
85 115 0.113092771 ubox
85 128 0.021454701 ubox
85 135 0.005397955 ubox
85 137 0.003267613 ubox
85 141 0.004115847 ubox
85 144 0.022480507 ubox
85 153 0.006839326 ubox
85 161 0.005636212 ubox
85 162 0.009662614 ubox
85 356 0.012534281 ubox
85 359 0.047607224 ubox
85 395 0.012115563 ubox
85 398 0.077647301 ubox
86 91 0.589080848 ubox
86 94 0.045248968 ubox
86 96 0.005300082 ubox
86 97 0.071099883 ubox
86 100 0.027583338 ubox
86 114 0.113019934 ubox
86 127 0.012141306 ubox
86 136 0.015522864 ubox
86 143 0.022361353 ubox
86 152 0.006810398 ubox
86 160 0.007707392 ubox
86 355 0.012582626 ubox
86 358 0.051565122 ubox
86 397 0.077806419 ubox
87 93 0.068374612 ubox
87 95 0.008112760 ubox
87 96 0.072137894 ubox
87 112 0.014786181 ubox
87 127 0.008026022 ubox
87 159 0.007461521 ubox
87 354 0.012179947 ubox
87 357 0.051219987 ubox
88 92 0.060841832 ubox
88 99 0.014107561 ubox
88 111 0.014148988 ubox
88 125 0.014721920 ubox
88 126 0.008070762 ubox
88 135 0.006420719 ubox
88 141 0.009471658 ubox
88 356 0.047200784 ubox
88 394 0.008666389 ubox
88 395 0.087178444 ubox
89 98 0.013871579 ubox
89 110 0.013456238 ubox
89 111 0.100628464 ubox
89 124 0.014825205 ubox
89 125 0.007856527 ubox
89 134 0.007226099 ubox
89 140 0.008160744 ubox
89 393 0.007473497 ubox
89 394 0.124917551 ubox
90 98 0.003545597 ubox
90 109 0.011461813 ubox
90 110 0.100488745 ubox
90 111 0.012812066 ubox
90 123 0.013599645 ubox
90 124 0.007199061 ubox
90 133 0.007284376 ubox
90 137 0.005498614 ubox
90 138 0.008380346 ubox
90 141 0.005305717 ubox
90 393 0.147671373 ubox
91 109 0.099943978 ubox
91 110 0.016321670 ubox
91 113 0.045959437 ubox
91 132 0.007240979 ubox
91 137 0.018218121 ubox
91 140 0.005522811 ubox
91 303 0.003836098 ubox
91 392 0.152736262 ubox
92 112 0.046054312 ubox
92 121 0.009867791 ubox
92 127 0.003164761 ubox
92 302 0.003867655 ubox
92 357 0.004715373 ubox
92 391 0.152732372 ubox
92 435 0.003196676 ubox
93 107 0.066651641 ubox
93 111 0.046032325 ubox
93 120 0.009296987 ubox
93 133 0.018564193 ubox
93 138 0.003585383 ubox
93 301 0.003876412 ubox
93 356 0.007281933 ubox
93 390 0.152801053 ubox
93 432 0.003382253 ubox
94 104 0.003179751 ubox
94 106 0.067385269 ubox
94 107 0.076782842 ubox
94 110 0.045925320 ubox
94 126 0.006412367 ubox
94 132 0.019218530 ubox
94 135 0.845530821 ubox
94 137 0.003292046 ubox
94 151 0.005496097 ubox
94 168 0.006585146 ubox
94 300 0.003872530 ubox
94 389 0.152755480 ubox
94 395 0.004860262 ubox
95 105 0.060302478 ubox
95 106 0.077205293 ubox
95 109 0.037879779 ubox
95 125 0.006456703 ubox
95 133 0.044099536 ubox
95 134 0.868233437 ubox
95 135 0.012699125 ubox
95 150 0.005431258 ubox
95 167 0.004736884 ubox
95 168 0.016089405 ubox
95 388 0.138953896 ubox
95 394 0.004778721 ubox
95 432 0.009957792 ubox
96 104 0.049678706 ubox
96 105 0.083013243 ubox
96 107 0.004465030 ubox
96 111 0.005427331 ubox
96 124 0.005969581 ubox
96 132 0.053291460 ubox
96 133 0.896052038 ubox
96 134 0.016712372 ubox
96 167 0.032215503 ubox
96 388 0.007416973 ubox
96 393 0.004548762 ubox
96 432 0.194812889 ubox
97 104 0.088025133 ubox
97 106 0.005012993 ubox
97 109 0.005925504 ubox
97 110 0.005673884 ubox
97 113 0.005226801 ubox
97 128 0.003860137 ubox
97 132 0.898449176 ubox
97 148 0.009936738 ubox
97 166 0.065525245 ubox
97 384 0.093054391 ubox
97 392 0.004462178 ubox
97 426 0.006150951 ubox
97 431 0.208364745 ubox
98 112 0.005240107 ubox
98 122 0.006151820 ubox
98 127 0.003827462 ubox
98 130 0.913066648 ubox
98 147 0.010924234 ubox
98 165 0.073486639 ubox
98 296 0.003794519 ubox
98 352 0.198923004 ubox
98 353 0.013599213 ubox
98 354 0.014839444 ubox
98 383 0.091983276 ubox
98 391 0.003724830 ubox
98 402 0.017231945 ubox
98 425 0.006174003 ubox
98 430 0.208932772 ubox
99 108 0.037252742 ubox
99 114 0.018778766 ubox
99 121 0.006835719 ubox
99 127 0.007397743 ubox
99 129 0.926691276 ubox
99 136 0.016250585 ubox
99 142 0.026880611 ubox
99 146 0.011232300 ubox
99 164 0.076745651 ubox
99 295 0.003940160 ubox
99 351 0.230310434 ubox
99 352 0.013634651 ubox
99 353 0.019155413 ubox
99 360 0.004822944 ubox
99 382 0.090154737 ubox
99 385 0.012491085 ubox
99 401 0.023800809 ubox
99 424 0.006188100 ubox
99 429 0.209297632 ubox
100 107 0.037293607 ubox
100 109 0.050091553 ubox
100 113 0.018872664 ubox
100 120 0.006240198 ubox
100 126 0.008381080 ubox
100 128 0.926776367 ubox
100 135 0.016375245 ubox
100 137 0.008599897 ubox
100 140 0.048451384 ubox
100 141 0.019166185 ubox
100 294 0.003938580 ubox
100 350 0.230386873 ubox
100 359 0.005103377 ubox
100 381 0.089601719 ubox
100 384 0.012854599 ubox
100 400 0.024471528 ubox
100 423 0.006162017 ubox
100 428 0.209295024 ubox
101 108 0.052297685 ubox
101 112 0.018599593 ubox
101 119 0.004428376 ubox
101 121 0.014921170 ubox
101 127 0.926076592 ubox
101 129 0.003900051 ubox
101 136 0.010081706 ubox
101 139 0.052927608 ubox
101 142 0.017324042 ubox
101 163 0.079743062 ubox
101 169 0.015001252 ubox
101 293 0.003895644 ubox
101 351 0.051430762 ubox
101 358 0.003931382 ubox
101 380 0.084912807 ubox
101 383 0.009985822 ubox
101 399 0.024310173 ubox
101 420 0.004405965 ubox
101 422 0.003619305 ubox
101 427 0.209122434 ubox
102 107 0.052270888 ubox
102 110 0.019397001 ubox
102 120 0.011551890 ubox
102 126 0.925539460 ubox
102 128 0.003946619 ubox
102 135 0.010052332 ubox
102 138 0.052992263 ubox
102 141 0.017442054 ubox
102 162 0.079857942 ubox
102 168 0.015156664 ubox
102 350 0.055709431 ubox
102 364 0.005937700 ubox
102 365 0.003321085 ubox
102 419 0.004489850 ubox
102 426 0.203196385 ubox
103 109 0.019453932 ubox
103 120 0.912991606 ubox
103 132 0.018961589 ubox
103 137 0.052993623 ubox
103 140 0.017442117 ubox
103 161 0.079848344 ubox
103 167 0.015152430 ubox
103 363 0.005990548 ubox
103 364 0.003309870 ubox
103 381 0.007784214 ubox
103 423 0.020142305 ubox
103 426 0.010981221 ubox
104 108 0.017387861 ubox
104 119 0.915792149 ubox
104 122 0.011387634 ubox
104 131 0.019209275 ubox
104 136 0.052799002 ubox
104 139 0.017397853 ubox
104 156 0.004330870 ubox
104 159 0.004948467 ubox
104 160 0.079541273 ubox
104 283 0.015214306 ubox
104 347 0.331655694 ubox
104 362 0.004404486 ubox
104 380 0.007891197 ubox
104 410 0.006422533 ubox
104 422 0.008373190 ubox
104 425 0.003840490 ubox
105 118 0.915632188 ubox
105 121 0.010107080 ubox
105 122 0.010456414 ubox
105 130 0.018825114 ubox
105 155 0.005332296 ubox
105 158 0.025762133 ubox
105 159 0.075032768 ubox
105 165 0.015144124 ubox
105 282 0.015392883 ubox
105 346 0.334852051 ubox
105 379 0.007929419 ubox
105 409 0.006484620 ubox
105 421 0.006773456 ubox
106 117 0.915320712 ubox
106 119 0.009231455 ubox
106 121 0.008522785 ubox
106 122 0.120409764 ubox
106 129 0.016956347 ubox
106 130 0.004341842 ubox
106 154 0.006579446 ubox
106 156 0.004203939 ubox
106 157 0.036149041 ubox
106 158 0.068718851 ubox
106 164 0.015259665 ubox
106 207 0.003914937 ubox
106 281 0.015460007 ubox
106 345 0.335437813 ubox
106 361 0.003164791 ubox
106 378 0.007878211 ubox
106 408 0.006492856 ubox
106 420 0.005368439 ubox
107 114 0.162226399 ubox
107 116 0.899505942 ubox
107 118 0.009003276 ubox
107 121 0.143890216 ubox
107 127 0.011171330 ubox
107 129 0.008812619 ubox
107 136 0.028831156 ubox
107 149 0.044918617 ubox
107 156 0.033141187 ubox
107 157 0.054741741 ubox
107 163 0.015253492 ubox
107 206 0.003943608 ubox
107 280 0.015462628 ubox
107 344 0.335474905 ubox
107 360 0.003168094 ubox
107 407 0.006490249 ubox
108 113 0.221565335 ubox
108 120 0.148424769 ubox
108 126 0.011981798 ubox
108 128 0.011507036 ubox
108 132 0.055674006 ubox
108 135 0.029066238 ubox
108 137 0.003547557 ubox
108 148 0.051105956 ubox
108 162 0.015044618 ubox
108 205 0.003943795 ubox
108 279 0.015462298 ubox
108 343 0.335468108 ubox
108 359 0.003167052 ubox
109 117 0.026935080 ubox
109 118 0.016238057 ubox
109 119 0.145723177 ubox
109 127 0.011095985 ubox
109 131 0.053927665 ubox
109 136 0.003799107 ubox
109 147 0.051206532 ubox
109 155 0.022462621 ubox
109 156 0.022666776 ubox
109 157 0.010238524 ubox
109 204 0.003944031 ubox
109 278 0.015460056 ubox
109 342 0.335405705 ubox
109 375 0.007616159 ubox
109 405 0.006481409 ubox
109 417 0.003916831 ubox
110 116 0.028836406 ubox
110 117 0.073494537 ubox
110 118 0.112527957 ubox
110 119 0.021748695 ubox
110 122 0.014351532 ubox
110 130 0.044009198 ubox
110 131 0.058014006 ubox
110 146 0.051328072 ubox
110 154 0.023441426 ubox
110 155 0.016123567 ubox
110 156 0.011070802 ubox
110 160 0.012225098 ubox
110 203 0.003943715 ubox
110 277 0.015416869 ubox
110 341 0.335037123 ubox
110 374 0.007668812 ubox
110 404 0.006480548 ubox
110 416 0.003907368 ubox
111 118 0.026058289 ubox
111 121 0.016554704 ubox
111 130 0.059213004 ubox
111 145 0.051302270 ubox
111 155 0.010228258 ubox
111 159 0.011750663 ubox
111 202 0.003917829 ubox
111 340 0.335259030 ubox
111 373 0.007417234 ubox
111 403 0.006331898 ubox
112 120 0.016729304 ubox
112 123 0.004096013 ubox
112 140 0.004141517 ubox
112 144 0.051035723 ubox
112 150 0.013879212 ubox
112 153 0.023689303 ubox
112 201 0.003491492 ubox
112 339 0.335105031 ubox
112 369 0.004420251 ubox
112 372 0.006359715 ubox
113 119 0.016401269 ubox
113 121 0.018134229 ubox
113 122 0.003854304 ubox
113 129 0.087048601 ubox
113 136 0.005329156 ubox
113 139 0.005209809 ubox
113 142 0.022895891 ubox
113 143 0.045644769 ubox
113 149 0.014115348 ubox
113 152 0.023815746 ubox
113 233 0.008956719 ubox
113 338 0.335407216 ubox
113 368 0.005011849 ubox
113 401 0.005507832 ubox
114 120 0.019129753 ubox
114 128 0.087444069 ubox
114 135 0.005359621 ubox
114 138 0.005370297 ubox
114 141 0.031955875 ubox
114 148 0.014117227 ubox
114 151 0.023656870 ubox
114 224 0.005161415 ubox
114 232 0.010837004 ubox
114 337 0.334643389 ubox
114 400 0.005679326 ubox
115 121 0.009951273 ubox
115 127 0.087338166 ubox
115 147 0.013706803 ubox
115 222 0.004728641 ubox
115 223 0.005736230 ubox
115 228 0.006443635 ubox
115 231 0.011189724 ubox
115 336 0.295219473 ubox
115 366 0.007027909 ubox
116 120 0.011465285 ubox
116 126 0.083782280 ubox
116 138 0.010140181 ubox
116 141 0.037858407 ubox
116 221 0.005263135 ubox
116 225 0.182697452 ubox
116 227 0.007169410 ubox
116 230 0.011499796 ubox
116 237 0.003554013 ubox
116 289 0.003251018 ubox
116 335 0.238172858 ubox
116 365 0.007323134 ubox
117 126 0.031949780 ubox
117 135 0.007590014 ubox
117 137 0.010057281 ubox
117 138 0.028536976 ubox
117 140 0.037916399 ubox
117 141 0.009020177 ubox
117 224 0.183951111 ubox
117 225 0.021752514 ubox
117 227 0.032948747 ubox
117 229 0.011029838 ubox
117 236 0.003562826 ubox
117 334 0.210489274 ubox
117 335 0.006066437 ubox
117 364 0.007303868 ubox
118 125 0.038066804 ubox
118 133 0.076748933 ubox
118 134 0.006863355 ubox
118 137 0.007527174 ubox
118 138 0.037926037 ubox
118 141 0.009764646 ubox
118 162 0.004037739 ubox
118 219 0.007610451 ubox
118 224 0.020400684 ubox
118 225 0.017612337 ubox
118 226 0.048489457 ubox
118 235 0.003559447 ubox
118 292 0.003975280 ubox
118 301 0.075220819 ubox
118 333 0.127073539 ubox
118 363 0.004784974 ubox
119 128 0.019786025 ubox
119 132 0.082329452 ubox
119 137 0.048605864 ubox
119 140 0.015033189 ubox
119 148 0.003763221 ubox
119 161 0.007217031 ubox
119 218 0.008011466 ubox
119 221 0.264703147 ubox
119 224 0.025597354 ubox
119 225 0.049949391 ubox
119 234 0.003546833 ubox
119 291 0.004235135 ubox
119 294 0.061805180 ubox
119 300 0.080632399 ubox
119 303 0.050820775 ubox
119 331 0.007637069 ubox
119 363 0.005634234 ubox
120 127 0.015109437 ubox
120 129 0.031981992 ubox
120 131 0.080246255 ubox
120 136 0.049270800 ubox
120 139 0.015514029 ubox
120 142 0.008459328 ubox
120 147 0.003412393 ubox
120 149 0.003312428 ubox
120 160 0.007285325 ubox
120 220 0.266973760 ubox
120 222 0.003697054 ubox
120 223 0.024760824 ubox
120 277 0.004135611 ubox
120 290 0.003668515 ubox
120 293 0.062987586 ubox
120 299 0.080673213 ubox
120 302 0.051266250 ubox
120 304 0.004027156 ubox
120 330 0.005928181 ubox
120 332 0.003242189 ubox
120 362 0.005601484 ubox
121 126 0.007098110 ubox
121 128 0.033153809 ubox
121 133 0.004324739 ubox
121 134 0.005291233 ubox
121 135 0.048884717 ubox
121 138 0.015448156 ubox
121 141 0.008415619 ubox
121 148 0.003265803 ubox
121 218 0.006238067 ubox
121 219 0.265407066 ubox
121 221 0.003346725 ubox
121 225 0.016245607 ubox
121 226 0.005935642 ubox
121 276 0.004120616 ubox
121 292 0.062615478 ubox
121 298 0.080545327 ubox
121 301 0.051257230 ubox
121 303 0.003726275 ubox
122 128 0.017034022 ubox
122 132 0.004584792 ubox
122 133 0.005660885 ubox
122 134 0.044883899 ubox
122 137 0.008337599 ubox
122 140 0.006851862 ubox
122 217 0.003692025 ubox
122 218 0.261172080 ubox
122 224 0.025893703 ubox
122 225 0.005603262 ubox
122 275 0.003428324 ubox
122 291 0.061231368 ubox
122 297 0.077635090 ubox
122 300 0.049706072 ubox
123 127 0.014602971 ubox
123 223 0.028839548 ubox
123 290 0.058054443 ubox
123 296 0.069207660 ubox
123 299 0.046713489 ubox
124 222 0.030252036 ubox
124 223 0.006156776 ubox
125 155 0.047976491 ubox
125 165 0.010912117 ubox
125 222 0.006176665 ubox
125 223 0.003375681 ubox
125 240 0.003655286 ubox
125 286 0.035563573 ubox
125 296 0.048045006 ubox
125 306 0.006599136 ubox
126 136 0.015660347 ubox
126 139 0.006521887 ubox
126 142 0.003295886 ubox
126 154 0.052597232 ubox
126 164 0.012353996 ubox
126 212 0.007694684 ubox
126 216 0.011491254 ubox
126 220 0.023511763 ubox
126 222 0.004194543 ubox
126 239 0.004079038 ubox
126 285 0.037451424 ubox
126 293 0.045084465 ubox
126 295 0.054172045 ubox
126 304 0.003776844 ubox
126 305 0.008242215 ubox
127 135 0.015565318 ubox
127 137 0.034158392 ubox
127 138 0.004632040 ubox
127 140 0.008690280 ubox
127 144 0.003222185 ubox
127 150 0.007812191 ubox
127 153 0.052629234 ubox
127 211 0.008585535 ubox
127 215 0.011312171 ubox
127 217 0.304243290 ubox
127 219 0.016772299 ubox
127 238 0.004060463 ubox
127 284 0.030924114 ubox
127 291 0.009511055 ubox
127 292 0.026788849 ubox
127 294 0.050648596 ubox
128 136 0.099158886 ubox
128 139 0.009905527 ubox
128 142 0.003365863 ubox
128 149 0.007945034 ubox
128 152 0.052647238 ubox
128 163 0.014202497 ubox
128 210 0.008684595 ubox
128 216 0.310787875 ubox
128 228 0.003552946 ubox
128 283 0.029420355 ubox
128 290 0.022950922 ubox
128 293 0.049340688 ubox
128 295 0.008289772 ubox
128 304 0.009520288 ubox
129 135 0.099777403 ubox
129 138 0.009891544 ubox
129 141 0.003574554 ubox
129 148 0.007940815 ubox
129 151 0.052642227 ubox
129 162 0.014142039 ubox
129 215 0.311115344 ubox
129 227 0.004568956 ubox
129 236 0.004083694 ubox
129 289 0.024194977 ubox
129 294 0.008259162 ubox
129 303 0.009523187 ubox
130 134 0.089013524 ubox
130 137 0.007002924 ubox
130 150 0.051888346 ubox
130 162 0.007001964 ubox
130 200 0.003288130 ubox
130 214 0.298242481 ubox
130 226 0.005326218 ubox
130 235 0.004082569 ubox
130 288 0.022422156 ubox
130 292 0.035322389 ubox
130 301 0.008548631 ubox
131 137 0.015400408 ubox
131 140 0.005123915 ubox
131 148 0.027766921 ubox
131 161 0.019958427 ubox
131 199 0.003419031 ubox
131 208 0.004136351 ubox
131 225 0.005381035 ubox
131 234 0.004065169 ubox
131 291 0.035351074 ubox
131 300 0.008616710 ubox
132 136 0.017230415 ubox
132 139 0.005066094 ubox
132 146 0.029333872 ubox
132 147 0.016606052 ubox
132 156 0.007420790 ubox
132 160 0.020377246 ubox
132 207 0.004078725 ubox
132 233 0.003290387 ubox
132 290 0.028680191 ubox
132 299 0.007648808 ubox
133 145 0.029097762 ubox
133 155 0.007538766 ubox
133 159 0.020369935 ubox
133 223 0.004406329 ubox
134 147 0.005247916 ubox
134 155 0.004639465 ubox
134 158 0.020286293 ubox
134 222 0.004142467 ubox
134 286 0.009065965 ubox
134 296 0.003244136 ubox
135 142 0.037399848 ubox
135 146 0.005159536 ubox
135 149 0.032281130 ubox
135 152 0.036327652 ubox
135 154 0.004737425 ubox
135 157 0.019158375 ubox
135 206 0.009222448 ubox
135 209 0.334433984 ubox
135 216 0.003393576 ubox
135 285 0.009249583 ubox
135 295 0.003361612 ubox
136 141 0.037576363 ubox
136 148 0.032321881 ubox
136 151 0.037006139 ubox
136 171 0.004618219 ubox
136 195 0.004011920 ubox
136 205 0.009273844 ubox
136 208 0.335355565 ubox
136 215 0.003426366 ubox
136 294 0.003334661 ubox
137 143 0.010140307 ubox
137 146 0.003888847 ubox
137 147 0.031801754 ubox
137 155 0.009926931 ubox
137 156 0.008317725 ubox
137 170 0.004758044 ubox
137 194 0.004035760 ubox
137 204 0.009274598 ubox
137 207 0.335377870 ubox
137 210 0.020191325 ubox
137 281 0.012250676 ubox
138 142 0.009947782 ubox
138 146 0.031163541 ubox
138 149 0.050133299 ubox
138 152 0.016625612 ubox
138 154 0.010039951 ubox
138 155 0.004871378 ubox
138 169 0.004803827 ubox
138 193 0.004038561 ubox
138 203 0.009263138 ubox
138 206 0.335386934 ubox
138 209 0.020630802 ubox
138 280 0.012466153 ubox
139 148 0.050394192 ubox
139 151 0.016636242 ubox
139 168 0.004795240 ubox
139 171 0.004096785 ubox
139 191 0.004303792 ubox
139 199 0.010394611 ubox
139 205 0.335334958 ubox
139 208 0.020637378 ubox
139 279 0.012471076 ubox
140 146 0.004256283 ubox
140 147 0.049689349 ubox
140 164 0.008053171 ubox
140 170 0.004234486 ubox
140 190 0.004320844 ubox
140 194 0.004185006 ubox
140 198 0.017927473 ubox
140 203 0.006319899 ubox
140 204 0.334878261 ubox
140 207 0.020636969 ubox
140 278 0.012469472 ubox
141 145 0.003666784 ubox
141 146 0.048265771 ubox
141 149 0.019319121 ubox
141 152 0.013154282 ubox
141 163 0.009257699 ubox
141 169 0.004776762 ubox
141 189 0.004237874 ubox
141 193 0.004351344 ubox
141 197 0.073651862 ubox
141 202 0.004602614 ubox
141 203 0.326760486 ubox
141 206 0.020625136 ubox
141 277 0.012412959 ubox
142 148 0.019587281 ubox
142 151 0.013370257 ubox
142 162 0.009465151 ubox
142 167 0.029546439 ubox
142 168 0.005581776 ubox
142 196 0.204339951 ubox
142 205 0.017635509 ubox
142 237 0.007870737 ubox
143 161 0.009447779 ubox
143 166 0.029633992 ubox
143 167 0.005541455 ubox
143 195 0.204068341 ubox
143 199 0.147598890 ubox
143 236 0.007870473 ubox
144 165 0.028812915 ubox
144 189 0.009657237 ubox
144 197 0.079236669 ubox
144 198 0.131384529 ubox
144 202 0.024522564 ubox
145 188 0.006439501 ubox
145 192 0.197401425 ubox
145 196 0.102110781 ubox
145 200 0.056567640 ubox
145 201 0.024702032 ubox
145 235 0.007652955 ubox
146 162 0.028213210 ubox
146 191 0.199727857 ubox
146 195 0.104594372 ubox
146 196 0.081364900 ubox
146 199 0.059206089 ubox
146 234 0.007674084 ubox
147 161 0.028308682 ubox
147 188 0.305450987 ubox
147 191 0.007113612 ubox
147 195 0.058756885 ubox
148 160 0.028276521 ubox
148 163 0.011259900 ubox
148 184 0.006763245 ubox
148 187 0.333338531 ubox
148 194 0.022257470 ubox
148 197 0.004655353 ubox
148 233 0.010705768 ubox
149 162 0.011253888 ubox
149 166 0.008413169 ubox
149 183 0.007763293 ubox
149 186 0.334010675 ubox
149 196 0.004758088 ubox
149 232 0.011516107 ubox
150 158 0.026812934 ubox
150 159 0.008737235 ubox
150 165 0.008440867 ubox
150 182 0.006215330 ubox
150 185 0.332748558 ubox
150 231 0.011487385 ubox
151 157 0.027461730 ubox
151 158 0.007394075 ubox
151 163 0.006825191 ubox
151 164 0.007280976 ubox
151 182 0.075453726 ubox
151 184 0.325023686 ubox
152 162 0.008049633 ubox
152 181 0.081852670 ubox
152 183 0.324283858 ubox
152 229 0.011522760 ubox
153 180 0.088217071 ubox
153 182 0.322217302 ubox
153 228 0.011534538 ubox
154 162 0.004135050 ubox
154 179 0.094174794 ubox
154 181 0.319975152 ubox
154 227 0.011537897 ubox
155 161 0.003799480 ubox
155 168 0.008657746 ubox
155 178 0.095684176 ubox
155 226 0.011534983 ubox
156 161 0.003914400 ubox
156 162 0.009604046 ubox
156 167 0.010481680 ubox
156 168 0.005643449 ubox
156 225 0.011528781 ubox
157 161 0.009557648 ubox
157 166 0.010511116 ubox
157 167 0.005690069 ubox
157 179 0.140121120 ubox
157 224 0.011415053 ubox
158 166 0.005597984 ubox
158 178 0.130651358 ubox
158 179 0.026225780 ubox
158 201 0.007000794 ubox
159 178 0.030850793 ubox
159 200 0.008182603 ubox
160 171 0.328105846 ubox
160 173 0.018004682 ubox
160 199 0.008274926 ubox
160 208 0.008932436 ubox
160 221 0.008282736 ubox
161 170 0.330918422 ubox
161 172 0.003563885 ubox
161 175 0.046066241 ubox
161 198 0.008237097 ubox
161 204 0.003164656 ubox
161 207 0.009168787 ubox
161 220 0.007891216 ubox
162 169 0.330952429 ubox
162 172 0.007370974 ubox
162 174 0.046368615 ubox
162 180 0.004852146 ubox
162 197 0.008275433 ubox
162 203 0.003187884 ubox
162 206 0.009245526 ubox
162 216 0.004389725 ubox
163 168 0.329673090 ubox
163 171 0.007465053 ubox
163 173 0.046326824 ubox
163 179 0.004671780 ubox
163 196 0.008180997 ubox
163 205 0.009181176 ubox
163 215 0.004373284 ubox
164 179 0.004082945 ubox
164 195 0.008048925 ubox
164 218 0.005947700 ubox
165 171 0.035002501 ubox
165 176 0.003209487 ubox
165 178 0.004395829 ubox
165 217 0.005930055 ubox
166 170 0.034083849 ubox
166 172 0.005454321 ubox
166 175 0.003355364 ubox
166 177 0.004059654 ubox
166 194 0.007874500 ubox
166 204 0.005896176 ubox
166 216 0.005844423 ubox
167 175 0.006710086 ubox
167 193 0.007868849 ubox
167 198 0.011715492 ubox
167 203 0.005898218 ubox
167 210 0.005729310 ubox
168 174 0.006790142 ubox
168 197 0.032922746 ubox
168 209 0.005741050 ubox
169 173 0.006767898 ubox
169 196 0.034669450 ubox
169 208 0.005665887 ubox
170 191 0.006362849 ubox
170 195 0.034686273 ubox
171 189 0.005561719 ubox
171 190 0.006197300 ubox
171 194 0.034656477 ubox
171 206 0.005306698 ubox
172 176 0.003822753 ubox
172 178 0.008485658 ubox
172 179 0.006414187 ubox
172 188 0.008296163 ubox
172 205 0.005144628 ubox
173 177 0.007644444 ubox
173 180 0.003185780 ubox
173 187 0.008407116 ubox
173 193 0.034956490 ubox
173 204 0.005058768 ubox
174 179 0.003502430 ubox
174 186 0.006490132 ubox
174 192 0.034968973 ubox
174 200 0.004677169 ubox
175 181 0.004218449 ubox
175 183 0.004317744 ubox
175 186 0.005561845 ubox
175 191 0.034916596 ubox
175 199 0.004758120 ubox
176 180 0.003970872 ubox
176 182 0.004377008 ubox
176 184 0.005046234 ubox
176 185 0.005627521 ubox
176 189 0.006170017 ubox
176 198 0.004399609 ubox
177 181 0.004071392 ubox
177 183 0.005385175 ubox
177 186 0.003323781 ubox
177 188 0.006120035 ubox
178 182 0.004483388 ubox
178 185 0.003598258 ubox
179 187 0.013449642 ubox
179 189 0.066295795 ubox
179 220 0.007373730 ubox
179 391 0.008195084 ubox
180 186 0.013234486 ubox
180 188 0.068537684 ubox
180 195 0.004352903 ubox
180 219 0.007343245 ubox
180 390 0.009201434 ubox
181 185 0.005798378 ubox
181 187 0.068911405 ubox
181 189 0.012928997 ubox
181 190 0.005439616 ubox
181 194 0.004754465 ubox
182 186 0.063950857 ubox
182 188 0.014170428 ubox
182 191 0.004492875 ubox
182 217 0.007483649 ubox
182 388 0.010416067 ubox
183 187 0.014217201 ubox
183 189 0.004410445 ubox
183 190 0.010057257 ubox
183 193 0.014528669 ubox
183 202 0.004632269 ubox
183 216 0.007535644 ubox
183 220 0.003457231 ubox
183 387 0.010607318 ubox
184 188 0.007306074 ubox
184 192 0.018507319 ubox
184 201 0.004953980 ubox
184 215 0.007496000 ubox
184 218 0.011988375 ubox
184 386 0.007585619 ubox
185 191 0.033923864 ubox
185 200 0.005132197 ubox
185 214 0.007157244 ubox
185 217 0.025120296 ubox
185 386 0.024464559 ubox
186 190 0.047005199 ubox
186 216 0.027166077 ubox
186 385 0.028036936 ubox
187 199 0.004915047 ubox
187 215 0.027129756 ubox
187 384 0.028600546 ubox
187 392 0.006081637 ubox
188 197 0.038241332 ubox
188 198 0.004555253 ubox
188 202 0.011473046 ubox
188 212 0.003731917 ubox
188 383 0.027749296 ubox
188 391 0.006101619 ubox
189 196 0.050500366 ubox
189 200 0.185243218 ubox
189 201 0.011611809 ubox
189 211 0.003821091 ubox
189 390 0.006098166 ubox
190 195 0.053973175 ubox
190 199 0.190789982 ubox
190 208 0.009430082 ubox
190 381 0.028411763 ubox
190 384 0.005917825 ubox
190 389 0.005833638 ubox
191 198 0.180984131 ubox
191 207 0.009541430 ubox
191 380 0.028600795 ubox
191 383 0.006927265 ubox
192 197 0.151670024 ubox
192 379 0.027727245 ubox
192 382 0.007053406 ubox
193 381 0.006894798 ubox
194 205 0.033376626 ubox
194 208 0.032774652 ubox
195 203 0.003269685 ubox
195 204 0.036275959 ubox
195 207 0.033416657 ubox
195 246 0.003655544 ubox
195 374 0.025870873 ubox
195 375 0.006571972 ubox
195 379 0.007263319 ubox
195 380 0.003164456 ubox
195 434 0.004327418 ubox
196 202 0.010781623 ubox
196 203 0.036324579 ubox
196 206 0.033551820 ubox
196 245 0.003822921 ubox
196 373 0.026030917 ubox
196 374 0.006877656 ubox
196 378 0.009010988 ubox
196 433 0.004426482 ubox
197 201 0.011738092 ubox
197 205 0.029070888 ubox
197 244 0.004129791 ubox
197 372 0.025405239 ubox
197 377 0.008985484 ubox
197 432 0.004407236 ubox
198 205 0.067148891 ubox
198 208 0.011161024 ubox
198 211 0.011373312 ubox
198 221 0.003835755 ubox
198 243 0.004539029 ubox
198 284 0.003309682 ubox
198 369 0.105751828 ubox
198 371 0.014455655 ubox
198 376 0.005096014 ubox
198 431 0.004283386 ubox
199 204 0.110688409 ubox
199 207 0.024038043 ubox
199 210 0.014015389 ubox
199 216 0.003276768 ubox
199 220 0.006276817 ubox
199 242 0.004658363 ubox
199 283 0.003938111 ubox
199 347 0.003171734 ubox
199 368 0.137690551 ubox
199 403 0.004446973 ubox
199 404 0.011768866 ubox
199 430 0.010575143 ubox
199 435 0.004683868 ubox
200 222 0.003812483 ubox
200 223 0.004336735 ubox
200 282 0.003767778 ubox
200 367 0.138287690 ubox
200 402 0.005124781 ubox
200 403 0.011742476 ubox
200 435 0.003823832 ubox
201 212 0.007503927 ubox
201 222 0.005410662 ubox
201 366 0.138427983 ubox
201 401 0.005186441 ubox
201 402 0.010700395 ubox
201 435 0.003803435 ubox
202 211 0.008044176 ubox
202 219 0.041945610 ubox
202 221 0.004089189 ubox
202 226 0.048671524 ubox
202 235 0.017885303 ubox
202 238 0.010979450 ubox
202 365 0.138432652 ubox
202 400 0.004564973 ubox
202 432 0.091418903 ubox
203 218 0.044521886 ubox
203 225 0.050068449 ubox
203 230 0.017363879 ubox
203 234 0.018513841 ubox
203 237 0.011443521 ubox
203 364 0.138566635 ubox
203 431 0.099401898 ubox
204 221 0.009089387 ubox
204 224 0.050094237 ubox
204 229 0.017419213 ubox
204 232 0.028728328 ubox
204 234 0.004067402 ubox
204 236 0.011400438 ubox
204 363 0.138542673 ubox
204 400 0.009850418 ubox
204 426 0.006033245 ubox
204 428 0.626253064 ubox
204 431 0.087818871 ubox
205 216 0.082977730 ubox
205 220 0.009372491 ubox
205 222 0.010616912 ubox
205 223 0.046565757 ubox
205 228 0.017373915 ubox
205 231 0.034751310 ubox
205 233 0.004667348 ubox
205 360 0.005387910 ubox
205 362 0.136491737 ubox
205 399 0.009847011 ubox
205 424 0.004930024 ubox
205 425 0.004667657 ubox
205 427 0.634922489 ubox
205 429 0.314509203 ubox
205 430 0.116911480 ubox
206 215 0.083955879 ubox
206 221 0.014332776 ubox
206 225 0.006808312 ubox
206 227 0.017337432 ubox
206 230 0.036377643 ubox
206 232 0.003432902 ubox
206 359 0.008312845 ubox
206 364 0.003302023 ubox
206 423 0.004934159 ubox
206 426 0.633243579 ubox
206 428 0.230965894 ubox
207 221 0.044991240 ubox
207 224 0.006879987 ubox
207 229 0.036379622 ubox
207 232 0.014816713 ubox
207 359 0.077205956 ubox
207 363 0.003447373 ubox
207 423 0.007518361 ubox
207 426 0.062247663 ubox
207 428 0.577314453 ubox
207 431 0.022466411 ubox
208 216 0.109879738 ubox
208 220 0.042794152 ubox
208 222 0.009435441 ubox
208 223 0.005095207 ubox
208 228 0.036014010 ubox
208 231 0.017091702 ubox
208 358 0.076805342 ubox
208 360 0.045825959 ubox
208 362 0.003697446 ubox
208 396 0.006071442 ubox
208 399 0.003290730 ubox
208 422 0.005675946 ubox
208 424 0.616482706 ubox
208 425 0.057868816 ubox
208 427 0.623821411 ubox
208 429 0.165237956 ubox
208 430 0.008584098 ubox
209 215 0.110626242 ubox
209 221 0.010094598 ubox
209 225 0.030150760 ubox
209 227 0.035156497 ubox
209 230 0.017634245 ubox
209 359 0.046496062 ubox
209 395 0.006042120 ubox
209 423 0.602272803 ubox
209 426 0.606583240 ubox
209 428 0.167853327 ubox
210 224 0.032027838 ubox
210 229 0.017652690 ubox
210 300 0.034755326 ubox
210 303 0.008441794 ubox
210 414 0.003374209 ubox
210 423 0.109176903 ubox
210 426 0.212389040 ubox
210 431 0.018474002 ubox
211 222 0.005839453 ubox
211 223 0.030118760 ubox
211 228 0.017540139 ubox
211 299 0.034934015 ubox
211 302 0.008457626 ubox
211 357 0.033800582 ubox
211 360 0.006961805 ubox
211 413 0.003358201 ubox
211 422 0.122781069 ubox
211 425 0.249094261 ubox
211 430 0.018668683 ubox
212 221 0.007059032 ubox
212 224 0.017710310 ubox
212 227 0.016152456 ubox
212 298 0.033108754 ubox
212 301 0.008029259 ubox
212 307 0.008890643 ubox
212 356 0.033245678 ubox
212 359 0.006932716 ubox
212 423 0.517425083 ubox
212 426 0.015350666 ubox
212 431 0.008447606 ubox
213 223 0.017016316 ubox
213 306 0.010608009 ubox
213 353 0.077955877 ubox
213 354 0.017879761 ubox
213 403 0.003244802 ubox
213 422 0.804102787 ubox
213 425 0.027753933 ubox
213 430 0.011791575 ubox
214 222 0.015574676 ubox
214 223 0.046836803 ubox
214 296 0.036234452 ubox
214 306 0.007373727 ubox
214 352 0.081788743 ubox
214 353 0.018209123 ubox
214 354 0.010914576 ubox
214 402 0.003675149 ubox
214 421 0.832249250 ubox
214 422 0.015431715 ubox
214 425 0.354548594 ubox
214 430 0.007717862 ubox
215 222 0.059544935 ubox
215 290 0.006247609 ubox
215 295 0.037674930 ubox
215 304 0.099765165 ubox
215 305 0.007115609 ubox
215 344 0.005406121 ubox
215 351 0.081683486 ubox
215 352 0.017355384 ubox
215 353 0.008898358 ubox
215 360 0.008068537 ubox
215 401 0.003798131 ubox
215 420 0.836147175 ubox
215 421 0.004484080 ubox
215 424 0.364621857 ubox
215 427 0.099688340 ubox
215 429 0.007754013 ubox
216 221 0.060763169 ubox
216 224 0.022325344 ubox
216 289 0.007132676 ubox
216 291 0.014388552 ubox
216 294 0.037381025 ubox
216 303 0.100487865 ubox
216 343 0.005470365 ubox
216 350 0.081099616 ubox
216 359 0.008304041 ubox
216 400 0.003784486 ubox
216 414 0.007648188 ubox
216 419 0.834340468 ubox
216 423 0.364612601 ubox
216 426 0.100295323 ubox
216 428 0.007412885 ubox
216 431 0.004759490 ubox
217 223 0.021999844 ubox
217 286 0.007652523 ubox
217 290 0.014937442 ubox
217 296 0.012604750 ubox
217 302 0.099863010 ubox
217 346 0.012972261 ubox
217 352 0.006378785 ubox
217 353 0.008002993 ubox
217 354 0.035008521 ubox
217 402 0.004023168 ubox
217 403 0.103534269 ubox
217 409 0.005544006 ubox
217 413 0.009223145 ubox
217 421 0.032050597 ubox
217 422 0.357970666 ubox
217 425 0.100335870 ubox
217 430 0.005177279 ubox
218 222 0.014586341 ubox
218 250 0.004812849 ubox
218 283 0.003212927 ubox
218 285 0.009659213 ubox
218 295 0.027493498 ubox
218 305 0.006909505 ubox
218 341 0.005597663 ubox
218 345 0.013097486 ubox
218 347 0.022822783 ubox
218 351 0.004301926 ubox
218 352 0.007979293 ubox
218 353 0.043214244 ubox
218 354 0.028574664 ubox
218 355 0.031213665 ubox
218 358 0.007033160 ubox
218 361 0.092569056 ubox
218 401 0.003514131 ubox
218 402 0.124091284 ubox
218 403 0.005179975 ubox
218 404 0.007449106 ubox
218 408 0.005471892 ubox
218 410 0.012431353 ubox
218 420 0.044114580 ubox
218 421 0.284468317 ubox
218 422 0.045460069 ubox
218 424 0.099678946 ubox
218 429 0.005323602 ubox
219 228 0.005614532 ubox
219 249 0.004712262 ubox
219 290 0.042769418 ubox
219 340 0.006033217 ubox
219 346 0.021826118 ubox
219 352 0.044466515 ubox
219 353 0.031699320 ubox
219 354 0.030274145 ubox
219 357 0.006838163 ubox
219 360 0.092863170 ubox
219 401 0.128215550 ubox
219 402 0.004139005 ubox
219 403 0.005681547 ubox
219 409 0.012297350 ubox
219 421 0.074087661 ubox
220 227 0.006434765 ubox
220 279 0.003416574 ubox
220 289 0.047013327 ubox
220 291 0.010250982 ubox
220 294 0.046071528 ubox
220 300 0.124684338 ubox
220 303 0.014833576 ubox
220 339 0.006135378 ubox
220 343 0.008031326 ubox
220 359 0.092886244 ubox
220 400 0.129493675 ubox
220 414 0.463037347 ubox
220 423 0.056436124 ubox
220 428 0.005674698 ubox
221 277 0.005374961 ubox
221 278 0.003281827 ubox
221 285 0.048231485 ubox
221 290 0.009076417 ubox
221 293 0.046570437 ubox
221 299 0.125827250 ubox
221 302 0.014842076 ubox
221 338 0.006124901 ubox
221 342 0.007965176 ubox
221 344 0.010073948 ubox
221 351 0.092821370 ubox
221 358 0.082816866 ubox
221 399 0.129250234 ubox
221 407 0.013045232 ubox
221 413 0.452267295 ubox
221 416 0.207031205 ubox
221 420 0.367097214 ubox
221 422 0.015834382 ubox
221 427 0.005645349 ubox
222 276 0.005562759 ubox
222 284 0.045331615 ubox
222 288 0.032955305 ubox
222 289 0.004609337 ubox
222 292 0.045411579 ubox
222 298 0.126533931 ubox
222 301 0.014856667 ubox
222 337 0.005444410 ubox
222 343 0.008940514 ubox
222 350 0.097570401 ubox
222 356 0.007192259 ubox
222 398 0.110644378 ubox
222 406 0.009399402 ubox
222 412 0.319771193 ubox
222 415 0.201415405 ubox
222 419 0.368954384 ubox
222 426 0.004877668 ubox
223 247 0.009453970 ubox
223 254 0.004478555 ubox
223 275 0.004542814 ubox
223 284 0.099697565 ubox
223 287 0.035317126 ubox
223 288 0.003864115 ubox
223 291 0.037822826 ubox
223 297 0.126189621 ubox
223 300 0.013048133 ubox
223 343 0.003163011 ubox
223 349 0.128250789 ubox
223 356 0.070306404 ubox
223 398 0.041222918 ubox
223 406 0.025876475 ubox
223 412 0.751621996 ubox
223 414 0.113538241 ubox
223 418 0.368618591 ubox
224 246 0.010212385 ubox
224 250 0.003267240 ubox
224 251 0.114942257 ubox
224 252 0.005820447 ubox
224 253 0.003421773 ubox
224 278 0.003764052 ubox
224 281 0.013338077 ubox
224 282 0.092837497 ubox
224 283 0.109215428 ubox
224 286 0.034420723 ubox
224 290 0.022308266 ubox
224 293 0.004141778 ubox
224 296 0.125677182 ubox
224 299 0.007543535 ubox
224 305 0.008976251 ubox
224 342 0.004176886 ubox
224 345 0.003732739 ubox
224 348 0.130822831 ubox
224 354 0.005991138 ubox
224 355 0.072131445 ubox
224 397 0.058225356 ubox
224 405 0.028964477 ubox
224 408 0.008017730 ubox
224 409 0.011485026 ubox
224 410 0.022145650 ubox
224 411 0.837561305 ubox
224 413 0.009148989 ubox
224 417 0.368802132 ubox
225 245 0.009903590 ubox
225 246 0.006548325 ubox
225 250 0.142656494 ubox
225 277 0.003538200 ubox
225 280 0.011444996 ubox
225 281 0.127024454 ubox
225 282 0.096388088 ubox
225 283 0.125119324 ubox
225 285 0.029005373 ubox
225 295 0.124287838 ubox
225 304 0.009027108 ubox
225 305 0.003499185 ubox
225 341 0.003389307 ubox
225 344 0.003315964 ubox
225 347 0.130720221 ubox
225 353 0.016382868 ubox
225 354 0.060760653 ubox
225 355 0.005886986 ubox
225 396 0.044590602 ubox
225 404 0.028960380 ubox
225 407 0.007948855 ubox
225 408 0.014417635 ubox
225 409 0.019397582 ubox
225 410 0.837794905 ubox
225 416 0.366535521 ubox
226 245 0.006423429 ubox
226 249 0.143894973 ubox
226 282 0.131028713 ubox
226 286 0.014171097 ubox
226 296 0.007804756 ubox
226 346 0.126531789 ubox
226 352 0.022246917 ubox
226 353 0.052812009 ubox
226 354 0.006389634 ubox
226 403 0.027870445 ubox
226 409 0.834424620 ubox
226 421 0.003202016 ubox
227 242 0.044797676 ubox
227 248 0.144407529 ubox
227 277 0.003211302 ubox
227 280 0.397269294 ubox
227 281 0.095352382 ubox
227 285 0.016094609 ubox
227 293 0.043127304 ubox
227 295 0.008620884 ubox
227 344 0.008991067 ubox
227 345 0.071097761 ubox
227 351 0.026327030 ubox
227 352 0.015593057 ubox
227 399 0.022495301 ubox
227 402 0.004810320 ubox
227 407 0.582557901 ubox
227 408 0.588971383 ubox
227 413 0.314210253 ubox
227 416 0.031067199 ubox
227 420 0.003240859 ubox
228 241 0.045522858 ubox
228 247 0.144762518 ubox
228 276 0.003203435 ubox
228 279 0.415018220 ubox
228 284 0.015714574 ubox
228 287 0.016706823 ubox
228 289 0.004791078 ubox
228 291 0.003627620 ubox
228 292 0.042004687 ubox
228 294 0.008537053 ubox
228 297 0.005000729 ubox
228 343 0.012187832 ubox
228 349 0.031952633 ubox
228 350 0.018299913 ubox
228 398 0.026918899 ubox
228 406 0.821008079 ubox
228 412 0.314917488 ubox
228 415 0.058294582 ubox
228 418 0.003896663 ubox
229 240 0.045673779 ubox
229 246 0.144819970 ubox
229 251 0.006354900 ubox
229 278 0.421882735 ubox
229 281 0.034781405 ubox
229 283 0.011679708 ubox
229 286 0.017252629 ubox
229 290 0.008616332 ubox
229 293 0.008312516 ubox
229 296 0.005352886 ubox
229 342 0.010633509 ubox
229 345 0.013608338 ubox
229 348 0.035762075 ubox
229 352 0.008913817 ubox
229 397 0.027038604 ubox
229 404 0.012472735 ubox
229 405 0.824421392 ubox
229 408 0.055330745 ubox
229 410 0.004481312 ubox
229 411 0.314522730 ubox
229 417 0.004430975 ubox
230 239 0.045833803 ubox
230 242 0.007402529 ubox
230 245 0.142796845 ubox
230 250 0.009346880 ubox
230 277 0.422092170 ubox
230 280 0.036380377 ubox
230 281 0.004290289 ubox
230 282 0.008679699 ubox
230 285 0.016661259 ubox
230 290 0.022164411 ubox
230 295 0.005591439 ubox
230 341 0.005961648 ubox
230 344 0.014974860 ubox
230 347 0.035706507 ubox
230 351 0.010444809 ubox
230 396 0.026615250 ubox
230 399 0.015213737 ubox
230 401 0.004490404 ubox
230 403 0.011822555 ubox
230 404 0.821905207 ubox
230 407 0.062624279 ubox
230 408 0.005917487 ubox
230 409 0.005258703 ubox
230 410 0.313376758 ubox
230 413 0.073238859 ubox
230 416 0.004440311 ubox
231 238 0.045497004 ubox
231 241 0.007984897 ubox
231 243 0.114021938 ubox
231 244 0.104709137 ubox
231 247 0.003962826 ubox
231 254 0.003223686 ubox
231 274 0.019280345 ubox
231 276 0.409620171 ubox
231 279 0.036847835 ubox
231 284 0.015481810 ubox
231 287 0.203091802 ubox
231 289 0.020086469 ubox
231 291 0.003499926 ubox
231 292 0.003440875 ubox
231 294 0.005632340 ubox
231 343 0.014827926 ubox
231 349 0.138155634 ubox
231 350 0.009914617 ubox
231 395 0.022787652 ubox
231 398 0.026578986 ubox
231 400 0.141732754 ubox
231 406 0.063550975 ubox
231 412 0.073916586 ubox
231 415 0.004151735 ubox
232 239 0.022363864 ubox
232 240 0.004043881 ubox
232 242 0.150788376 ubox
232 246 0.004120850 ubox
232 248 0.049963788 ubox
232 253 0.003285270 ubox
232 273 0.025105206 ubox
232 277 0.018543464 ubox
232 278 0.036163011 ubox
232 280 0.014963481 ubox
232 283 0.013417146 ubox
232 285 0.814542514 ubox
232 286 0.049461802 ubox
232 293 0.005112220 ubox
232 342 0.013848263 ubox
232 344 0.012476149 ubox
232 348 0.143598991 ubox
232 351 0.004026931 ubox
232 357 0.003596990 ubox
232 397 0.023087309 ubox
232 399 0.145724270 ubox
232 401 0.016688595 ubox
232 405 0.058824326 ubox
232 407 0.187411585 ubox
232 411 0.073946129 ubox
233 238 0.022395895 ubox
233 241 0.150671208 ubox
233 243 0.019464991 ubox
233 244 0.003395658 ubox
233 247 0.054076544 ubox
233 254 0.032981953 ubox
233 274 0.373727726 ubox
233 276 0.018256385 ubox
233 279 0.014773207 ubox
233 284 0.825723513 ubox
233 292 0.003555072 ubox
233 343 0.012400172 ubox
233 349 0.018028576 ubox
233 350 0.003858256 ubox
233 356 0.003823459 ubox
233 398 0.140536128 ubox
233 400 0.014882937 ubox
233 406 0.186433371 ubox
233 412 0.003225668 ubox
234 240 0.145212430 ubox
234 242 0.021280274 ubox
234 246 0.054739763 ubox
234 249 0.005114020 ubox
234 250 0.017114878 ubox
234 252 0.021824615 ubox
234 253 0.039677436 ubox
234 270 0.131445008 ubox
234 273 0.413168031 ubox
234 278 0.011303554 ubox
234 283 0.827668082 ubox
234 342 0.012092610 ubox
234 347 0.161905614 ubox
234 348 0.013559388 ubox
234 355 0.003845288 ubox
234 397 0.132795431 ubox
234 399 0.016878923 ubox
234 402 0.005543620 ubox
234 403 0.007786039 ubox
234 404 0.046068667 ubox
234 405 0.181459100 ubox
234 410 0.075177076 ubox
235 245 0.053887007 ubox
235 248 0.009252371 ubox
235 249 0.019674711 ubox
235 251 0.055540357 ubox
235 252 0.062081866 ubox
235 253 0.003465229 ubox
235 269 0.136482873 ubox
235 272 0.418845727 ubox
235 273 0.003710145 ubox
235 282 0.827860520 ubox
235 341 0.010872159 ubox
235 346 0.165562708 ubox
235 354 0.003662146 ubox
235 401 0.005831374 ubox
235 402 0.008791152 ubox
235 403 0.049246500 ubox
235 409 0.077438073 ubox
236 246 0.009793684 ubox
236 248 0.018166138 ubox
236 250 0.061062250 ubox
236 251 0.073531593 ubox
236 252 0.003733269 ubox
236 268 0.137454573 ubox
236 271 0.419716896 ubox
236 278 0.015788848 ubox
236 281 0.827996982 ubox
236 285 0.003245170 ubox
236 340 0.007578014 ubox
236 342 0.006504103 ubox
236 345 0.166114071 ubox
236 346 0.004433727 ubox
236 347 0.003903965 ubox
236 348 0.044314095 ubox
236 362 0.006132578 ubox
236 397 0.011680151 ubox
236 401 0.007552816 ubox
236 402 0.041248598 ubox
236 403 0.112062994 ubox
236 404 0.113755577 ubox
236 405 0.048983484 ubox
236 408 0.077460362 ubox
237 245 0.007419138 ubox
237 246 0.063644155 ubox
237 249 0.058833482 ubox
237 250 0.078891933 ubox
237 252 0.004473486 ubox
237 267 0.137466220 ubox
237 270 0.419635586 ubox
237 277 0.016720034 ubox
237 280 0.826093593 ubox
237 341 0.006898669 ubox
237 344 0.164436618 ubox
237 345 0.005029176 ubox
237 347 0.044647926 ubox
237 361 0.006212417 ubox
237 396 0.011224601 ubox
237 401 0.027736198 ubox
237 402 0.127758640 ubox
237 403 0.107275330 ubox
237 404 0.051912654 ubox
237 407 0.077244647 ubox
238 245 0.075238578 ubox
238 248 0.057343628 ubox
238 249 0.077800805 ubox
238 251 0.019873137 ubox
238 252 0.015451586 ubox
238 265 0.007974422 ubox
238 266 0.133658687 ubox
238 269 0.404778438 ubox
238 290 0.012133076 ubox
238 340 0.011422171 ubox
238 341 0.004316918 ubox
238 346 0.042296233 ubox
238 360 0.006202106 ubox
238 401 0.132571591 ubox
238 402 0.095866113 ubox
238 403 0.050434234 ubox
239 255 0.031218981 ubox
239 256 0.007743698 ubox
239 258 0.003305382 ubox
239 262 0.030800285 ubox
239 289 0.014009462 ubox
239 339 0.011396681 ubox
239 350 0.003447150 ubox
239 359 0.006107845 ubox
239 395 0.007012541 ubox
239 400 0.133892082 ubox
240 254 0.036484365 ubox
240 255 0.007565690 ubox
240 257 0.003184010 ubox
240 261 0.030243877 ubox
240 274 0.073306710 ubox
240 287 0.006138243 ubox
240 288 0.012961020 ubox
240 291 0.003426393 ubox
240 297 0.003322281 ubox
240 394 0.005649556 ubox
241 253 0.037582351 ubox
241 260 0.024505704 ubox
241 273 0.075709212 ubox
241 286 0.006730902 ubox
241 290 0.004959194 ubox
241 296 0.003683508 ubox
241 340 0.065977007 ubox
241 401 0.061078729 ubox
242 261 0.068472316 ubox
242 289 0.005254348 ubox
242 291 0.005530749 ubox
242 300 0.003898682 ubox
242 303 0.025214271 ubox
242 337 0.007841817 ubox
242 339 0.066356932 ubox
242 400 0.062789266 ubox
243 249 0.073113089 ubox
243 252 0.082372187 ubox
243 253 0.072116911 ubox
243 260 0.052941782 ubox
243 266 0.051333732 ubox
243 273 0.061687425 ubox
243 290 0.005520102 ubox
243 299 0.003722687 ubox
243 302 0.018300417 ubox
243 336 0.006651151 ubox
243 341 0.005376510 ubox
243 402 0.012055897 ubox
244 248 0.061192668 ubox
244 251 0.089734254 ubox
244 252 0.089441352 ubox
244 260 0.125259741 ubox
244 265 0.053348046 ubox
244 272 0.034848968 ubox
244 302 0.093725489 ubox
244 340 0.005363108 ubox
244 401 0.013799714 ubox
245 256 0.014551948 ubox
245 257 0.024347846 ubox
245 259 0.135453253 ubox
245 262 0.362709025 ubox
245 264 0.039529979 ubox
245 292 0.081431075 ubox
245 301 0.106220993 ubox
245 339 0.004831252 ubox
245 393 0.008093049 ubox
245 400 0.013111152 ubox
245 415 0.006282296 ubox
246 255 0.017231542 ubox
246 256 0.024430010 ubox
246 258 0.134798309 ubox
246 261 0.402028951 ubox
246 291 0.086119775 ubox
246 300 0.107170630 ubox
246 303 0.010681036 ubox
246 337 0.006864523 ubox
246 392 0.008305065 ubox
246 414 0.006861771 ubox
247 260 0.397257572 ubox
247 290 0.085843758 ubox
247 299 0.106873182 ubox
247 302 0.010806140 ubox
247 336 0.005113470 ubox
247 391 0.008236962 ubox
247 413 0.006825029 ubox
248 255 0.016260143 ubox
248 256 0.025846900 ubox
248 257 0.116101213 ubox
248 258 0.158703114 ubox
248 259 0.308057694 ubox
248 275 0.031165825 ubox
248 276 0.066677416 ubox
248 289 0.076420994 ubox
248 292 0.015988493 ubox
248 298 0.105043122 ubox
248 301 0.010577685 ubox
248 390 0.007532063 ubox
248 412 0.006425754 ubox
249 254 0.017750215 ubox
249 255 0.022089334 ubox
249 256 0.119313217 ubox
249 257 0.226200958 ubox
249 258 0.188909587 ubox
249 259 0.213994463 ubox
249 262 0.004052154 ubox
249 274 0.027902975 ubox
249 275 0.064115231 ubox
249 288 0.048900584 ubox
249 291 0.017151447 ubox
249 292 0.044301765 ubox
249 297 0.088856366 ubox
249 300 0.009416832 ubox
249 301 0.003754316 ubox
249 389 0.006283148 ubox
249 390 0.003573794 ubox
250 255 0.120850592 ubox
250 256 0.246642840 ubox
250 258 0.288388640 ubox
250 261 0.004342988 ubox
250 289 0.052135953 ubox
250 291 0.047549205 ubox
250 300 0.004304063 ubox
250 389 0.004768626 ubox
251 255 0.218935020 ubox
251 257 0.286582359 ubox
251 258 0.008589709 ubox
251 259 0.005463269 ubox
251 275 0.288831361 ubox
251 276 0.426257086 ubox
251 288 0.045476253 ubox
251 289 0.089071181 ubox
251 298 0.003868641 ubox
251 388 0.004101244 ubox
252 256 0.249313007 ubox
252 257 0.015243193 ubox
252 258 0.006868888 ubox
252 259 0.004894440 ubox
252 274 0.276309611 ubox
252 275 0.476284962 ubox
252 276 0.066728557 ubox
252 287 0.035216224 ubox
252 288 0.153313892 ubox
252 289 0.005018591 ubox
252 297 0.003611362 ubox
252 298 0.003907360 ubox
252 415 0.005623020 ubox
253 257 0.007338621 ubox
253 258 0.005496827 ubox
253 274 0.475947484 ubox
253 275 0.065941135 ubox
253 287 0.174524616 ubox
253 288 0.006126164 ubox
253 297 0.004191173 ubox
253 349 0.004461407 ubox
253 414 0.006140592 ubox
254 269 0.110753635 ubox
254 272 0.756559339 ubox
254 273 0.371203918 ubox
254 282 0.004611358 ubox
254 286 0.178819446 ubox
254 296 0.003625230 ubox
254 346 0.004931997 ubox
254 413 0.006179666 ubox
255 267 0.004303805 ubox
255 268 0.133986668 ubox
255 269 0.008221967 ubox
255 270 0.005940566 ubox
255 271 0.838273074 ubox
255 272 0.222058884 ubox
255 278 0.008600787 ubox
255 281 0.005234571 ubox
255 285 0.179293449 ubox
255 286 0.012545517 ubox
255 345 0.005485342 ubox
255 348 0.035956664 ubox
255 405 0.020139370 ubox
255 411 0.013056542 ubox
256 266 0.004460401 ubox
256 267 0.134160327 ubox
256 268 0.010956682 ubox
256 269 0.005501018 ubox
256 270 0.839525384 ubox
256 271 0.218984742 ubox
256 272 0.003456856 ubox
256 273 0.035093266 ubox
256 277 0.008624218 ubox
256 280 0.005204104 ubox
256 283 0.148393706 ubox
256 285 0.015572354 ubox
256 344 0.005350442 ubox
256 347 0.036227431 ubox
256 404 0.020500926 ubox
256 410 0.013132418 ubox
257 265 0.007285020 ubox
257 266 0.132694676 ubox
257 269 0.839091190 ubox
257 272 0.039572204 ubox
257 282 0.148556981 ubox
257 286 0.003608659 ubox
257 346 0.036117231 ubox
257 403 0.020485168 ubox
257 409 0.013131797 ubox
258 265 0.087571061 ubox
258 266 0.025495878 ubox
258 267 0.335421265 ubox
258 268 0.762639980 ubox
258 270 0.212550031 ubox
258 271 0.040465092 ubox
258 281 0.145275616 ubox
258 283 0.104257628 ubox
258 285 0.004171361 ubox
258 342 0.004402632 ubox
258 345 0.034563453 ubox
258 347 0.004731744 ubox
258 402 0.020367363 ubox
258 408 0.013060963 ubox
259 265 0.070534283 ubox
259 266 0.462160299 ubox
259 269 0.209011994 ubox
259 272 0.003851007 ubox
259 282 0.102975380 ubox
259 341 0.004280547 ubox
259 346 0.004702840 ubox
259 401 0.020179004 ubox
260 264 0.070010926 ubox
260 279 0.138851781 ubox
260 343 0.005618492 ubox
260 398 0.007317637 ubox
260 400 0.018814242 ubox
260 406 0.012692870 ubox
261 267 0.182812377 ubox
261 268 0.224048461 ubox
261 269 0.009844260 ubox
261 270 0.008256415 ubox
261 271 0.011971628 ubox
261 272 0.006113248 ubox
261 278 0.145333179 ubox
261 281 0.118107822 ubox
261 305 0.019382127 ubox
261 342 0.005640839 ubox
261 345 0.009234717 ubox
261 397 0.009152246 ubox
261 399 0.016062271 ubox
261 405 0.012896913 ubox
262 266 0.119124251 ubox
262 267 0.224797875 ubox
262 268 0.014430021 ubox
262 269 0.007003829 ubox
262 270 0.012164805 ubox
262 271 0.007810736 ubox
262 277 0.144494348 ubox
262 280 0.119988225 ubox
262 304 0.019768688 ubox
262 338 0.004446014 ubox
262 341 0.003750445 ubox
262 344 0.010223932 ubox
262 396 0.009303288 ubox
262 404 0.012855586 ubox
263 279 0.119943144 ubox
263 303 0.019793869 ubox
263 337 0.004455632 ubox
263 343 0.010158436 ubox
263 395 0.009195914 ubox
264 302 0.019696726 ubox
264 336 0.003307120 ubox
265 275 0.030098223 ubox
265 276 0.039686607 ubox
265 301 0.017416586 ubox
265 394 0.005118769 ubox
266 274 0.029029451 ubox
266 275 0.043583362 ubox
266 300 0.015302581 ubox
266 301 0.004223662 ubox
266 393 0.005160131 ubox
267 300 0.005823438 ubox
267 392 0.005123341 ubox
269 292 0.005704166 ubox
269 301 0.008877825 ubox
269 390 0.004652032 ubox
270 291 0.006797665 ubox
270 300 0.010221417 ubox
270 389 0.004685864 ubox
271 289 0.022451489 ubox
272 288 0.023673129 ubox
272 298 0.016002727 ubox
272 301 0.016268173 ubox
273 287 0.024320042 ubox
273 297 0.021247894 ubox
273 300 0.021710140 ubox
273 303 0.005390866 ubox
274 286 0.023731013 ubox
274 296 0.021855249 ubox
274 299 0.021434794 ubox
274 302 0.005759034 ubox
274 403 0.020762899 ubox
275 341 0.004844234 ubox
275 367 0.003410851 ubox
275 402 0.025271588 ubox
275 403 0.007486921 ubox
276 290 0.008710428 ubox
276 340 0.005566822 ubox
276 366 0.003923221 ubox
276 401 0.026614946 ubox
276 402 0.008033633 ubox
277 289 0.009832556 ubox
277 339 0.004968718 ubox
277 364 0.004864563 ubox
277 365 0.003921660 ubox
277 400 0.024769722 ubox
278 291 0.052218095 ubox
278 294 0.048848231 ubox
278 300 0.012021952 ubox
278 303 0.005447429 ubox
278 339 0.006768191 ubox
278 343 0.007417775 ubox
278 363 0.004998365 ubox
278 364 0.003818116 ubox
278 400 0.019314280 ubox
279 290 0.056790833 ubox
279 293 0.051041190 ubox
279 295 0.236954340 ubox
279 304 0.036943999 ubox
279 338 0.007467702 ubox
279 342 0.007007673 ubox
279 344 0.004210161 ubox
279 351 0.004167731 ubox
279 362 0.005000491 ubox
279 396 0.008030320 ubox
279 399 0.021811928 ubox
279 401 0.005956613 ubox
280 289 0.057300168 ubox
280 294 0.241551834 ubox
280 303 0.037634642 ubox
280 337 0.007359899 ubox
280 343 0.004224250 ubox
280 350 0.004137415 ubox
280 395 0.007978184 ubox
280 400 0.006446908 ubox
281 289 0.029832988 ubox
281 350 0.006758357 ubox
282 288 0.030665295 ubox
282 292 0.372100829 ubox
282 301 0.063634441 ubox
282 349 0.007015325 ubox
282 415 0.018810706 ubox
283 291 0.390098026 ubox
283 300 0.067037548 ubox
283 303 0.014414427 ubox
283 414 0.019856753 ubox
284 290 0.389441682 ubox
284 299 0.064657202 ubox
284 302 0.014056327 ubox
284 401 0.007158152 ubox
284 413 0.018691817 ubox
285 289 0.383690217 ubox
285 350 0.017385298 ubox
285 400 0.008174398 ubox
286 297 0.049790525 ubox
286 300 0.011507147 ubox
286 303 0.003258546 ubox
286 349 0.022852243 ubox
287 296 0.043164134 ubox
287 299 0.011210021 ubox
287 302 0.003597549 ubox
287 353 0.090115106 ubox
287 354 0.007130266 ubox
287 402 0.020556963 ubox
287 403 0.014824923 ubox
288 296 0.073892781 ubox
288 306 0.009080990 ubox
288 311 0.004578348 ubox
288 346 0.151793194 ubox
288 352 0.121999392 ubox
288 353 0.006459578 ubox
288 401 0.022812387 ubox
288 402 0.015925737 ubox
288 403 0.007665316 ubox
288 409 0.010403748 ubox
289 295 0.085850314 ubox
289 299 0.012993023 ubox
289 302 0.008570596 ubox
289 304 0.022197005 ubox
289 305 0.011326085 ubox
289 308 0.004844420 ubox
289 310 0.006032031 ubox
289 344 0.765938870 ubox
289 345 0.126254352 ubox
289 351 0.129725784 ubox
289 357 0.012831336 ubox
289 396 0.003210325 ubox
289 399 0.070933704 ubox
289 401 0.010659431 ubox
289 402 0.004866143 ubox
289 407 0.035346650 ubox
289 408 0.009624880 ubox
290 294 0.079701576 ubox
290 297 0.010472100 ubox
290 298 0.013709531 ubox
290 301 0.009036883 ubox
290 303 0.022008047 ubox
290 307 0.005703315 ubox
290 309 0.006145134 ubox
290 343 0.774118759 ubox
290 349 0.113421871 ubox
290 350 0.122688908 ubox
290 356 0.013347902 ubox
290 398 0.070347698 ubox
290 400 0.008985452 ubox
290 406 0.035522425 ubox
291 296 0.010460759 ubox
291 302 0.013097871 ubox
291 306 0.006014445 ubox
291 308 0.006118949 ubox
291 341 0.140517710 ubox
291 342 0.772646104 ubox
291 347 0.367375529 ubox
291 348 0.097912614 ubox
291 355 0.013388347 ubox
291 361 0.005017188 ubox
291 397 0.067672346 ubox
291 399 0.009614471 ubox
291 402 0.033531322 ubox
291 403 0.003767315 ubox
291 404 0.006452539 ubox
291 405 0.033611897 ubox
292 340 0.565817270 ubox
292 341 0.546877643 ubox
292 346 0.372700076 ubox
292 354 0.012893803 ubox
292 360 0.005073251 ubox
292 401 0.043600195 ubox
292 402 0.003706755 ubox
292 403 0.007715919 ubox
293 300 0.060059012 ubox
293 303 0.029207334 ubox
293 331 0.003672083 ubox
293 339 0.786867507 ubox
293 343 0.063823303 ubox
293 359 0.005087199 ubox
293 400 0.045110862 ubox
294 299 0.042371422 ubox
294 302 0.023644603 ubox
294 304 0.119846664 ubox
294 313 0.008168069 ubox
294 330 0.003640011 ubox
294 338 0.787623727 ubox
294 340 0.016054372 ubox
294 342 0.063409065 ubox
294 344 0.454804989 ubox
294 351 0.013885953 ubox
294 358 0.004420374 ubox
294 396 0.004498353 ubox
294 399 0.041138768 ubox
294 401 0.003568306 ubox
295 303 0.125021374 ubox
295 312 0.008138856 ubox
295 329 0.003616760 ubox
295 337 0.785788552 ubox
295 339 0.016112384 ubox
295 343 0.457677466 ubox
295 350 0.013977522 ubox
295 395 0.004519939 ubox
295 400 0.003661970 ubox
296 303 0.016548273 ubox
296 307 0.003977838 ubox
296 312 0.005332536 ubox
296 337 0.019649247 ubox
296 349 0.013757072 ubox
296 394 0.003188671 ubox
297 302 0.023323755 ubox
297 306 0.005164052 ubox
297 311 0.009995736 ubox
297 336 0.037933455 ubox
297 341 0.446234902 ubox
297 402 0.009056330 ubox
298 310 0.010878388 ubox
298 336 0.017034636 ubox
298 340 0.494881222 ubox
298 360 0.005879146 ubox
298 401 0.010942622 ubox
299 307 0.003653758 ubox
299 309 0.010965762 ubox
299 312 0.003702186 ubox
299 335 0.004202657 ubox
299 337 0.007115787 ubox
299 339 0.496053213 ubox
299 343 0.022158646 ubox
299 356 0.003197426 ubox
299 359 0.006095308 ubox
299 398 0.003230465 ubox
299 400 0.011067697 ubox
300 306 0.004748972 ubox
300 308 0.010944334 ubox
300 311 0.009013132 ubox
300 336 0.016585804 ubox
300 338 0.495538115 ubox
300 341 0.027031096 ubox
300 342 0.026535983 ubox
300 347 0.004153636 ubox
300 355 0.003212007 ubox
300 358 0.006209789 ubox
300 397 0.003342776 ubox
300 399 0.011050950 ubox
300 402 0.003975487 ubox
301 310 0.010764318 ubox
301 336 0.019087953 ubox
301 340 0.031980276 ubox
301 341 0.024360673 ubox
301 346 0.004073889 ubox
301 357 0.006212440 ubox
301 401 0.004722983 ubox
302 309 0.010977271 ubox
302 333 0.005429421 ubox
302 335 0.004402806 ubox
302 337 0.458595501 ubox
302 339 0.032700913 ubox
302 356 0.006175244 ubox
302 398 0.004345724 ubox
302 400 0.004760603 ubox
303 308 0.010941018 ubox
303 313 0.003635214 ubox
303 332 0.006568301 ubox
303 336 0.944163894 ubox
303 338 0.026888224 ubox
303 355 0.006034450 ubox
303 397 0.004289469 ubox
303 399 0.004623218 ubox
304 312 0.003652344 ubox
304 331 0.006574038 ubox
304 335 0.970690752 ubox
304 337 0.020247468 ubox
305 334 0.977371857 ubox
305 335 0.007258272 ubox
306 331 0.018255393 ubox
306 333 0.989059775 ubox
306 334 0.004498208 ubox
307 330 0.021690422 ubox
307 332 0.996668810 ubox
308 329 0.022648514 ubox
308 331 0.999416062 ubox
308 371 0.004837994 ubox
309 328 0.021073134 ubox
309 330 0.997599193 ubox
309 370 0.004818422 ubox
310 329 0.915144256 ubox
310 369 0.004402915 ubox
311 329 0.028857118 ubox
312 327 0.993365242 ubox
312 328 0.024552325 ubox
312 330 0.005339082 ubox
313 326 0.934727511 ubox
313 329 0.006343734 ubox
314 325 0.871373085 ubox
314 326 0.354949026 ubox
314 365 0.007615440 ubox
315 324 0.802124720 ubox
315 325 0.490428734 ubox
315 326 0.003621117 ubox
315 364 0.007790423 ubox
316 324 0.595727589 ubox
316 325 0.004163985 ubox
316 363 0.007920448 ubox
317 323 0.678055173 ubox
317 362 0.008046375 ubox
318 322 0.655667478 ubox
318 361 0.008045072 ubox
319 360 0.007870290 ubox
320 358 0.006016620 ubox
321 357 0.005831149 ubox
323 356 0.004862702 ubox
324 353 0.005452406 ubox
324 355 0.004908297 ubox
325 352 0.007618960 ubox
326 351 0.008547809 ubox
327 350 0.008562545 ubox
328 349 0.008538369 ubox
329 348 0.008502291 ubox
333 346 0.008985700 ubox
334 345 0.009706249 ubox
335 344 0.009920526 ubox
336 343 0.010452504 ubox
337 342 0.010840292 ubox
337 344 0.086598144 ubox
337 351 0.006174661 ubox
337 401 0.014399563 ubox
338 343 0.088201901 ubox
338 350 0.006281423 ubox
338 400 0.016003140 ubox
339 399 0.016027269 ubox
340 398 0.015455395 ubox
342 400 0.016891263 ubox
342 428 0.003980830 ubox
343 351 0.021230067 ubox
343 396 0.008735598 ubox
343 399 0.016968662 ubox
343 401 0.022907408 ubox
343 427 0.004015793 ubox
344 350 0.021702067 ubox
344 395 0.008625899 ubox
344 400 0.024952466 ubox
344 426 0.003995963 ubox
345 395 0.005008004 ubox
346 394 0.004585076 ubox
347 364 0.004141284 ubox
348 363 0.004939370 ubox
348 371 0.008302812 ubox
348 384 0.004016652 ubox
348 414 0.006705594 ubox
348 423 0.045102010 ubox
348 426 0.016069598 ubox
349 367 0.017653846 ubox
349 370 0.008114784 ubox
349 375 0.008551250 ubox
349 379 0.026552597 ubox
349 383 0.004044292 ubox
349 402 0.041766793 ubox
349 403 0.009015598 ubox
349 409 0.007512245 ubox
349 413 0.006669702 ubox
349 421 0.073781044 ubox
349 422 0.032339305 ubox
349 425 0.021749509 ubox
350 360 0.026284766 ubox
350 366 0.022533940 ubox
350 374 0.009988889 ubox
350 378 0.029588251 ubox
350 382 0.004058272 ubox
350 396 0.927837583 ubox
350 401 0.053815486 ubox
350 402 0.003806673 ubox
350 408 0.008243811 ubox
350 420 0.088272692 ubox
350 421 0.005834887 ubox
350 424 0.023500834 ubox
351 359 0.027492231 ubox
351 364 0.003487657 ubox
351 365 0.022928615 ubox
351 381 0.003809280 ubox
351 395 0.926744242 ubox
351 400 0.054874045 ubox
351 419 0.088451345 ubox
351 423 0.023352666 ubox
352 363 0.003405527 ubox
352 364 0.022074385 ubox
352 372 0.003980109 ubox
352 377 0.029715117 ubox
352 390 0.003239967 ubox
352 393 0.004898300 ubox
352 394 0.755570388 ubox
352 395 0.145732910 ubox
352 418 0.084665379 ubox
353 363 0.017420214 ubox
353 365 0.004515126 ubox
353 371 0.003992672 ubox
353 376 0.031014094 ubox
353 377 0.005625489 ubox
353 389 0.004170085 ubox
353 390 0.003213083 ubox
353 392 0.003531855 ubox
353 393 0.534863246 ubox
353 394 0.565729276 ubox
353 395 0.006552243 ubox
353 415 0.004519876 ubox
353 418 0.005348103 ubox
353 419 0.006200431 ubox
354 364 0.006767227 ubox
354 365 0.005563343 ubox
354 372 0.016664058 ubox
354 376 0.006005080 ubox
354 388 0.005035603 ubox
354 389 0.003512810 ubox
354 390 0.016804414 ubox
354 392 0.099470425 ubox
354 393 0.790428415 ubox
354 394 0.008771413 ubox
354 415 0.074298972 ubox
354 418 0.007202941 ubox
355 363 0.009325856 ubox
355 364 0.006626617 ubox
355 371 0.017405120 ubox
355 384 0.023905226 ubox
355 389 0.018931480 ubox
355 392 0.955139533 ubox
355 414 0.075956030 ubox
356 366 0.023326926 ubox
356 370 0.016423863 ubox
356 373 0.057457393 ubox
356 382 0.003369932 ubox
356 383 0.023219754 ubox
356 385 0.012330219 ubox
356 391 0.959300345 ubox
356 401 0.014364006 ubox
356 413 0.075488275 ubox
357 364 0.010175402 ubox
357 365 0.025439762 ubox
357 369 0.014034175 ubox
357 372 0.061402666 ubox
357 384 0.009698181 ubox
357 390 0.959660837 ubox
357 393 0.078604052 ubox
357 400 0.004240491 ubox
357 412 0.072961849 ubox
357 415 0.038153263 ubox
358 363 0.013647418 ubox
358 364 0.026960522 ubox
358 371 0.061726498 ubox
358 381 0.022316769 ubox
358 384 0.073326914 ubox
358 389 0.958204803 ubox
358 392 0.084991154 ubox
358 400 0.118014655 ubox
358 414 0.039120923 ubox
358 423 0.003706999 ubox
359 370 0.060934197 ubox
359 373 0.009078461 ubox
359 378 0.016945157 ubox
359 380 0.022626995 ubox
359 382 0.026492321 ubox
359 383 0.100089487 ubox
359 385 0.062373697 ubox
359 387 0.709459508 ubox
359 391 0.086545089 ubox
359 399 0.119180255 ubox
359 407 0.007096989 ubox
359 413 0.038861670 ubox
359 416 0.012918000 ubox
359 420 0.003716122 ubox
359 422 0.003621632 ubox
360 369 0.059894221 ubox
360 372 0.009534991 ubox
360 377 0.016728156 ubox
360 384 0.059739568 ubox
360 386 0.680873034 ubox
360 390 0.087048828 ubox
360 398 0.111758421 ubox
360 406 0.006843276 ubox
360 412 0.037665996 ubox
360 415 0.013000371 ubox
360 419 0.003621040 ubox
361 371 0.008950798 ubox
361 389 0.087014949 ubox
361 414 0.012918715 ubox
362 371 0.007178430 ubox
362 381 0.947130300 ubox
362 384 0.152772471 ubox
362 400 0.031847140 ubox
362 423 0.004346406 ubox
363 370 0.007323333 ubox
363 374 0.007488845 ubox
363 375 0.048827751 ubox
363 379 0.009462687 ubox
363 380 0.966077656 ubox
363 383 0.091314499 ubox
363 397 0.125304633 ubox
363 399 0.032045490 ubox
363 405 0.004497802 ubox
363 408 0.004562796 ubox
363 409 0.039330262 ubox
363 410 0.007274525 ubox
363 411 0.005962228 ubox
363 417 0.004293012 ubox
363 422 0.004466333 ubox
364 373 0.007411263 ubox
364 374 0.055809250 ubox
364 375 0.013966142 ubox
364 378 0.015444526 ubox
364 379 0.967819690 ubox
364 380 0.030859742 ubox
364 382 0.043312530 ubox
364 383 0.017970778 ubox
364 396 0.125835325 ubox
364 397 0.040303371 ubox
364 404 0.004453594 ubox
364 405 0.005477890 ubox
364 407 0.004505018 ubox
364 408 0.041155293 ubox
364 409 0.003444584 ubox
364 410 0.005824145 ubox
364 411 0.005241879 ubox
364 416 0.004179390 ubox
364 417 0.024825594 ubox
364 421 0.004571634 ubox
365 373 0.056083031 ubox
365 374 0.015994590 ubox
365 378 0.969517281 ubox
365 379 0.008952896 ubox
365 382 0.008478541 ubox
365 385 0.008470422 ubox
365 387 0.040882791 ubox
365 396 0.040452182 ubox
365 403 0.004090173 ubox
365 404 0.005459141 ubox
365 407 0.041169463 ubox
365 408 0.003845826 ubox
365 409 0.004216857 ubox
365 410 0.005225649 ubox
365 416 0.024938550 ubox
365 420 0.004610162 ubox
366 372 0.056186657 ubox
366 377 0.964815641 ubox
366 384 0.007119824 ubox
366 386 0.038207827 ubox
366 394 0.125693365 ubox
366 395 0.035791375 ubox
366 406 0.038472869 ubox
366 415 0.017897181 ubox
366 419 0.004580778 ubox
367 371 0.049621272 ubox
367 376 0.922983505 ubox
367 393 0.129228493 ubox
367 394 0.028283649 ubox
367 414 0.004319387 ubox
367 415 0.018732132 ubox
368 384 0.045606478 ubox
368 389 0.003255856 ubox
368 392 0.130783272 ubox
368 414 0.025701270 ubox
369 382 0.087495219 ubox
369 383 0.033892831 ubox
369 385 0.007620651 ubox
369 391 0.125393182 ubox
369 401 0.011987388 ubox
369 413 0.025878750 ubox
370 376 0.041910882 ubox
370 381 0.101800036 ubox
370 384 0.008659795 ubox
370 388 0.013185065 ubox
370 390 0.110466083 ubox
370 392 0.003861788 ubox
370 398 0.007405667 ubox
370 400 0.013009478 ubox
370 406 0.003413526 ubox
370 412 0.025840760 ubox
371 375 0.046559636 ubox
371 380 0.105606506 ubox
371 383 0.011376248 ubox
371 387 0.015307353 ubox
371 391 0.006256065 ubox
371 397 0.007865963 ubox
371 399 0.013112045 ubox
371 402 0.021511618 ubox
371 403 0.004123016 ubox
371 404 0.009496718 ubox
371 405 0.004250470 ubox
371 410 0.005029228 ubox
371 411 0.025250688 ubox
372 379 0.099822942 ubox
372 382 0.011929057 ubox
372 385 0.007243221 ubox
372 391 0.091566242 ubox
372 401 0.022682562 ubox
372 402 0.004377300 ubox
372 403 0.009418605 ubox
372 409 0.006522493 ubox
373 381 0.011513319 ubox
373 384 0.006942414 ubox
373 390 0.112866869 ubox
373 393 0.003589758 ubox
373 400 0.021797839 ubox
374 389 0.116877643 ubox
374 392 0.003698622 ubox
374 395 0.020916642 ubox
375 384 0.033184697 ubox
375 386 0.038179155 ubox
375 388 0.112863713 ubox
375 394 0.020729596 ubox
376 383 0.035938820 ubox
376 385 0.034019279 ubox
376 391 0.003622277 ubox
376 402 0.010434308 ubox
376 403 0.003621920 ubox
377 382 0.028293463 ubox
377 385 0.129549466 ubox
377 401 0.012079583 ubox
377 402 0.004094757 ubox
378 384 0.135741838 ubox
378 389 0.020226629 ubox
378 395 0.039025419 ubox
378 400 0.012076936 ubox
378 419 0.007317218 ubox
379 388 0.020047127 ubox
379 390 0.028704819 ubox
379 393 0.062378784 ubox
379 394 0.027695408 ubox
379 415 0.005421947 ubox
379 418 0.007324821 ubox
380 389 0.030702728 ubox
380 392 0.070630972 ubox
380 400 0.021734880 ubox
380 414 0.005723585 ubox
380 428 0.003512599 ubox
381 387 0.026520497 ubox
381 391 0.071634842 ubox
381 396 0.006609523 ubox
381 399 0.022119886 ubox
381 413 0.005581693 ubox
381 416 0.014140460 ubox
381 427 0.003541386 ubox
382 386 0.024541529 ubox
382 389 0.004150680 ubox
382 390 0.072013117 ubox
382 393 0.004486210 ubox
382 395 0.006647525 ubox
382 398 0.021443177 ubox
382 412 0.004590085 ubox
382 415 0.014508972 ubox
382 426 0.003300543 ubox
383 388 0.009409432 ubox
383 389 0.071046583 ubox
383 392 0.004962110 ubox
383 394 0.006540825 ubox
383 398 0.003460835 ubox
383 406 0.005246070 ubox
383 412 0.004840222 ubox
383 414 0.014368839 ubox
384 391 0.008581517 ubox
384 396 0.021319079 ubox
384 397 0.004486675 ubox
384 405 0.006646898 ubox
384 407 0.009189232 ubox
384 411 0.006070143 ubox
384 413 0.014048922 ubox
384 416 0.003930705 ubox
384 424 0.003291929 ubox
384 429 0.007160820 ubox
385 390 0.008818754 ubox
385 392 0.003322763 ubox
385 395 0.020941339 ubox
385 406 0.009139861 ubox
385 412 0.013808384 ubox
385 415 0.003950142 ubox
385 423 0.003270312 ubox
385 428 0.007105607 ubox
386 391 0.004038297 ubox
386 401 0.003921295 ubox
387 400 0.004315756 ubox
387 414 0.004393194 ubox
387 426 0.011301883 ubox
387 431 0.003272896 ubox
388 403 0.028699229 ubox
388 409 0.019054529 ubox
388 413 0.004088010 ubox
388 425 0.011382334 ubox
388 430 0.003534183 ubox
389 402 0.036174615 ubox
389 404 0.007139737 ubox
389 408 0.020263894 ubox
389 410 0.009013180 ubox
389 424 0.011312494 ubox
389 429 0.003624929 ubox
390 401 0.037576008 ubox
390 403 0.006782922 ubox
390 409 0.008716414 ubox
391 398 0.008583627 ubox
391 400 0.037713103 ubox
391 406 0.018528497 ubox
391 423 0.004361444 ubox
392 397 0.009516603 ubox
392 399 0.037273679 ubox
392 403 0.008269088 ubox
392 404 0.120692191 ubox
392 405 0.015119950 ubox
393 402 0.010286107 ubox
393 403 0.123505755 ubox
393 422 0.012973689 ubox
394 401 0.012301069 ubox
394 402 0.126943493 ubox
394 403 0.007707509 ubox
394 409 0.004090724 ubox
394 421 0.022424898 ubox
394 425 0.012946778 ubox
394 430 0.005746278 ubox
395 401 0.129908896 ubox
395 402 0.008229720 ubox
395 408 0.004789409 ubox
395 420 0.026441815 ubox
395 424 0.018089334 ubox
395 429 0.006638312 ubox
396 400 0.129359820 ubox
396 419 0.026432089 ubox
396 423 0.016214630 ubox
396 428 0.006636332 ubox
397 414 0.020331172 ubox
397 423 0.079301041 ubox
397 426 0.007324543 ubox
398 413 0.018053481 ubox
398 422 0.079108941 ubox
398 425 0.008066947 ubox
399 414 0.060977025 ubox
399 423 0.017906547 ubox
399 428 0.004278043 ubox
400 407 0.085166105 ubox
400 413 0.059658489 ubox
400 416 0.065412722 ubox
400 420 0.084901468 ubox
400 422 0.014853161 ubox
400 424 0.016457626 ubox
400 427 0.004370099 ubox
401 406 0.079736609 ubox
401 412 0.057167053 ubox
401 415 0.066389723 ubox
401 419 0.084397793 ubox
401 423 0.016358285 ubox
401 426 0.004255992 ubox
402 414 0.064358606 ubox
402 415 0.008725496 ubox
402 418 0.071759880 ubox
402 419 0.006599900 ubox
403 414 0.008396911 ubox
403 415 0.055166942 ubox
403 418 0.007642166 ubox
404 414 0.054325901 ubox
405 414 0.087938624 ubox
405 423 0.019504229 ubox
406 413 0.079221005 ubox
406 422 0.018503208 ubox
408 419 0.034443123 ubox
409 415 0.039185386 ubox
409 418 0.033926760 ubox
410 414 0.040766816 ubox
411 423 0.038710065 ubox
411 431 0.005162919 ubox
412 422 0.037934416 ubox
412 425 0.003476024 ubox
412 430 0.005062979 ubox
412 435 0.003645956 ubox
413 423 0.007449463 ubox
413 428 0.004919601 ubox
414 422 0.011938800 ubox
414 427 0.005447243 ubox
414 435 0.004246912 ubox
415 421 0.012924917 ubox
415 435 0.005972605 ubox
417 423 0.034424053 ubox
417 426 0.057719614 ubox
417 431 0.323871634 ubox
418 422 0.027534376 ubox
418 425 0.068294372 ubox
418 430 0.326743111 ubox
418 435 0.004014248 ubox
419 424 0.070937173 ubox
419 427 0.048070993 ubox
419 429 0.327764586 ubox
419 434 0.005095045 ubox
420 426 0.048895801 ubox
420 428 0.327340995 ubox
421 432 0.004062321 ubox
422 428 0.004014969 ubox
422 431 0.003941868 ubox
423 427 0.021797668 ubox
423 429 0.012403238 ubox
424 428 0.012565979 ubox
