1 11 0.050071174 ubox
1 13 0.016178502 ubox
1 14 0.077109771 ubox
1 18 0.024167375 ubox
1 24 0.008973643 ubox
1 83 0.014478220 ubox
1 199 0.004663479 ubox
1 221 0.004385590 ubox
1 389 0.003595778 ubox
1 414 0.005146745 ubox
1 431 0.015025731 ubox
2 11 0.170233238 ubox
2 13 0.077311588 ubox
2 18 0.080470794 ubox
2 23 0.008992649 ubox
2 45 0.003178536 ubox
2 82 0.014727076 ubox
2 86 0.003796398 ubox
2 205 0.007472450 ubox
2 208 0.003459189 ubox
2 221 0.066079401 ubox
2 400 0.005304242 ubox
2 414 0.010972070 ubox
2 428 0.016593208 ubox
2 431 0.009770625 ubox
3 9 0.044812949 ubox
3 10 0.158209530 ubox
3 15 0.010760588 ubox
3 17 0.081606155 ubox
3 22 0.008284686 ubox
3 42 0.051114862 ubox
3 81 0.014580281 ubox
3 85 0.003650213 ubox
3 202 0.003637755 ubox
3 204 0.007213541 ubox
3 206 0.008940946 ubox
3 207 0.003459237 ubox
3 220 0.067900452 ubox
3 387 0.005713719 ubox
3 399 0.005409139 ubox
3 413 0.010745687 ubox
3 416 0.300717347 ubox
3 427 0.016652017 ubox
3 429 0.011591482 ubox
3 430 0.007397463 ubox
3 433 0.136264469 ubox
4 8 0.043348282 ubox
4 12 0.127355810 ubox
4 14 0.004501944 ubox
4 19 0.005315419 ubox
4 20 0.003627938 ubox
4 41 0.051366422 ubox
4 84 0.003310915 ubox
4 200 0.004306209 ubox
4 201 0.003978234 ubox
4 205 0.008835648 ubox
4 219 0.067930734 ubox
4 226 0.005230772 ubox
4 386 0.005630058 ubox
4 398 0.004695976 ubox
4 412 0.010047909 ubox
4 415 0.302994856 ubox
4 426 0.015157132 ubox
4 428 0.007528889 ubox
4 432 0.136948291 ubox
5 11 0.132613257 ubox
5 13 0.005398209 ubox
5 14 0.109456134 ubox
5 18 0.005573597 ubox
5 24 0.003524366 ubox
5 40 0.050988602 ubox
5 83 0.003669805 ubox
5 84 0.003726678 ubox
5 199 0.003942221 ubox
5 218 0.067759553 ubox
5 225 0.005392812 ubox
5 414 0.293000423 ubox
5 431 0.134022238 ubox
6 13 0.109663927 ubox
6 23 0.003530913 ubox
6 40 0.006405852 ubox
6 82 0.003684544 ubox
6 83 0.003737261 ubox
6 199 0.008831991 ubox
6 224 0.005400468 ubox
6 384 0.006616341 ubox
6 414 0.090023219 ubox
6 423 0.006475508 ubox
6 426 0.003437205 ubox
6 431 0.022650313 ubox
7 26 0.003527053 ubox
7 38 0.046591328 ubox
7 39 0.007887809 ubox
7 96 0.008959767 ubox
7 198 0.008988346 ubox
7 223 0.005373671 ubox
7 383 0.006633417 ubox
7 413 0.100055988 ubox
7 422 0.006450175 ubox
7 430 0.027267761 ubox
7 435 0.003923791 ubox
8 15 0.005639632 ubox
8 25 0.004095586 ubox
8 37 0.050041884 ubox
8 38 0.007267810 ubox
8 93 0.031944309 ubox
8 95 0.020021078 ubox
8 197 0.008808352 ubox
8 212 0.006176672 ubox
8 222 0.005277104 ubox
8 245 0.011013529 ubox
8 382 0.006520864 ubox
8 413 0.205808492 ubox
8 421 0.005888548 ubox
8 435 0.005751916 ubox
9 14 0.005489822 ubox
9 19 0.013261341 ubox
9 24 0.004052734 ubox
9 33 0.012051332 ubox
9 34 0.003427117 ubox
9 35 0.003818473 ubox
9 36 0.049446334 ubox
9 75 0.013609732 ubox
9 92 0.023804467 ubox
9 196 0.008508059 ubox
9 201 0.003420684 ubox
9 211 0.006047975 ubox
9 214 0.063074995 ubox
9 221 0.004870946 ubox
9 244 0.012007004 ubox
9 381 0.005265653 ubox
9 412 0.227582469 ubox
9 415 0.009014571 ubox
9 432 0.005026930 ubox
10 18 0.014903860 ubox
10 23 0.003336338 ubox
10 28 0.004296963 ubox
10 30 0.011786074 ubox
10 32 0.014977000 ubox
10 33 0.004041120 ubox
10 34 0.004475903 ubox
10 35 0.046815534 ubox
10 74 0.014850632 ubox
10 92 0.135223916 ubox
10 195 0.006518854 ubox
10 200 0.003174279 ubox
10 205 0.039131797 ubox
10 208 0.014329354 ubox
10 211 0.020047732 ubox
10 213 0.064040231 ubox
10 243 0.012236749 ubox
10 284 0.005505490 ubox
10 381 0.003881780 ubox
10 412 0.043112553 ubox
10 414 0.009332299 ubox
10 431 0.004649909 ubox
11 17 0.015528497 ubox
11 27 0.005234192 ubox
11 29 0.013274565 ubox
11 31 0.015749849 ubox
11 73 0.015052110 ubox
11 78 0.005485850 ubox
11 80 0.009116871 ubox
11 91 0.149039860 ubox
11 96 0.003702291 ubox
11 203 0.033356290 ubox
11 204 0.050378352 ubox
11 207 0.023201104 ubox
11 210 0.021167155 ubox
11 212 0.063289870 ubox
11 242 0.012203541 ubox
11 283 0.005944453 ubox
11 347 0.004682001 ubox
11 380 0.005435156 ubox
11 410 0.330545061 ubox
11 411 0.033294559 ubox
11 430 0.003458455 ubox
11 435 0.033078084 ubox
12 26 0.005254055 ubox
12 27 0.010765761 ubox
12 72 0.015086649 ubox
12 77 0.005493510 ubox
12 79 0.009181289 ubox
12 90 0.149059142 ubox
12 95 0.006740251 ubox
12 202 0.033407933 ubox
12 282 0.005948762 ubox
12 346 0.004756633 ubox
12 375 0.005379368 ubox
12 379 0.005302500 ubox
12 409 0.333188318 ubox
12 430 0.006844535 ubox
12 435 0.686459295 ubox
13 22 0.016744186 ubox
13 25 0.004004466 ubox
13 26 0.011388439 ubox
13 27 0.006582393 ubox
13 71 0.015091000 ubox
13 76 0.005420636 ubox
13 78 0.009129374 ubox
13 89 0.148388924 ubox
13 94 0.007143668 ubox
13 194 0.010359328 ubox
13 203 0.123568406 ubox
13 204 0.175026146 ubox
13 207 0.042719587 ubox
13 210 0.065351789 ubox
13 240 0.011996685 ubox
13 281 0.005948374 ubox
13 345 0.004760471 ubox
13 374 0.005916173 ubox
13 378 0.005013349 ubox
13 408 0.333332139 ubox
13 417 0.008947925 ubox
13 429 0.007037951 ubox
13 430 0.005143622 ubox
13 434 0.885460385 ubox
13 435 0.005022228 ubox
14 21 0.016863272 ubox
14 25 0.011198962 ubox
14 26 0.006019774 ubox
14 29 0.026415496 ubox
14 31 0.038906540 ubox
14 42 0.004618622 ubox
14 70 0.015086675 ubox
14 76 0.007672059 ubox
14 77 0.004155050 ubox
14 88 0.148878597 ubox
14 93 0.006979087 ubox
14 193 0.010659713 ubox
14 202 0.124236866 ubox
14 203 0.176785304 ubox
14 206 0.043656610 ubox
14 209 0.065360709 ubox
14 239 0.012513331 ubox
14 280 0.005902777 ubox
14 344 0.004728134 ubox
14 373 0.006328067 ubox
14 407 0.333272376 ubox
14 416 0.009567581 ubox
14 429 0.005576624 ubox
14 433 0.886538786 ubox
14 434 0.005230037 ubox
15 20 0.015691823 ubox
15 28 0.026141738 ubox
15 30 0.038599932 ubox
15 41 0.004722885 ubox
15 69 0.014242558 ubox
15 75 0.007260914 ubox
15 87 0.148985835 ubox
15 92 0.006550765 ubox
15 192 0.010644281 ubox
15 200 0.081865794 ubox
15 201 0.121903989 ubox
15 205 0.042448149 ubox
15 208 0.063834166 ubox
15 226 0.010678445 ubox
15 238 0.012674738 ubox
15 279 0.005326241 ubox
15 343 0.004090772 ubox
15 372 0.006642511 ubox
15 406 0.315965581 ubox
15 415 0.009564968 ubox
15 432 0.883219667 ubox
16 24 0.088234399 ubox
16 40 0.004246887 ubox
16 83 0.007596477 ubox
16 86 0.144530838 ubox
16 191 0.007887448 ubox
16 196 0.012003932 ubox
16 199 0.086406269 ubox
16 225 0.011823779 ubox
16 237 0.012735513 ubox
16 371 0.006826776 ubox
16 414 0.009428752 ubox
16 431 0.872519315 ubox
17 23 0.088586889 ubox
17 40 0.004811005 ubox
17 45 0.004022772 ubox
17 82 0.007754397 ubox
17 86 0.030523943 ubox
17 191 0.011787483 ubox
17 195 0.012263473 ubox
17 199 0.424123354 ubox
17 205 0.141745678 ubox
17 208 0.015051425 ubox
17 221 0.003343270 ubox
17 224 0.011846370 ubox
17 236 0.012668689 ubox
17 371 0.003774205 ubox
17 381 0.007139601 ubox
17 400 0.021913389 ubox
17 426 0.003174452 ubox
17 428 0.047020730 ubox
17 431 0.070437525 ubox
18 22 0.081214887 ubox
18 27 0.010591146 ubox
18 39 0.005202745 ubox
18 44 0.004039500 ubox
18 81 0.007508801 ubox
18 85 0.039247892 ubox
18 190 0.013778244 ubox
18 194 0.012161310 ubox
18 198 0.316336659 ubox
18 203 0.089692361 ubox
18 204 0.141641381 ubox
18 207 0.016076811 ubox
18 220 0.003439463 ubox
18 223 0.011293654 ubox
18 368 0.007601392 ubox
18 370 0.003405289 ubox
18 374 0.003616898 ubox
18 380 0.007286766 ubox
18 399 0.021899047 ubox
18 402 0.015267651 ubox
18 403 0.233969433 ubox
18 404 0.100988209 ubox
18 427 0.045633510 ubox
18 430 0.082618772 ubox
19 26 0.010768231 ubox
19 38 0.005111757 ubox
19 189 0.013136109 ubox
19 197 0.224012552 ubox
19 198 0.757768885 ubox
19 202 0.084866438 ubox
19 222 0.010069568 ubox
19 367 0.007633855 ubox
19 373 0.003524237 ubox
19 379 0.006904316 ubox
19 401 0.015634336 ubox
19 402 0.242174433 ubox
19 403 0.095733754 ubox
20 25 0.008460873 ubox
20 37 0.004322354 ubox
20 85 0.022621461 ubox
20 197 0.905277388 ubox
20 366 0.007460192 ubox
20 401 0.243966338 ubox
20 402 0.079908395 ubox
21 83 0.160087425 ubox
21 84 0.019117688 ubox
21 196 0.947725888 ubox
21 364 0.005248143 ubox
21 365 0.006247158 ubox
21 400 0.242891948 ubox
22 40 0.008067939 ubox
22 45 0.031144677 ubox
22 82 0.161190034 ubox
22 83 0.014212449 ubox
22 104 0.009017202 ubox
22 186 0.009536444 ubox
22 191 0.034259799 ubox
22 195 0.947783622 ubox
22 279 0.008040887 ubox
22 363 0.006791821 ubox
22 364 0.004563891 ubox
22 400 0.061884590 ubox
23 38 0.015201256 ubox
23 39 0.007092517 ubox
23 44 0.031405503 ubox
23 47 0.013462664 ubox
23 77 0.008554839 ubox
23 81 0.161679934 ubox
23 103 0.013644293 ubox
23 185 0.009346959 ubox
23 190 0.034898932 ubox
23 194 0.947785257 ubox
23 278 0.008185549 ubox
23 362 0.007959307 ubox
23 397 0.240925786 ubox
23 399 0.058498076 ubox
23 405 0.003861452 ubox
23 434 0.007239128 ubox
24 31 0.019318887 ubox
24 37 0.028851860 ubox
24 38 0.006052571 ubox
24 42 0.040383316 ubox
24 44 0.006093068 ubox
24 46 0.013955510 ubox
24 76 0.010787262 ubox
24 80 0.161062352 ubox
24 100 0.003230872 ubox
24 102 0.013802720 ubox
24 184 0.004478506 ubox
24 187 0.018855127 ubox
24 189 0.034580648 ubox
24 193 0.947709819 ubox
24 277 0.008191604 ubox
24 361 0.007940654 ubox
24 396 0.241600564 ubox
24 399 0.013847563 ubox
24 404 0.003850857 ubox
24 433 0.007339514 ubox
25 30 0.018684571 ubox
25 33 0.009384700 ubox
25 34 0.024329783 ubox
25 35 0.023803347 ubox
25 36 0.036637581 ubox
25 41 0.040721973 ubox
25 43 0.006443638 ubox
25 45 0.013976538 ubox
25 75 0.012847919 ubox
25 99 0.003198520 ubox
25 101 0.012685216 ubox
25 186 0.023293565 ubox
25 188 0.037015374 ubox
25 192 0.939876374 ubox
25 276 0.008159316 ubox
25 394 0.006582657 ubox
25 395 0.230857707 ubox
25 398 0.013385309 ubox
25 432 0.004815940 ubox
26 32 0.009729906 ubox
26 33 0.026684399 ubox
26 34 0.026617380 ubox
26 35 0.039246580 ubox
26 36 0.008580064 ubox
26 40 0.038215962 ubox
26 41 0.016015043 ubox
26 74 0.010999838 ubox
26 75 0.010979525 ubox
26 191 0.875612998 ubox
26 192 0.075023979 ubox
26 275 0.007993885 ubox
26 393 0.008120634 ubox
26 394 0.159860763 ubox
26 395 0.010362520 ubox
27 32 0.024547349 ubox
27 33 0.026468517 ubox
27 34 0.037862444 ubox
27 35 0.009789921 ubox
27 40 0.016804874 ubox
27 74 0.013332665 ubox
27 181 0.004523146 ubox
27 183 0.189898518 ubox
27 186 0.428986324 ubox
27 191 0.105033595 ubox
27 274 0.007454482 ubox
27 386 0.004866863 ubox
27 392 0.009324812 ubox
27 393 0.091245640 ubox
27 394 0.008186890 ubox
28 39 0.015992998 ubox
28 52 0.003233413 ubox
28 73 0.012708561 ubox
28 180 0.004630799 ubox
28 182 0.193288540 ubox
28 184 0.786119392 ubox
28 185 0.309082815 ubox
28 273 0.006444112 ubox
28 385 0.005962828 ubox
28 391 0.008014250 ubox
29 40 0.074192610 ubox
29 51 0.003492519 ubox
29 53 0.010919878 ubox
29 86 0.003344927 ubox
29 179 0.004645791 ubox
29 181 0.193739046 ubox
29 183 0.861304008 ubox
29 186 0.157568518 ubox
29 384 0.005983322 ubox
29 392 0.057782997 ubox
30 39 0.072157547 ubox
30 50 0.003269420 ubox
30 52 0.011115009 ubox
30 85 0.003288691 ubox
30 180 0.193544636 ubox
30 182 0.861422579 ubox
30 184 0.160145032 ubox
30 185 0.117228366 ubox
30 383 0.005494997 ubox
30 385 0.006421284 ubox
30 391 0.049511441 ubox
31 40 0.206731922 ubox
31 51 0.011202857 ubox
31 179 0.192663027 ubox
31 181 0.861589941 ubox
31 183 0.193707048 ubox
31 186 0.263115699 ubox
31 384 0.007336493 ubox
31 392 0.017597631 ubox
32 38 0.018582551 ubox
32 39 0.203667723 ubox
32 50 0.010495210 ubox
32 96 0.004831457 ubox
32 180 0.846128925 ubox
32 182 0.190365482 ubox
32 185 0.262947458 ubox
32 383 0.007253839 ubox
32 391 0.014898550 ubox
33 37 0.016155734 ubox
33 38 0.178129449 ubox
33 39 0.012630672 ubox
33 95 0.005188076 ubox
33 96 0.010520610 ubox
33 184 0.247165383 ubox
33 185 0.023049214 ubox
33 382 0.006739522 ubox
34 38 0.012536508 ubox
34 90 0.009606767 ubox
34 95 0.010866264 ubox
34 96 0.013334803 ubox
34 184 0.023128857 ubox
34 185 0.007989100 ubox
35 89 0.011000825 ubox
35 95 0.012746515 ubox
35 96 0.057601391 ubox
35 184 0.008465475 ubox
35 185 0.003861070 ubox
35 402 0.003234336 ubox
36 88 0.011397828 ubox
36 93 0.010481118 ubox
36 95 0.064015816 ubox
36 177 0.069492680 ubox
36 180 0.245503907 ubox
36 182 0.032653907 ubox
36 184 0.004105594 ubox
36 391 0.040050576 ubox
36 401 0.003312931 ubox
37 87 0.011324586 ubox
37 92 0.008397881 ubox
37 176 0.045015794 ubox
37 179 0.276523748 ubox
37 181 0.029579182 ubox
37 183 0.003952001 ubox
37 390 0.061467257 ubox
37 400 0.003179476 ubox
38 55 0.004420670 ubox
38 86 0.006047023 ubox
38 99 0.003490929 ubox
38 178 0.246633807 ubox
38 179 0.044475130 ubox
38 389 0.061865311 ubox
39 45 0.010804855 ubox
39 54 0.005142143 ubox
39 92 0.096061920 ubox
39 98 0.006298076 ubox
39 176 0.930426744 ubox
39 178 0.019501263 ubox
39 356 0.003317526 ubox
39 388 0.062015079 ubox
40 44 0.012560888 ubox
40 78 0.003195364 ubox
40 89 0.010243042 ubox
40 90 0.023476962 ubox
40 91 0.100987605 ubox
40 94 0.004658576 ubox
40 97 0.007344976 ubox
40 175 0.949819712 ubox
40 177 0.004623701 ubox
40 355 0.003616641 ubox
40 361 0.006222797 ubox
40 387 0.061899967 ubox
40 397 0.003210869 ubox
40 404 0.012852255 ubox
41 52 0.014145349 ubox
41 88 0.013275631 ubox
41 89 0.032750271 ubox
41 90 0.096937087 ubox
41 93 0.004644125 ubox
41 96 0.007093088 ubox
41 174 0.949823697 ubox
41 354 0.003468458 ubox
41 360 0.006387133 ubox
41 385 0.060554675 ubox
41 401 0.003294859 ubox
41 403 0.012894706 ubox
42 51 0.016101459 ubox
42 53 0.038911944 ubox
42 86 0.015478633 ubox
42 173 0.949954246 ubox
42 359 0.006357496 ubox
42 384 0.060799271 ubox
42 400 0.003377230 ubox
43 50 0.014614293 ubox
43 52 0.039634752 ubox
43 85 0.014508195 ubox
43 172 0.949708569 ubox
43 360 0.005052933 ubox
43 382 0.036529042 ubox
43 383 0.046994303 ubox
43 385 0.005013326 ubox
43 401 0.015269436 ubox
44 51 0.039949966 ubox
44 53 0.010632449 ubox
44 82 0.007157267 ubox
44 84 0.012012051 ubox
44 86 0.222237519 ubox
44 101 0.025658781 ubox
44 171 0.949310016 ubox
44 359 0.005981239 ubox
44 381 0.051608523 ubox
44 384 0.005146370 ubox
44 400 0.016022749 ubox
45 50 0.029008948 ubox
45 52 0.011159083 ubox
45 60 0.006262300 ubox
45 81 0.007259059 ubox
45 85 0.224904985 ubox
45 100 0.025892899 ubox
45 169 0.628565157 ubox
45 170 0.711528867 ubox
45 358 0.005969107 ubox
45 380 0.051128256 ubox
45 383 0.004194205 ubox
45 399 0.015895546 ubox
46 51 0.011299472 ubox
46 54 0.004498365 ubox
46 55 0.056056328 ubox
46 56 0.196225056 ubox
46 59 0.006308440 ubox
46 83 0.010154642 ubox
46 84 0.225061476 ubox
46 99 0.025284373 ubox
46 167 0.012682252 ubox
46 168 0.888124905 ubox
47 53 0.004501862 ubox
47 54 0.056135343 ubox
47 55 0.197509983 ubox
47 56 0.021563725 ubox
47 58 0.006284982 ubox
47 82 0.010082294 ubox
47 83 0.224273829 ubox
47 84 0.030574973 ubox
47 166 0.013790308 ubox
47 167 0.887731033 ubox
47 168 0.334440099 ubox
48 53 0.055864882 ubox
48 54 0.197526344 ubox
48 55 0.022124435 ubox
48 56 0.008329892 ubox
48 82 0.221961342 ubox
48 83 0.036056943 ubox
48 84 0.051583245 ubox
48 162 0.019815745 ubox
48 166 0.885282622 ubox
48 167 0.335963780 ubox
48 168 0.010705687 ubox
49 53 0.195864917 ubox
49 54 0.022139971 ubox
49 55 0.008731121 ubox
49 56 0.007015889 ubox
49 82 0.040167183 ubox
49 83 0.053606146 ubox
49 84 0.003561198 ubox
49 99 0.004922849 ubox
49 161 0.027653363 ubox
49 162 0.667351130 ubox
49 166 0.335718350 ubox
49 167 0.010904398 ubox
50 54 0.007816570 ubox
50 55 0.006945910 ubox
50 82 0.054551556 ubox
50 83 0.003368514 ubox
50 98 0.005100526 ubox
50 161 0.669366634 ubox
50 166 0.009818319 ubox
51 76 0.033678998 ubox
51 81 0.083157763 ubox
51 97 0.005109182 ubox
51 160 0.666924938 ubox
51 163 0.605686936 ubox
51 165 0.011135857 ubox
52 74 0.029745917 ubox
52 75 0.028132620 ubox
52 82 0.033997154 ubox
52 123 0.003650923 ubox
52 161 0.299969296 ubox
52 162 0.573868729 ubox
52 398 0.003167742 ubox
53 72 0.006550230 ubox
53 73 0.035233377 ubox
53 77 0.060187931 ubox
53 78 0.140429633 ubox
53 79 0.074119436 ubox
53 80 0.055723733 ubox
53 81 0.144643244 ubox
53 122 0.003873076 ubox
53 156 0.017570549 ubox
53 157 0.136774515 ubox
53 158 0.157749993 ubox
53 159 0.623456886 ubox
53 160 0.346275384 ubox
53 164 0.026549688 ubox
53 165 0.008974537 ubox
53 397 0.003164990 ubox
54 71 0.008691178 ubox
54 72 0.041876332 ubox
54 76 0.065731063 ubox
54 77 0.140206556 ubox
54 78 0.080168136 ubox
54 79 0.054243450 ubox
54 80 0.145078718 ubox
54 81 0.013936271 ubox
54 121 0.004038066 ubox
54 155 0.017808240 ubox
54 156 0.136948916 ubox
54 157 0.149927249 ubox
54 158 0.820173524 ubox
54 159 0.246203610 ubox
54 160 0.312741949 ubox
54 163 0.025808231 ubox
54 164 0.008963911 ubox
55 70 0.008683264 ubox
55 71 0.042785605 ubox
55 76 0.139824856 ubox
55 77 0.079151579 ubox
55 78 0.056537664 ubox
55 79 0.143973253 ubox
55 80 0.013969631 ubox
55 81 0.005540446 ubox
55 154 0.024679738 ubox
55 155 0.135787963 ubox
55 156 0.135182999 ubox
55 157 0.921425079 ubox
55 158 0.038811280 ubox
55 159 0.055792827 ubox
55 160 0.028181447 ubox
55 163 0.008333522 ubox
55 348 0.006263983 ubox
56 70 0.042614178 ubox
56 73 0.167656981 ubox
56 76 0.076185079 ubox
56 77 0.034931408 ubox
56 78 0.141478762 ubox
56 79 0.008076566 ubox
56 80 0.005640388 ubox
56 119 0.007662099 ubox
56 154 0.144977236 ubox
56 155 0.098156150 ubox
56 156 0.926121903 ubox
56 157 0.029718810 ubox
56 158 0.013271984 ubox
56 159 0.031995081 ubox
56 160 0.006981750 ubox
56 347 0.006433187 ubox
57 68 0.007908368 ubox
57 72 0.281011149 ubox
57 73 0.015911476 ubox
57 77 0.117535183 ubox
57 79 0.004796963 ubox
57 118 0.007705728 ubox
57 155 0.928490485 ubox
57 158 0.035463793 ubox
57 159 0.006930098 ubox
57 165 0.026408115 ubox
57 346 0.006470964 ubox
58 67 0.007110087 ubox
58 68 0.043059112 ubox
58 71 0.308993744 ubox
58 72 0.003950704 ubox
58 76 0.064127972 ubox
58 117 0.007716757 ubox
58 143 0.003284257 ubox
58 154 0.927296842 ubox
58 155 0.004912077 ubox
58 156 0.006727906 ubox
58 157 0.036358864 ubox
58 158 0.006890189 ubox
58 164 0.027417932 ubox
58 345 0.006478792 ubox
58 362 0.009744258 ubox
59 67 0.051565984 ubox
59 70 0.314009300 ubox
59 71 0.004843407 ubox
59 116 0.007689337 ubox
59 142 0.003310552 ubox
59 149 0.727502318 ubox
59 152 0.599761993 ubox
59 154 0.005589051 ubox
59 156 0.034208466 ubox
59 157 0.006710105 ubox
59 163 0.027429999 ubox
59 344 0.006475260 ubox
59 361 0.009902977 ubox
60 66 0.051712932 ubox
60 69 0.314025600 ubox
60 141 0.003307760 ubox
60 148 0.729513554 ubox
60 151 0.597710900 ubox
60 162 0.027406686 ubox
60 343 0.006430236 ubox
61 65 0.041562523 ubox
61 68 0.284840801 ubox
61 121 0.005612582 ubox
61 147 0.728920586 ubox
61 360 0.011029763 ubox
62 69 0.005934910 ubox
62 104 0.003205591 ubox
62 113 0.005709574 ubox
62 120 0.006255274 ubox
62 132 0.003561715 ubox
62 148 0.330992544 ubox
62 161 0.027086350 ubox
62 224 0.006189990 ubox
62 359 0.011309244 ubox
63 68 0.006703079 ubox
63 103 0.003298364 ubox
63 112 0.004527658 ubox
63 119 0.006267617 ubox
63 131 0.003584465 ubox
63 146 0.939331967 ubox
63 147 0.068213566 ubox
63 156 0.007947098 ubox
63 160 0.027167671 ubox
63 223 0.006259700 ubox
63 358 0.011319404 ubox
64 112 0.004998884 ubox
64 118 0.006061274 ubox
64 130 0.003524567 ubox
64 145 0.941959899 ubox
64 155 0.009447395 ubox
64 159 0.026982089 ubox
64 222 0.006297904 ubox
64 357 0.011313647 ubox
65 101 0.003460895 ubox
65 111 0.005562953 ubox
65 115 0.005674970 ubox
65 140 0.008238744 ubox
65 144 0.935960969 ubox
65 153 0.064471394 ubox
65 221 0.006297258 ubox
65 356 0.011287150 ubox
66 100 0.004504318 ubox
66 114 0.005981557 ubox
66 129 0.003452664 ubox
66 139 0.010683702 ubox
66 142 0.673957326 ubox
66 143 0.662291938 ubox
66 152 0.065387050 ubox
66 220 0.006297963 ubox
66 355 0.010907382 ubox
67 99 0.004664757 ubox
67 110 0.010759792 ubox
67 113 0.005354700 ubox
67 128 0.003429363 ubox
67 138 0.011180494 ubox
67 141 0.944724065 ubox
67 151 0.065398355 ubox
67 218 0.006406849 ubox
67 350 0.003262985 ubox
68 86 0.004074541 ubox
68 98 0.004658374 ubox
68 109 0.012069090 ubox
68 137 0.011187766 ubox
68 140 0.944072478 ubox
68 150 0.065382407 ubox
68 217 0.006408714 ubox
68 349 0.003258342 ubox
69 85 0.007715004 ubox
69 97 0.004614441 ubox
69 108 0.012260538 ubox
69 127 0.003217025 ubox
69 136 0.011235894 ubox
69 139 0.944863110 ubox
69 142 0.015741379 ubox
69 149 0.065382389 ubox
69 216 0.006410354 ubox
69 348 0.003244802 ubox
70 83 0.007710502 ubox
70 84 0.011813609 ubox
70 107 0.012312888 ubox
70 126 0.003433776 ubox
70 135 0.010724155 ubox
70 138 0.944580015 ubox
70 141 0.015804411 ubox
70 148 0.064843839 ubox
70 215 0.005630898 ubox
71 82 0.009522120 ubox
71 83 0.015426860 ubox
71 84 0.014256607 ubox
71 106 0.012322882 ubox
71 126 0.008379507 ubox
71 135 0.017553821 ubox
71 137 0.930438692 ubox
71 138 0.016456104 ubox
71 140 0.012738398 ubox
72 82 0.016130645 ubox
72 83 0.023479516 ubox
72 84 0.006362884 ubox
72 87 0.215436171 ubox
72 105 0.012260713 ubox
72 124 0.042736226 ubox
72 125 0.007743024 ubox
72 133 0.020470526 ubox
72 134 0.033669440 ubox
72 135 0.117185016 ubox
72 137 0.020318291 ubox
72 214 0.004287340 ubox
72 372 0.004770887 ubox
73 82 0.027246690 ubox
73 83 0.010074047 ubox
73 86 0.225824041 ubox
73 104 0.011353189 ubox
73 123 0.046936940 ubox
73 124 0.005785214 ubox
73 128 0.005698035 ubox
73 132 0.017799928 ubox
73 133 0.027970398 ubox
73 134 0.087067388 ubox
73 137 0.004417539 ubox
73 213 0.004247935 ubox
73 371 0.007314864 ubox
73 376 0.003557000 ubox
74 85 0.164054360 ubox
74 89 0.043315934 ubox
74 90 0.062944256 ubox
74 122 0.047698460 ubox
74 127 0.006663984 ubox
74 212 0.004105451 ubox
74 367 0.016830586 ubox
74 370 0.007186640 ubox
74 375 0.003649814 ubox
75 85 0.628785945 ubox
75 88 0.041967548 ubox
75 89 0.066109457 ubox
75 121 0.047886682 ubox
75 127 0.069050396 ubox
75 366 0.019474513 ubox
76 83 0.176966612 ubox
76 84 0.716543917 ubox
76 99 0.014605183 ubox
76 106 0.011562526 ubox
76 107 0.009054766 ubox
76 110 0.004241351 ubox
76 120 0.046583221 ubox
76 126 0.074188863 ubox
76 135 0.076234318 ubox
76 141 0.013001984 ubox
76 365 0.019194516 ubox
77 82 0.161275246 ubox
77 83 0.681873227 ubox
77 84 0.152922692 ubox
77 87 0.121007196 ubox
77 98 0.014278222 ubox
77 105 0.011591219 ubox
77 107 0.013964817 ubox
77 109 0.004056976 ubox
77 125 0.071727784 ubox
77 133 0.036267861 ubox
77 134 0.069230049 ubox
77 140 0.007773569 ubox
77 141 0.041205988 ubox
77 364 0.009445877 ubox
77 372 0.007226817 ubox
78 82 0.655373192 ubox
78 83 0.317345872 ubox
78 84 0.053573930 ubox
78 86 0.125838122 ubox
78 99 0.052698238 ubox
78 104 0.011185630 ubox
78 106 0.025161714 ubox
78 107 0.010197000 ubox
78 109 0.003428787 ubox
78 126 0.011820217 ubox
78 132 0.037827206 ubox
78 135 0.038239157 ubox
78 140 0.046250185 ubox
78 141 0.011314700 ubox
78 151 0.008563884 ubox
78 168 0.004306075 ubox
78 363 0.008265991 ubox
78 365 0.020671636 ubox
78 371 0.007539749 ubox
79 83 0.048683252 ubox
79 87 0.048713619 ubox
79 98 0.052261032 ubox
79 105 0.025247146 ubox
79 106 0.009761177 ubox
79 107 0.005516171 ubox
79 111 0.003212194 ubox
79 125 0.011315161 ubox
79 133 0.032210839 ubox
79 134 0.035780923 ubox
79 140 0.011041443 ubox
79 150 0.008391913 ubox
79 168 0.006990089 ubox
79 365 0.041715985 ubox
80 86 0.051138037 ubox
80 104 0.018819841 ubox
80 106 0.008312658 ubox
80 107 0.006835917 ubox
80 110 0.003394728 ubox
80 132 0.031854814 ubox
80 138 0.052774935 ubox
80 141 0.005663613 ubox
80 162 0.003761954 ubox
80 167 0.009260958 ubox
80 168 0.003550781 ubox
80 364 0.061453194 ubox
80 365 0.004845443 ubox
81 101 0.012048869 ubox
81 104 0.025703523 ubox
81 106 0.006826498 ubox
81 109 0.003356266 ubox
81 120 0.084539426 ubox
81 132 0.035137677 ubox
81 137 0.053714652 ubox
81 140 0.005646176 ubox
81 148 0.010598135 ubox
81 161 0.003768296 ubox
81 166 0.009278935 ubox
81 167 0.003496168 ubox
81 363 0.061921901 ubox
81 364 0.004603745 ubox
81 400 0.007018326 ubox
82 89 0.017930553 ubox
82 90 0.014538822 ubox
82 91 0.115136918 ubox
82 94 0.007750422 ubox
82 95 0.261131097 ubox
82 96 0.012776150 ubox
82 97 0.011217620 ubox
82 100 0.011964459 ubox
82 103 0.033596707 ubox
82 108 0.003165826 ubox
82 118 0.062826822 ubox
82 119 0.085083361 ubox
82 131 0.034906914 ubox
82 136 0.056879213 ubox
82 139 0.005578629 ubox
82 147 0.018061445 ubox
82 156 0.003634269 ubox
82 160 0.003399848 ubox
82 165 0.009296206 ubox
82 362 0.062063875 ubox
82 399 0.007273567 ubox
82 405 0.006725175 ubox
83 88 0.021679988 ubox
83 89 0.018138519 ubox
83 90 0.112406577 ubox
83 91 0.103989318 ubox
83 93 0.019754108 ubox
83 94 0.348580835 ubox
83 95 0.014192326 ubox
83 96 0.008373280 ubox
83 97 0.013461556 ubox
83 102 0.033528671 ubox
83 103 0.025367942 ubox
83 117 0.108412750 ubox
83 118 0.011204271 ubox
83 130 0.021134204 ubox
83 146 0.018202818 ubox
83 155 0.004462500 ubox
83 164 0.009359064 ubox
83 358 0.008008911 ubox
83 361 0.061955363 ubox
83 362 0.004532223 ubox
83 397 0.010134510 ubox
83 404 0.006758729 ubox
84 88 0.012684636 ubox
84 89 0.099594901 ubox
84 90 0.099269887 ubox
84 93 0.520065692 ubox
84 94 0.016918369 ubox
84 95 0.006943187 ubox
84 96 0.011563811 ubox
84 100 0.031304256 ubox
84 102 0.025913887 ubox
84 116 0.108737446 ubox
84 117 0.008063312 ubox
84 129 0.019829747 ubox
84 136 0.008604076 ubox
84 145 0.018195684 ubox
84 154 0.005088732 ubox
84 163 0.009335749 ubox
84 357 0.010741256 ubox
84 360 0.057708619 ubox
84 361 0.004643339 ubox
84 396 0.010224392 ubox
84 399 0.067678976 ubox
85 92 0.550658408 ubox
85 98 0.057430206 ubox
85 99 0.019539433 ubox
85 101 0.025592666 ubox
85 115 0.108988385 ubox
85 128 0.017568268 ubox
85 135 0.004431417 ubox
85 144 0.018199065 ubox
85 153 0.005100663 ubox
85 161 0.004218838 ubox
85 162 0.007201701 ubox
85 356 0.012081155 ubox
85 359 0.056371981 ubox
85 395 0.009572462 ubox
85 398 0.068549186 ubox
86 91 0.562095894 ubox
86 94 0.044109459 ubox
86 96 0.003973239 ubox
86 97 0.069580095 ubox
86 100 0.024643811 ubox
86 114 0.108950541 ubox
86 127 0.009935474 ubox
86 136 0.015042971 ubox
86 143 0.018124878 ubox
86 152 0.005084040 ubox
86 160 0.005770371 ubox
86 355 0.012125127 ubox
86 358 0.060253177 ubox
86 397 0.068694841 ubox
87 93 0.068433823 ubox
87 95 0.006724932 ubox
87 96 0.070764615 ubox
87 112 0.013827600 ubox
87 127 0.006286515 ubox
87 159 0.005596130 ubox
87 354 0.011785296 ubox
87 357 0.059943174 ubox
88 92 0.062061624 ubox
88 99 0.012930500 ubox
88 111 0.013310267 ubox
88 125 0.012689619 ubox
88 126 0.006304376 ubox
88 135 0.005375108 ubox
88 141 0.008264032 ubox
88 356 0.055862314 ubox
88 394 0.007688736 ubox
88 395 0.079384595 ubox
89 98 0.012786116 ubox
89 110 0.012772548 ubox
89 111 0.099245102 ubox
89 124 0.012766270 ubox
89 125 0.006159119 ubox
89 134 0.005968846 ubox
89 140 0.007359376 ubox
89 393 0.006524772 ubox
89 394 0.114922566 ubox
90 109 0.011263733 ubox
90 110 0.099042250 ubox
90 111 0.012441640 ubox
90 123 0.011844096 ubox
90 124 0.005694481 ubox
90 133 0.005990360 ubox
90 137 0.004795011 ubox
90 138 0.006726860 ubox
90 141 0.004179068 ubox
90 393 0.135488926 ubox
91 109 0.098555591 ubox
91 110 0.015653572 ubox
91 113 0.039822956 ubox
91 132 0.005956399 ubox
91 137 0.016328861 ubox
91 140 0.004330130 ubox
91 392 0.140075883 ubox
92 112 0.039882668 ubox
92 121 0.008488451 ubox
92 357 0.004330291 ubox
92 391 0.140071595 ubox
93 107 0.066475695 ubox
93 111 0.039867464 ubox
93 120 0.008027747 ubox
93 133 0.015809160 ubox
93 356 0.006984126 ubox
93 390 0.140125520 ubox
94 106 0.067110548 ubox
94 107 0.074940746 ubox
94 110 0.039795636 ubox
94 126 0.005230336 ubox
94 132 0.016300058 ubox
94 135 0.875473099 ubox
94 151 0.004158740 ubox
94 168 0.004561632 ubox
94 389 0.140098261 ubox
94 395 0.004134958 ubox
95 105 0.060192008 ubox
95 106 0.075287969 ubox
95 109 0.033059088 ubox
95 125 0.005258857 ubox
95 133 0.039544195 ubox
95 134 0.895513903 ubox
95 135 0.010771394 ubox
95 150 0.004104922 ubox
95 167 0.003280299 ubox
95 168 0.012826485 ubox
95 388 0.127449766 ubox
95 394 0.004036066 ubox
95 432 0.007595872 ubox
96 104 0.050319822 ubox
96 105 0.081027299 ubox
96 107 0.004043406 ubox
96 111 0.004324724 ubox
96 124 0.004933051 ubox
96 132 0.047489247 ubox
96 133 0.919055506 ubox
96 134 0.014031065 ubox
96 167 0.024295266 ubox
96 388 0.006089123 ubox
96 393 0.003827128 ubox
96 432 0.156602991 ubox
97 104 0.086093298 ubox
97 106 0.004432629 ubox
97 109 0.004798269 ubox
97 110 0.004515238 ubox
97 113 0.003869032 ubox
97 132 0.920946235 ubox
97 148 0.007324772 ubox
97 166 0.049030400 ubox
97 384 0.079930591 ubox
97 392 0.003753143 ubox
97 426 0.003703830 ubox
97 431 0.166197868 ubox
98 112 0.003872087 ubox
98 122 0.004961400 ubox
98 130 0.928344012 ubox
98 147 0.007990553 ubox
98 165 0.054421397 ubox
98 352 0.207134752 ubox
98 353 0.012232706 ubox
98 354 0.012452214 ubox
98 383 0.078683286 ubox
98 402 0.014129893 ubox
98 425 0.003714615 ubox
98 430 0.166471948 ubox
99 108 0.032575020 ubox
99 114 0.015025998 ubox
99 121 0.005445991 ubox
99 127 0.006239062 ubox
99 129 0.938816640 ubox
99 136 0.013222142 ubox
99 142 0.017845872 ubox
99 146 0.008195694 ubox
99 164 0.056571871 ubox
99 351 0.238649576 ubox
99 352 0.011682039 ubox
99 353 0.016324782 ubox
99 360 0.003890307 ubox
99 382 0.076627430 ubox
99 385 0.010672105 ubox
99 401 0.019299580 ubox
99 424 0.003721361 ubox
99 429 0.166663432 ubox
100 107 0.032604485 ubox
100 109 0.045816628 ubox
100 113 0.015086125 ubox
100 120 0.004974796 ubox
100 126 0.007064566 ubox
100 128 0.938871525 ubox
100 135 0.013314833 ubox
100 137 0.006517605 ubox
100 140 0.034450446 ubox
100 141 0.012713908 ubox
100 350 0.238748897 ubox
100 359 0.004125859 ubox
100 381 0.076103862 ubox
100 384 0.010930366 ubox
100 400 0.019847504 ubox
100 423 0.003706982 ubox
100 428 0.166661107 ubox
101 108 0.047530209 ubox
101 112 0.014901315 ubox
101 119 0.003422305 ubox
101 121 0.012748007 ubox
101 127 0.938292423 ubox
101 129 0.003166866 ubox
101 136 0.007652355 ubox
101 139 0.037355222 ubox
101 142 0.012584304 ubox
101 163 0.058382340 ubox
101 169 0.011933730 ubox
101 351 0.047393821 ubox
101 358 0.003203738 ubox
101 380 0.071412062 ubox
101 383 0.008305648 ubox
101 399 0.019735639 ubox
101 427 0.166522369 ubox
102 107 0.047507671 ubox
102 110 0.015459119 ubox
102 120 0.009803306 ubox
102 126 0.938023929 ubox
102 128 0.003196991 ubox
102 135 0.007630764 ubox
102 138 0.037392797 ubox
102 141 0.012656603 ubox
102 162 0.058446622 ubox
102 168 0.012041253 ubox
102 350 0.050762632 ubox
102 364 0.004874044 ubox
102 426 0.161377092 ubox
103 109 0.015496828 ubox
103 120 0.928089596 ubox
103 132 0.015110243 ubox
103 137 0.037394711 ubox
103 140 0.012656628 ubox
103 161 0.058441043 ubox
103 167 0.012039435 ubox
103 363 0.004911960 ubox
103 381 0.006655709 ubox
103 423 0.014994322 ubox
103 426 0.008419849 ubox
104 108 0.014206552 ubox
104 119 0.930236046 ubox
104 122 0.009172043 ubox
104 131 0.015278192 ubox
104 136 0.037281770 ubox
104 139 0.012634062 ubox
104 159 0.003485243 ubox
104 160 0.058240911 ubox
104 283 0.009740330 ubox
104 347 0.309190379 ubox
104 362 0.003534902 ubox
104 380 0.006728645 ubox
104 410 0.005553344 ubox
104 422 0.005861878 ubox
105 118 0.930098723 ubox
105 121 0.008262470 ubox
105 122 0.008672530 ubox
105 130 0.015019801 ubox
105 155 0.003577368 ubox
105 158 0.018776532 ubox
105 159 0.055007035 ubox
105 165 0.012035661 ubox
105 282 0.009832900 ubox
105 346 0.311251567 ubox
105 379 0.006758328 ubox
105 409 0.005593505 ubox
105 421 0.004899007 ubox
106 117 0.929899945 ubox
106 119 0.007809045 ubox
106 121 0.006976606 ubox
106 122 0.110586334 ubox
106 129 0.013703106 ubox
106 154 0.004397411 ubox
106 157 0.026356257 ubox
106 158 0.050574248 ubox
106 164 0.012103877 ubox
106 281 0.009876799 ubox
106 345 0.311620141 ubox
106 378 0.006727444 ubox
106 408 0.005599612 ubox
106 420 0.003884434 ubox
107 114 0.147737509 ubox
107 116 0.917150774 ubox
107 118 0.007649928 ubox
107 121 0.128251929 ubox
107 127 0.009726395 ubox
107 129 0.006454889 ubox
107 136 0.024538777 ubox
107 149 0.032311157 ubox
107 156 0.024241786 ubox
107 157 0.040983967 ubox
107 163 0.012100314 ubox
107 280 0.009878151 ubox
107 344 0.311643284 ubox
107 407 0.005598407 ubox
108 113 0.200892875 ubox
108 120 0.130944246 ubox
108 126 0.010358984 ubox
108 128 0.008501398 ubox
108 132 0.041643068 ubox
108 135 0.024738891 ubox
108 148 0.036781282 ubox
108 162 0.011963792 ubox
108 279 0.009877982 ubox
108 343 0.311638073 ubox
109 117 0.021546492 ubox
109 118 0.013419699 ubox
109 119 0.128763054 ubox
109 127 0.008203070 ubox
109 131 0.040271656 ubox
109 147 0.036841723 ubox
109 155 0.017854994 ubox
109 156 0.016834877 ubox
109 157 0.006943849 ubox
109 278 0.009876797 ubox
109 342 0.311592214 ubox
109 375 0.006549381 ubox
109 405 0.005595583 ubox
110 116 0.023127643 ubox
110 117 0.067904306 ubox
110 118 0.098130031 ubox
110 119 0.017060733 ubox
110 122 0.010954499 ubox
110 130 0.032562996 ubox
110 131 0.050451656 ubox
110 146 0.036920743 ubox
110 154 0.018528487 ubox
110 155 0.011877554 ubox
110 156 0.007508316 ubox
110 160 0.009788796 ubox
110 277 0.009853074 ubox
110 341 0.311325836 ubox
110 374 0.006582611 ubox
110 404 0.005595456 ubox
111 118 0.020984843 ubox
111 121 0.012278447 ubox
111 130 0.051142777 ubox
111 145 0.036906819 ubox
111 155 0.007001959 ubox
111 159 0.009443168 ubox
111 340 0.311499173 ubox
111 373 0.006348690 ubox
111 403 0.005499581 ubox
112 120 0.012387842 ubox
112 144 0.036774405 ubox
112 150 0.009605263 ubox
112 153 0.017613951 ubox
112 339 0.311347840 ubox
112 369 0.003859174 ubox
112 372 0.005373632 ubox
113 119 0.012155326 ubox
113 121 0.013822028 ubox
113 129 0.071225677 ubox
113 136 0.004370746 ubox
113 139 0.003479523 ubox
113 142 0.015352186 ubox
113 143 0.033407112 ubox
113 149 0.009743757 ubox
113 152 0.017675392 ubox
113 233 0.005524389 ubox
113 338 0.311594677 ubox
113 368 0.004420559 ubox
113 401 0.004998752 ubox
114 120 0.014462623 ubox
114 128 0.071503138 ubox
114 135 0.004391843 ubox
114 138 0.003572854 ubox
114 141 0.021466190 ubox
114 148 0.009744845 ubox
114 151 0.017576900 ubox
114 224 0.004131930 ubox
114 232 0.006856352 ubox
114 337 0.310959105 ubox
114 400 0.005147356 ubox
115 121 0.008117967 ubox
115 127 0.071448354 ubox
115 147 0.009494652 ubox
115 222 0.003656856 ubox
115 223 0.004596209 ubox
115 228 0.005512602 ubox
115 231 0.007119900 ubox
115 336 0.270745624 ubox
115 366 0.005965689 ubox
116 120 0.009472210 ubox
116 126 0.068549104 ubox
116 138 0.007317310 ubox
116 141 0.028500800 ubox
116 221 0.004097261 ubox
116 225 0.192164854 ubox
116 227 0.006226458 ubox
116 230 0.007344237 ubox
116 335 0.209559914 ubox
116 365 0.006211492 ubox
117 126 0.028471659 ubox
117 135 0.005877826 ubox
117 137 0.007270775 ubox
117 138 0.018796293 ubox
117 140 0.028543971 ubox
117 141 0.006739393 ubox
117 224 0.193278132 ubox
117 225 0.020340862 ubox
117 227 0.027790651 ubox
117 229 0.007103580 ubox
117 334 0.182507375 ubox
117 335 0.005110690 ubox
117 364 0.006195679 ubox
118 125 0.033232504 ubox
118 133 0.077316472 ubox
118 134 0.005722778 ubox
118 137 0.004717880 ubox
118 138 0.028608198 ubox
118 141 0.007001231 ubox
118 162 0.003226952 ubox
118 219 0.006310454 ubox
118 224 0.019046251 ubox
118 225 0.014519174 ubox
118 226 0.040148052 ubox
118 301 0.058327022 ubox
118 333 0.103440086 ubox
118 363 0.003856308 ubox
119 128 0.017285608 ubox
119 132 0.082054033 ubox
119 137 0.035192413 ubox
119 140 0.010914452 ubox
119 161 0.005722753 ubox
119 218 0.006599698 ubox
119 221 0.259750939 ubox
119 224 0.020373541 ubox
119 225 0.041146729 ubox
119 294 0.044804703 ubox
119 300 0.062094091 ubox
119 303 0.038688924 ubox
119 331 0.005700668 ubox
119 363 0.005017959 ubox
120 127 0.013151881 ubox
120 129 0.029594524 ubox
120 131 0.080404390 ubox
120 136 0.035697463 ubox
120 139 0.011234140 ubox
120 142 0.005801988 ubox
120 160 0.005774232 ubox
120 220 0.261475592 ubox
120 223 0.019707014 ubox
120 293 0.045765553 ubox
120 299 0.062108048 ubox
120 302 0.038970755 ubox
120 330 0.004435863 ubox
120 362 0.004991035 ubox
121 126 0.006165361 ubox
121 128 0.030619165 ubox
121 133 0.003577112 ubox
121 134 0.003896681 ubox
121 135 0.035450072 ubox
121 138 0.011199032 ubox
121 141 0.005777910 ubox
121 218 0.005098862 ubox
121 219 0.260464467 ubox
121 225 0.012815156 ubox
121 226 0.004753758 ubox
121 292 0.045538485 ubox
121 298 0.062036485 ubox
121 301 0.038959733 ubox
122 128 0.016510394 ubox
122 132 0.003707912 ubox
122 133 0.004171655 ubox
122 134 0.032665188 ubox
122 137 0.006392724 ubox
122 140 0.004832278 ubox
122 218 0.257378314 ubox
122 224 0.019937835 ubox
122 225 0.004446088 ubox
122 291 0.044785861 ubox
122 297 0.060212761 ubox
122 300 0.037863256 ubox
123 127 0.014167652 ubox
123 223 0.021843366 ubox
123 290 0.042675048 ubox
123 296 0.054574763 ubox
123 299 0.035715363 ubox
124 222 0.022437888 ubox
124 223 0.004288150 ubox
125 155 0.034161917 ubox
125 165 0.009128715 ubox
125 222 0.004284114 ubox
125 286 0.025609457 ubox
125 296 0.034671050 ubox
125 306 0.004574413 ubox
126 136 0.013561749 ubox
126 139 0.004629742 ubox
126 154 0.037416201 ubox
126 164 0.010231048 ubox
126 212 0.006357712 ubox
126 216 0.010200810 ubox
126 220 0.017311540 ubox
126 285 0.026816053 ubox
126 293 0.034848519 ubox
126 295 0.038954492 ubox
126 305 0.005709560 ubox
127 135 0.013485965 ubox
127 137 0.027195517 ubox
127 138 0.003282963 ubox
127 140 0.005649062 ubox
127 150 0.005844849 ubox
127 153 0.037436092 ubox
127 211 0.007035148 ubox
127 215 0.010065784 ubox
127 217 0.286785085 ubox
127 219 0.012359123 ubox
127 284 0.021509431 ubox
127 291 0.006767215 ubox
127 292 0.019161939 ubox
127 294 0.036056078 ubox
128 136 0.095535667 ubox
128 139 0.006589390 ubox
128 149 0.005937835 ubox
128 152 0.037447052 ubox
128 163 0.011588401 ubox
128 210 0.007104290 ubox
128 216 0.291402138 ubox
128 283 0.020397981 ubox
128 290 0.016083933 ubox
128 293 0.035136860 ubox
128 295 0.005685047 ubox
128 304 0.006513264 ubox
129 135 0.096013583 ubox
129 138 0.006584673 ubox
129 148 0.005935494 ubox
129 151 0.037444395 ubox
129 162 0.011542205 ubox
129 215 0.291576498 ubox
129 227 0.003470539 ubox
129 289 0.016805644 ubox
129 294 0.005665143 ubox
129 303 0.006515130 ubox
130 134 0.086086999 ubox
130 137 0.004796391 ubox
130 150 0.036981532 ubox
130 162 0.005897317 ubox
130 214 0.280423061 ubox
130 226 0.004039635 ubox
130 288 0.015605446 ubox
130 292 0.024576661 ubox
130 301 0.005754623 ubox
131 137 0.011611449 ubox
131 140 0.003664787 ubox
131 148 0.019781019 ubox
131 161 0.016398883 ubox
131 208 0.003366949 ubox
131 225 0.004078312 ubox
131 291 0.024590103 ubox
131 300 0.005793014 ubox
132 136 0.013832011 ubox
132 139 0.003641592 ubox
132 146 0.021063593 ubox
132 147 0.011381019 ubox
132 156 0.006051134 ubox
132 160 0.016734610 ubox
132 207 0.003316618 ubox
132 290 0.019511797 ubox
132 299 0.005130618 ubox
133 145 0.020883265 ubox
133 155 0.006100297 ubox
133 159 0.016729685 ubox
133 223 0.003420805 ubox
134 147 0.003633659 ubox
134 155 0.003374704 ubox
134 158 0.016677892 ubox
134 222 0.003212145 ubox
134 286 0.006776230 ubox
135 142 0.026685358 ubox
135 146 0.003574244 ubox
135 149 0.023387089 ubox
135 152 0.030866970 ubox
135 154 0.003458743 ubox
135 157 0.015791591 ubox
135 206 0.007305605 ubox
135 209 0.310761192 ubox
135 285 0.006916301 ubox
136 141 0.026814781 ubox
136 148 0.023413263 ubox
136 151 0.031413203 ubox
136 171 0.003484469 ubox
136 205 0.007341258 ubox
136 208 0.311438295 ubox
137 143 0.007040505 ubox
137 147 0.023111251 ubox
137 155 0.008418464 ubox
137 156 0.006847992 ubox
137 170 0.003583272 ubox
137 204 0.007341993 ubox
137 207 0.311452541 ubox
137 210 0.017784228 ubox
137 281 0.009074345 ubox
138 142 0.006929267 ubox
138 146 0.022798190 ubox
138 149 0.040230067 ubox
138 152 0.013497456 ubox
138 154 0.008512448 ubox
138 155 0.004306487 ubox
138 169 0.003612112 ubox
138 203 0.007334256 ubox
138 206 0.311459322 ubox
138 209 0.018092251 ubox
138 280 0.009219131 ubox
139 148 0.040407005 ubox
139 151 0.013510396 ubox
139 168 0.003606680 ubox
139 191 0.003331185 ubox
139 199 0.008404975 ubox
139 205 0.311418414 ubox
139 208 0.018095698 ubox
139 279 0.009221986 ubox
140 147 0.039905010 ubox
140 164 0.005944580 ubox
140 170 0.003212452 ubox
140 190 0.003345856 ubox
140 194 0.003671014 ubox
140 198 0.015672196 ubox
140 203 0.005114540 ubox
140 204 0.311033024 ubox
140 207 0.018095390 ubox
140 278 0.009221098 ubox
141 146 0.038988292 ubox
141 149 0.015425337 ubox
141 152 0.011115701 ubox
141 163 0.006737885 ubox
141 169 0.003621660 ubox
141 189 0.003293607 ubox
141 193 0.003782415 ubox
141 197 0.065175391 ubox
141 202 0.003644939 ubox
141 203 0.304222682 ubox
141 206 0.018086878 ubox
141 277 0.009185863 ubox
142 148 0.015642808 ubox
142 151 0.011329785 ubox
142 162 0.006905809 ubox
142 167 0.027165318 ubox
142 168 0.004381301 ubox
142 196 0.186538266 ubox
142 205 0.015291424 ubox
142 237 0.006003297 ubox
143 161 0.006895366 ubox
143 166 0.027235281 ubox
143 167 0.004353525 ubox
143 195 0.186323018 ubox
143 199 0.143479944 ubox
143 236 0.006004408 ubox
144 165 0.026472406 ubox
144 189 0.007628292 ubox
144 197 0.074656604 ubox
144 198 0.127867655 ubox
144 202 0.020658623 ubox
145 188 0.005185238 ubox
145 192 0.181578277 ubox
145 196 0.097403227 ubox
145 200 0.052341566 ubox
145 201 0.020781411 ubox
145 235 0.005855154 ubox
146 162 0.026081658 ubox
146 191 0.183831568 ubox
146 195 0.099723540 ubox
146 196 0.082337758 ubox
146 199 0.054386929 ubox
146 234 0.005861447 ubox
147 161 0.026155718 ubox
147 188 0.283533377 ubox
147 191 0.005705254 ubox
147 195 0.059720224 ubox
148 160 0.026122120 ubox
148 163 0.009638650 ubox
148 184 0.005324504 ubox
148 187 0.309525098 ubox
148 194 0.022056228 ubox
148 197 0.004351675 ubox
148 233 0.008077882 ubox
149 162 0.009633122 ubox
149 166 0.007267077 ubox
149 183 0.006216095 ubox
149 186 0.310145184 ubox
149 196 0.004452153 ubox
149 232 0.008679765 ubox
150 158 0.024783051 ubox
150 159 0.007323151 ubox
150 165 0.007282654 ubox
150 182 0.005024095 ubox
150 185 0.309135963 ubox
150 231 0.008665207 ubox
151 157 0.025279714 ubox
151 158 0.006115559 ubox
151 163 0.005537941 ubox
151 164 0.006266358 ubox
151 182 0.065009924 ubox
151 184 0.303054530 ubox
152 162 0.006662856 ubox
152 181 0.070140326 ubox
152 183 0.302537559 ubox
152 229 0.008686247 ubox
153 180 0.075319068 ubox
153 182 0.301000231 ubox
153 228 0.008690460 ubox
154 162 0.003480720 ubox
154 179 0.080138663 ubox
154 181 0.299409575 ubox
154 227 0.008692657 ubox
155 161 0.003218979 ubox
155 168 0.007466347 ubox
155 178 0.081505690 ubox
155 226 0.008691204 ubox
156 161 0.003168089 ubox
156 162 0.007842666 ubox
156 167 0.009015416 ubox
156 168 0.004559847 ubox
156 225 0.008688902 ubox
157 161 0.007810090 ubox
157 166 0.009039047 ubox
157 167 0.004591410 ubox
157 179 0.130014998 ubox
157 224 0.008626356 ubox
158 166 0.004528499 ubox
158 178 0.121297404 ubox
158 179 0.022516365 ubox
158 201 0.006425657 ubox
159 178 0.026606800 ubox
159 200 0.007396486 ubox
160 171 0.304843276 ubox
160 173 0.015354728 ubox
160 199 0.007464327 ubox
160 208 0.006538173 ubox
160 221 0.006730043 ubox
161 170 0.307024697 ubox
161 175 0.044993936 ubox
161 198 0.007436202 ubox
161 207 0.006716175 ubox
161 220 0.006450532 ubox
162 169 0.307048684 ubox
162 172 0.005702885 ubox
162 174 0.045230103 ubox
162 180 0.004030865 ubox
162 197 0.007463919 ubox
162 206 0.006779944 ubox
162 216 0.003557873 ubox
163 168 0.305959553 ubox
163 171 0.005779669 ubox
163 173 0.045202658 ubox
163 179 0.003871917 ubox
163 196 0.007382083 ubox
163 205 0.006740955 ubox
163 215 0.003546681 ubox
164 179 0.003619143 ubox
164 195 0.007274260 ubox
164 218 0.004900999 ubox
165 171 0.035413135 ubox
165 178 0.003873981 ubox
165 217 0.004891702 ubox
166 170 0.034478894 ubox
166 172 0.004591254 ubox
166 177 0.003615247 ubox
166 194 0.007063938 ubox
166 204 0.004280046 ubox
166 216 0.004830927 ubox
167 175 0.005832822 ubox
167 193 0.007057586 ubox
167 198 0.009780294 ubox
167 203 0.004280344 ubox
167 210 0.004843493 ubox
168 174 0.005890615 ubox
168 197 0.029351685 ubox
168 209 0.004851719 ubox
169 173 0.005876851 ubox
169 196 0.030829675 ubox
169 208 0.004804867 ubox
170 191 0.005717744 ubox
170 195 0.030841485 ubox
171 189 0.004949636 ubox
171 190 0.005587515 ubox
171 194 0.030821387 ubox
171 206 0.004562327 ubox
172 176 0.003351299 ubox
172 178 0.007789498 ubox
172 179 0.005764376 ubox
172 188 0.007421972 ubox
172 205 0.004414082 ubox
173 177 0.006983644 ubox
173 187 0.007513922 ubox
173 193 0.031073562 ubox
173 204 0.004350267 ubox
174 186 0.005761209 ubox
174 192 0.031081474 ubox
174 200 0.004109363 ubox
175 181 0.003597822 ubox
175 183 0.003666858 ubox
175 186 0.004969666 ubox
175 191 0.031049547 ubox
175 199 0.004172662 ubox
176 180 0.003378480 ubox
176 182 0.003708828 ubox
176 184 0.004552880 ubox
176 185 0.005024953 ubox
176 189 0.005367944 ubox
176 198 0.003939533 ubox
177 181 0.003471885 ubox
177 183 0.004803881 ubox
177 188 0.005344656 ubox
178 182 0.004010621 ubox
179 187 0.011325268 ubox
179 189 0.056841693 ubox
179 220 0.008374165 ubox
179 391 0.009052128 ubox
180 186 0.011157175 ubox
180 188 0.058676863 ubox
180 195 0.003850544 ubox
180 219 0.008356134 ubox
180 390 0.010217242 ubox
181 185 0.005035296 ubox
181 187 0.058972934 ubox
181 189 0.010228561 ubox
181 190 0.004459096 ubox
181 194 0.004173476 ubox
182 186 0.054952793 ubox
182 188 0.011322971 ubox
182 191 0.003513184 ubox
182 217 0.008480863 ubox
182 388 0.011600857 ubox
183 187 0.011428818 ubox
183 189 0.003427453 ubox
183 190 0.009286217 ubox
183 193 0.014332000 ubox
183 216 0.008522379 ubox
183 220 0.003453628 ubox
183 387 0.011788711 ubox
184 188 0.006334688 ubox
184 192 0.018163227 ubox
184 215 0.008482664 ubox
184 218 0.013316471 ubox
184 386 0.008424327 ubox
185 191 0.031282207 ubox
185 200 0.003247624 ubox
185 214 0.008145511 ubox
185 217 0.029429351 ubox
185 386 0.027749403 ubox
186 190 0.045122657 ubox
186 216 0.031711083 ubox
186 385 0.031520550 ubox
187 199 0.003797287 ubox
187 215 0.031675532 ubox
187 384 0.032061911 ubox
187 392 0.006875628 ubox
188 197 0.030952157 ubox
188 198 0.003516281 ubox
188 202 0.009785568 ubox
188 212 0.004031988 ubox
188 383 0.031291589 ubox
188 391 0.006891930 ubox
189 196 0.040719400 ubox
189 200 0.174279607 ubox
189 201 0.010069862 ubox
189 211 0.004136100 ubox
189 390 0.006888678 ubox
190 195 0.043328778 ubox
190 199 0.178958565 ubox
190 208 0.010559972 ubox
190 381 0.031889177 ubox
190 384 0.006568437 ubox
190 389 0.006585157 ubox
191 198 0.169865736 ubox
191 207 0.010673012 ubox
191 380 0.032056840 ubox
191 383 0.007862121 ubox
192 197 0.145232343 ubox
192 379 0.031184681 ubox
192 382 0.007966889 ubox
193 381 0.007820379 ubox
194 205 0.036380097 ubox
194 208 0.036458698 ubox
195 204 0.038826732 ubox
195 207 0.037062488 ubox
195 246 0.003355786 ubox
195 374 0.029248194 ubox
195 375 0.007494617 ubox
195 379 0.008189701 ubox
195 380 0.003300648 ubox
195 434 0.004588926 ubox
196 202 0.008470808 ubox
196 203 0.038863249 ubox
196 206 0.037162984 ubox
196 245 0.003490268 ubox
196 373 0.029376536 ubox
196 374 0.007786574 ubox
196 378 0.009927323 ubox
196 433 0.004678281 ubox
197 201 0.009659518 ubox
197 205 0.032302709 ubox
197 244 0.003807556 ubox
197 372 0.028696810 ubox
197 377 0.009894478 ubox
197 432 0.004662749 ubox
198 205 0.063179734 ubox
198 208 0.009259751 ubox
198 211 0.009210797 ubox
198 221 0.003883711 ubox
198 243 0.004153425 ubox
198 284 0.003177079 ubox
198 369 0.107643242 ubox
198 371 0.016768530 ubox
198 376 0.005514038 ubox
198 431 0.004525197 ubox
199 204 0.110916615 ubox
199 207 0.023156222 ubox
199 210 0.011664124 ubox
199 220 0.006767091 ubox
199 242 0.004262463 ubox
199 283 0.003815494 ubox
199 368 0.143751418 ubox
199 403 0.003897874 ubox
199 404 0.011423296 ubox
199 430 0.009694499 ubox
199 435 0.005818332 ubox
200 222 0.003911587 ubox
200 223 0.004578140 ubox
200 282 0.003666005 ubox
200 367 0.144224479 ubox
200 402 0.004435730 ubox
200 403 0.011396270 ubox
200 435 0.004115378 ubox
201 212 0.006991004 ubox
201 222 0.005444344 ubox
201 366 0.144321115 ubox
201 401 0.004462948 ubox
201 402 0.010432203 ubox
201 435 0.004111750 ubox
202 211 0.007481443 ubox
202 219 0.049613396 ubox
202 221 0.004024628 ubox
202 226 0.056248417 ubox
202 235 0.016358577 ubox
202 238 0.009842117 ubox
202 365 0.144318088 ubox
202 400 0.003843343 ubox
202 432 0.111558638 ubox
203 218 0.052299125 ubox
203 225 0.057586118 ubox
203 230 0.016637088 ubox
203 234 0.016833892 ubox
203 237 0.010204409 ubox
203 364 0.144434568 ubox
203 431 0.118651402 ubox
204 221 0.009316724 ubox
204 224 0.057606918 ubox
204 229 0.016678084 ubox
204 232 0.026088366 ubox
204 234 0.003188452 ubox
204 236 0.010177343 ubox
204 363 0.144413823 ubox
204 400 0.009481908 ubox
204 426 0.004710316 ubox
204 428 0.642228701 ubox
204 431 0.091466456 ubox
205 216 0.093762973 ubox
205 220 0.009646610 ubox
205 222 0.011641350 ubox
205 223 0.053879091 ubox
205 228 0.016641632 ubox
205 231 0.032237548 ubox
205 233 0.003654310 ubox
205 360 0.004717022 ubox
205 362 0.142248373 ubox
205 399 0.009469426 ubox
205 424 0.003975687 ubox
205 425 0.003581034 ubox
205 427 0.650288342 ubox
205 429 0.325691498 ubox
205 430 0.118960643 ubox
206 215 0.094682944 ubox
206 221 0.015857860 ubox
206 225 0.006402657 ubox
206 227 0.016613039 ubox
206 230 0.033757765 ubox
206 359 0.007358700 ubox
206 423 0.003976343 ubox
206 426 0.649035213 ubox
206 428 0.237342667 ubox
207 221 0.052640556 ubox
207 224 0.006458669 ubox
207 229 0.033759492 ubox
207 232 0.012836073 ubox
207 359 0.076017808 ubox
207 423 0.005933781 ubox
207 426 0.055387660 ubox
207 428 0.574440193 ubox
207 431 0.021374472 ubox
208 216 0.121636321 ubox
208 220 0.050467630 ubox
208 222 0.009397189 ubox
208 223 0.004735610 ubox
208 228 0.033478630 ubox
208 231 0.014824662 ubox
208 358 0.075674349 ubox
208 360 0.043956396 ubox
208 396 0.005715602 ubox
208 422 0.004402484 ubox
208 424 0.636436166 ubox
208 425 0.051226525 ubox
208 427 0.623416827 ubox
208 429 0.158584923 ubox
208 430 0.007238612 ubox
209 215 0.122284061 ubox
209 221 0.009997651 ubox
209 225 0.028962262 ubox
209 227 0.032880895 ubox
209 230 0.015290153 ubox
209 359 0.044616363 ubox
209 395 0.005689353 ubox
209 423 0.623479663 ubox
209 426 0.607484894 ubox
209 428 0.160653042 ubox
210 224 0.030190329 ubox
210 229 0.015299149 ubox
210 300 0.032091171 ubox
210 303 0.006874779 ubox
210 423 0.101880730 ubox
210 426 0.206130073 ubox
210 431 0.017159398 ubox
211 222 0.005195747 ubox
211 223 0.028473997 ubox
211 228 0.015222783 ubox
211 299 0.032217541 ubox
211 302 0.006885087 ubox
211 357 0.033258861 ubox
211 360 0.006141199 ubox
211 422 0.115801048 ubox
211 425 0.243053480 ubox
211 430 0.017252694 ubox
212 221 0.006448910 ubox
212 224 0.016949335 ubox
212 227 0.014211460 ubox
212 298 0.030950163 ubox
212 301 0.006582009 ubox
212 307 0.007757933 ubox
212 356 0.032687295 ubox
212 359 0.006117830 ubox
212 423 0.542826600 ubox
212 426 0.012192953 ubox
212 431 0.007053634 ubox
213 223 0.016029243 ubox
213 306 0.009130583 ubox
213 353 0.076660709 ubox
213 354 0.016741876 ubox
213 422 0.831988445 ubox
213 425 0.022781794 ubox
213 430 0.009538611 ubox
214 222 0.014570809 ubox
214 223 0.040192311 ubox
214 296 0.032934126 ubox
214 306 0.005904200 ubox
214 352 0.079816633 ubox
214 353 0.016953755 ubox
214 354 0.010080157 ubox
214 421 0.857380720 ubox
214 422 0.013517541 ubox
214 425 0.316443041 ubox
214 430 0.005858904 ubox
215 222 0.050014524 ubox
215 290 0.004658164 ubox
215 295 0.033936037 ubox
215 304 0.093265409 ubox
215 305 0.005835071 ubox
215 344 0.004678750 ubox
215 351 0.079651636 ubox
215 352 0.016263963 ubox
215 353 0.008046666 ubox
215 360 0.007882758 ubox
215 420 0.860606611 ubox
215 421 0.003517735 ubox
215 424 0.323972057 ubox
215 427 0.085639390 ubox
215 429 0.005848985 ubox
216 221 0.050998692 ubox
216 224 0.017611359 ubox
216 289 0.005238332 ubox
216 291 0.009800029 ubox
216 294 0.033757954 ubox
216 303 0.093818069 ubox
216 343 0.004726491 ubox
216 350 0.079169277 ubox
216 359 0.008086827 ubox
216 414 0.006377554 ubox
216 419 0.859123713 ubox
216 423 0.323960374 ubox
216 426 0.086069296 ubox
216 428 0.005605946 ubox
216 431 0.003768278 ubox
217 223 0.017341651 ubox
217 286 0.006351162 ubox
217 290 0.010266750 ubox
217 296 0.009755610 ubox
217 302 0.093279163 ubox
217 346 0.011829301 ubox
217 352 0.005508842 ubox
217 353 0.006792454 ubox
217 354 0.033962827 ubox
217 402 0.003574968 ubox
217 403 0.105344819 ubox
217 409 0.004774009 ubox
217 413 0.007731801 ubox
217 421 0.027401195 ubox
217 422 0.318330787 ubox
217 425 0.086097314 ubox
217 430 0.004110135 ubox
218 222 0.011816102 ubox
218 250 0.003728863 ubox
218 285 0.007776571 ubox
218 295 0.021655410 ubox
218 305 0.005430989 ubox
218 341 0.004862514 ubox
218 345 0.011951381 ubox
218 347 0.021219401 ubox
218 351 0.003642265 ubox
218 352 0.006695677 ubox
218 353 0.042103967 ubox
218 354 0.028835808 ubox
218 355 0.030499433 ubox
218 358 0.006510695 ubox
218 361 0.103864940 ubox
218 402 0.127143651 ubox
218 403 0.004944756 ubox
218 404 0.006934536 ubox
218 408 0.004714078 ubox
218 410 0.012444159 ubox
218 420 0.037858807 ubox
218 421 0.250435509 ubox
218 422 0.041452530 ubox
218 424 0.085666631 ubox
218 429 0.004221469 ubox
219 228 0.005504642 ubox
219 249 0.003658432 ubox
219 290 0.038366780 ubox
219 340 0.005149574 ubox
219 346 0.020390460 ubox
219 352 0.043270848 ubox
219 353 0.031661930 ubox
219 354 0.029513751 ubox
219 357 0.006337972 ubox
219 360 0.104106870 ubox
219 401 0.130797628 ubox
219 402 0.003895881 ubox
219 403 0.005279314 ubox
219 409 0.012332801 ubox
219 421 0.067026172 ubox
220 227 0.006228294 ubox
220 289 0.041459638 ubox
220 291 0.007927356 ubox
220 294 0.036097485 ubox
220 300 0.115409613 ubox
220 303 0.011394339 ubox
220 339 0.005219929 ubox
220 343 0.007333050 ubox
220 359 0.104126495 ubox
220 400 0.132155230 ubox
220 414 0.478132367 ubox
220 423 0.046900084 ubox
220 428 0.004566573 ubox
221 277 0.003736772 ubox
221 285 0.042415332 ubox
221 290 0.007061664 ubox
221 293 0.036503072 ubox
221 299 0.116408985 ubox
221 302 0.011391537 ubox
221 338 0.005211397 ubox
221 342 0.007279586 ubox
221 344 0.009154578 ubox
221 351 0.093497811 ubox
221 358 0.093874665 ubox
221 399 0.131941372 ubox
221 407 0.012911286 ubox
221 413 0.466613271 ubox
221 416 0.198989456 ubox
221 420 0.326980411 ubox
221 422 0.011925182 ubox
221 427 0.004542210 ubox
222 276 0.003881294 ubox
222 284 0.039870785 ubox
222 288 0.028200840 ubox
222 289 0.003573347 ubox
222 292 0.035697520 ubox
222 298 0.117036046 ubox
222 301 0.011433452 ubox
222 337 0.004609874 ubox
222 343 0.008065953 ubox
222 350 0.098325918 ubox
222 356 0.007095671 ubox
222 398 0.112926949 ubox
222 406 0.009277983 ubox
222 412 0.329974423 ubox
222 415 0.193699903 ubox
222 419 0.328283760 ubox
222 426 0.003902227 ubox
223 247 0.007672621 ubox
223 254 0.003498153 ubox
223 275 0.003257125 ubox
223 284 0.090127977 ubox
223 287 0.030114304 ubox
223 291 0.030385548 ubox
223 297 0.116868196 ubox
223 300 0.010356465 ubox
223 349 0.130425952 ubox
223 356 0.082204324 ubox
223 398 0.043790380 ubox
223 406 0.024581760 ubox
223 412 0.775723595 ubox
223 414 0.112515140 ubox
223 418 0.328047573 ubox
224 246 0.008304482 ubox
224 251 0.097999884 ubox
224 252 0.004547120 ubox
224 281 0.011598506 ubox
224 282 0.078956904 ubox
224 283 0.098515606 ubox
224 286 0.029299784 ubox
224 290 0.018612248 ubox
224 293 0.003275782 ubox
224 296 0.116563411 ubox
224 299 0.006354900 ubox
224 305 0.007545651 ubox
224 342 0.004197621 ubox
224 345 0.003390016 ubox
224 348 0.132999233 ubox
224 354 0.006551030 ubox
224 355 0.083913046 ubox
224 397 0.061881268 ubox
224 405 0.027794130 ubox
224 408 0.007082294 ubox
224 409 0.009897462 ubox
224 410 0.021398299 ubox
224 411 0.861849499 ubox
224 413 0.008611189 ubox
224 417 0.328214372 ubox
225 245 0.008037522 ubox
225 246 0.005380490 ubox
225 250 0.121810228 ubox
225 280 0.009906387 ubox
225 281 0.112808813 ubox
225 282 0.087771640 ubox
225 283 0.116101217 ubox
225 285 0.024977206 ubox
225 295 0.115561131 ubox
225 304 0.007568337 ubox
225 341 0.003591821 ubox
225 347 0.132915051 ubox
225 353 0.017966139 ubox
225 354 0.070130706 ubox
225 355 0.006324266 ubox
225 396 0.046963087 ubox
225 404 0.027791122 ubox
225 407 0.007031666 ubox
225 408 0.012620783 ubox
225 409 0.018936226 ubox
225 410 0.862033616 ubox
225 416 0.326685073 ubox
226 245 0.005265045 ubox
226 249 0.122841004 ubox
226 282 0.120251766 ubox
226 286 0.010246773 ubox
226 296 0.005873970 ubox
226 340 0.003343088 ubox
226 346 0.129050218 ubox
226 352 0.024421846 ubox
226 353 0.061504938 ubox
226 354 0.006850279 ubox
226 403 0.026831453 ubox
226 409 0.859312229 ubox
227 242 0.044836245 ubox
227 248 0.123244468 ubox
227 280 0.381221755 ubox
227 281 0.087329032 ubox
227 285 0.011718793 ubox
227 293 0.033039162 ubox
227 295 0.006435207 ubox
227 344 0.008246555 ubox
227 345 0.070818429 ubox
227 351 0.029002854 ubox
227 352 0.016186304 ubox
227 399 0.020455803 ubox
227 402 0.004139212 ubox
227 407 0.601384669 ubox
227 408 0.606588178 ubox
227 413 0.284632398 ubox
227 416 0.023448542 ubox
228 241 0.045375403 ubox
228 247 0.123509008 ubox
228 279 0.397518613 ubox
228 284 0.011462456 ubox
228 287 0.013623090 ubox
228 289 0.004136977 ubox
228 292 0.031842735 ubox
228 294 0.006337985 ubox
228 297 0.003489017 ubox
228 343 0.011119383 ubox
228 349 0.032086930 ubox
228 350 0.019764146 ubox
228 398 0.024386099 ubox
228 406 0.848113012 ubox
228 412 0.285143800 ubox
228 415 0.043279818 ubox
229 240 0.045469765 ubox
229 246 0.123550878 ubox
229 251 0.005279441 ubox
229 278 0.404599763 ubox
229 281 0.030836652 ubox
229 283 0.008518275 ubox
229 286 0.013985335 ubox
229 290 0.006327477 ubox
229 293 0.006163628 ubox
229 296 0.003712267 ubox
229 342 0.009045208 ubox
229 345 0.012571626 ubox
229 348 0.036288466 ubox
229 352 0.008927090 ubox
229 397 0.024486688 ubox
229 404 0.010306354 ubox
229 405 0.850951824 ubox
229 408 0.044151186 ubox
229 410 0.003552295 ubox
229 411 0.284909834 ubox
230 239 0.045572524 ubox
230 242 0.005783893 ubox
230 245 0.122154714 ubox
230 250 0.007996552 ubox
230 277 0.404796605 ubox
230 280 0.032049353 ubox
230 282 0.006410817 ubox
230 285 0.013511630 ubox
230 290 0.017954763 ubox
230 295 0.003868240 ubox
230 341 0.004645021 ubox
230 344 0.013766152 ubox
230 347 0.036242785 ubox
230 351 0.010280442 ubox
230 396 0.024151805 ubox
230 399 0.013418939 ubox
230 401 0.003837545 ubox
230 403 0.009695599 ubox
230 404 0.848922557 ubox
230 407 0.050073543 ubox
230 408 0.004533036 ubox
230 409 0.004276624 ubox
230 410 0.284163445 ubox
230 413 0.052908383 ubox
231 238 0.045273889 ubox
231 241 0.006257298 ubox
231 243 0.098272980 ubox
231 244 0.089348261 ubox
231 247 0.003298435 ubox
231 274 0.018008629 ubox
231 276 0.393271219 ubox
231 279 0.032463500 ubox
231 284 0.012649887 ubox
231 287 0.201360521 ubox
231 289 0.018795717 ubox
231 294 0.003905490 ubox
231 343 0.013693951 ubox
231 349 0.135984048 ubox
231 350 0.009728897 ubox
231 395 0.021040259 ubox
231 398 0.023451256 ubox
231 400 0.124347781 ubox
231 406 0.050611457 ubox
231 412 0.053255338 ubox
232 239 0.018365720 ubox
232 242 0.129701000 ubox
232 246 0.003432260 ubox
232 248 0.045244772 ubox
232 273 0.022466419 ubox
232 277 0.016274235 ubox
232 278 0.031980991 ubox
232 280 0.011905383 ubox
232 283 0.011088220 ubox
232 285 0.840217152 ubox
232 286 0.046567899 ubox
232 293 0.003664882 ubox
232 342 0.013052529 ubox
232 344 0.010351159 ubox
232 348 0.140727436 ubox
232 397 0.020285006 ubox
232 399 0.127976904 ubox
232 401 0.014987671 ubox
232 405 0.046728603 ubox
232 407 0.178425566 ubox
232 411 0.053275683 ubox
233 238 0.018360153 ubox
233 241 0.129568408 ubox
233 243 0.016723823 ubox
233 247 0.048846790 ubox
233 254 0.030434368 ubox
233 274 0.358877190 ubox
233 276 0.015948597 ubox
233 279 0.011753557 ubox
233 284 0.849489331 ubox
233 343 0.010272321 ubox
233 349 0.015810813 ubox
233 398 0.123495314 ubox
233 400 0.013068490 ubox
233 406 0.177786096 ubox
234 240 0.124596814 ubox
234 242 0.018116889 ubox
234 246 0.049378922 ubox
234 249 0.004348886 ubox
234 250 0.015604954 ubox
234 252 0.018516843 ubox
234 253 0.035739071 ubox
234 270 0.116318809 ubox
234 273 0.398762589 ubox
234 278 0.008722025 ubox
234 283 0.850976795 ubox
234 342 0.009968720 ubox
234 347 0.154444732 ubox
234 348 0.011785784 ubox
234 397 0.116903103 ubox
234 399 0.014543055 ubox
234 402 0.004389386 ubox
234 403 0.005886212 ubox
234 404 0.036755138 ubox
234 405 0.174349854 ubox
234 410 0.054166509 ubox
235 245 0.048745832 ubox
235 248 0.008133183 ubox
235 249 0.017745838 ubox
235 251 0.049424827 ubox
235 252 0.054077560 ubox
235 269 0.120612032 ubox
235 272 0.402874421 ubox
235 282 0.851066760 ubox
235 341 0.008901601 ubox
235 346 0.157088788 ubox
235 401 0.004608158 ubox
235 402 0.006558278 ubox
235 403 0.039581253 ubox
235 409 0.055754381 ubox
236 246 0.008550978 ubox
236 248 0.016469048 ubox
236 250 0.054558801 ubox
236 251 0.063761771 ubox
236 268 0.121429236 ubox
236 271 0.403500662 ubox
236 278 0.013438517 ubox
236 281 0.851195055 ubox
236 340 0.006050497 ubox
236 342 0.005662668 ubox
236 345 0.157479663 ubox
236 346 0.003296623 ubox
236 348 0.037600808 ubox
236 362 0.004026371 ubox
236 397 0.009371002 ubox
236 401 0.005616623 ubox
236 402 0.033201968 ubox
236 403 0.119844950 ubox
236 404 0.101095994 ubox
236 405 0.038972526 ubox
236 408 0.055768169 ubox
237 245 0.006556902 ubox
237 246 0.059968039 ubox
237 249 0.052839673 ubox
237 250 0.068289224 ubox
237 252 0.003279241 ubox
237 267 0.121440407 ubox
237 270 0.403444377 ubox
237 277 0.014216572 ubox
237 280 0.849656764 ubox
237 341 0.005974101 ubox
237 344 0.156164193 ubox
237 345 0.003730352 ubox
237 347 0.037824016 ubox
237 361 0.004068756 ubox
237 396 0.008921879 ubox
237 401 0.022276100 ubox
237 402 0.133885871 ubox
237 403 0.095436191 ubox
237 404 0.041359164 ubox
237 407 0.055637968 ubox
238 245 0.069445912 ubox
238 248 0.051952009 ubox
238 249 0.067264474 ubox
238 251 0.015020795 ubox
238 252 0.012158930 ubox
238 265 0.006561439 ubox
238 266 0.118427550 ubox
238 269 0.391021413 ubox
238 290 0.009486041 ubox
238 340 0.009917189 ubox
238 341 0.003342755 ubox
238 346 0.036051023 ubox
238 360 0.004063371 ubox
238 401 0.137536681 ubox
238 402 0.085914655 ubox
238 403 0.040365255 ubox
239 255 0.027122098 ubox
239 256 0.006369720 ubox
239 262 0.026012129 ubox
239 289 0.010922126 ubox
239 339 0.009909600 ubox
239 359 0.004011959 ubox
239 395 0.005376681 ubox
239 400 0.138522733 ubox
240 254 0.031575250 ubox
240 255 0.006233494 ubox
240 261 0.025582577 ubox
240 274 0.065274086 ubox
240 287 0.004838153 ubox
240 288 0.010120799 ubox
240 394 0.004286549 ubox
241 253 0.032368963 ubox
241 260 0.020678680 ubox
241 273 0.067184679 ubox
241 286 0.005292316 ubox
241 290 0.004425621 ubox
241 340 0.066792082 ubox
241 401 0.054320494 ubox
242 261 0.061447504 ubox
242 289 0.004702497 ubox
242 291 0.004869331 ubox
242 303 0.023056539 ubox
242 337 0.006709097 ubox
242 339 0.067145691 ubox
242 400 0.055930939 ubox
243 249 0.060223686 ubox
243 252 0.070784090 ubox
243 253 0.066563889 ubox
243 260 0.046735240 ubox
243 266 0.045545198 ubox
243 273 0.054545275 ubox
243 290 0.004863704 ubox
243 302 0.016704639 ubox
243 336 0.005659063 ubox
243 341 0.004268706 ubox
243 402 0.008352271 ubox
244 248 0.052177161 ubox
244 251 0.076002654 ubox
244 252 0.080719952 ubox
244 260 0.114775727 ubox
244 265 0.047041701 ubox
244 272 0.030537896 ubox
244 302 0.090285387 ubox
244 340 0.004227384 ubox
244 401 0.009711856 ubox
245 256 0.012239832 ubox
245 257 0.019604790 ubox
245 259 0.123721886 ubox
245 262 0.353087150 ubox
245 264 0.035197742 ubox
245 292 0.079370251 ubox
245 301 0.101699072 ubox
245 339 0.003777865 ubox
245 393 0.006193481 ubox
245 400 0.009173332 ubox
245 415 0.005472264 ubox
246 255 0.014618231 ubox
246 256 0.019652856 ubox
246 258 0.123279189 ubox
246 261 0.389444054 ubox
246 291 0.083147198 ubox
246 300 0.102448073 ubox
246 303 0.009512232 ubox
246 337 0.006358463 ubox
246 392 0.006339148 ubox
246 414 0.006027832 ubox
247 260 0.385270944 ubox
247 290 0.082872746 ubox
247 299 0.102204057 ubox
247 302 0.009595994 ubox
247 336 0.004739472 ubox
247 391 0.006292809 ubox
247 413 0.006001785 ubox
248 255 0.012763998 ubox
248 256 0.022853703 ubox
248 257 0.108817301 ubox
248 258 0.147236344 ubox
248 259 0.300475386 ubox
248 275 0.028228940 ubox
248 276 0.063196728 ubox
248 289 0.074230397 ubox
248 292 0.015685095 ubox
248 298 0.100579359 ubox
248 301 0.009389925 ubox
248 390 0.005760813 ubox
248 412 0.005687916 ubox
249 254 0.013936704 ubox
249 255 0.019920817 ubox
249 256 0.111079880 ubox
249 257 0.211504342 ubox
249 258 0.184499959 ubox
249 259 0.207577228 ubox
249 262 0.003186335 ubox
249 274 0.025356978 ubox
249 275 0.060868729 ubox
249 288 0.046693887 ubox
249 291 0.016516580 ubox
249 292 0.042278138 ubox
249 297 0.085831227 ubox
249 300 0.008473509 ubox
249 389 0.004869347 ubox
250 255 0.112193318 ubox
250 256 0.231880262 ubox
250 258 0.281520793 ubox
250 261 0.003389214 ubox
250 289 0.052011565 ubox
250 291 0.045088808 ubox
250 300 0.003657855 ubox
250 389 0.003625596 ubox
251 255 0.207423792 ubox
251 257 0.280120210 ubox
251 258 0.006619384 ubox
251 259 0.004223741 ubox
251 275 0.293991212 ubox
251 276 0.454969401 ubox
251 288 0.044966160 ubox
251 289 0.085355331 ubox
251 298 0.003395421 ubox
252 256 0.248282786 ubox
252 257 0.012377466 ubox
252 258 0.005281113 ubox
252 259 0.003845654 ubox
252 274 0.282679976 ubox
252 275 0.502955227 ubox
252 276 0.061248302 ubox
252 287 0.034680532 ubox
252 288 0.145511550 ubox
252 289 0.004256839 ubox
252 297 0.003181607 ubox
252 298 0.003299790 ubox
252 415 0.004776713 ubox
253 257 0.005802580 ubox
253 258 0.004278168 ubox
253 274 0.501719053 ubox
253 275 0.060010084 ubox
253 287 0.164577867 ubox
253 288 0.005141198 ubox
253 297 0.003540693 ubox
253 349 0.003626778 ubox
253 414 0.005158231 ubox
254 269 0.094566579 ubox
254 272 0.767646456 ubox
254 273 0.392455238 ubox
254 282 0.003163204 ubox
254 286 0.168463577 ubox
254 346 0.003685478 ubox
254 413 0.005188264 ubox
255 267 0.003437515 ubox
255 268 0.113919597 ubox
255 269 0.006869356 ubox
255 270 0.005110425 ubox
255 271 0.849600535 ubox
255 272 0.237951269 ubox
255 278 0.007161199 ubox
255 281 0.003638002 ubox
255 285 0.168802786 ubox
255 286 0.011126200 ubox
255 345 0.004129729 ubox
255 348 0.031177964 ubox
255 405 0.015886258 ubox
255 411 0.010679288 ubox
256 266 0.003556166 ubox
256 267 0.114048562 ubox
256 268 0.009132606 ubox
256 269 0.004776003 ubox
256 270 0.850702744 ubox
256 271 0.235199266 ubox
256 273 0.032663089 ubox
256 277 0.007174895 ubox
256 280 0.003616835 ubox
256 283 0.141893927 ubox
256 285 0.013562752 ubox
256 344 0.004046796 ubox
256 347 0.031367467 ubox
256 404 0.016120378 ubox
256 410 0.010727345 ubox
257 265 0.005845064 ubox
257 266 0.112998663 ubox
257 269 0.850440625 ubox
257 272 0.035942836 ubox
257 282 0.142013156 ubox
257 346 0.031295966 ubox
257 403 0.016109909 ubox
257 409 0.010726271 ubox
258 265 0.077249467 ubox
258 266 0.023168916 ubox
258 267 0.356436554 ubox
258 268 0.766978294 ubox
258 270 0.229228652 ubox
258 271 0.036599491 ubox
258 281 0.139586655 ubox
258 283 0.094489854 ubox
258 285 0.003268175 ubox
258 342 0.003464888 ubox
258 345 0.030175603 ubox
258 347 0.003860446 ubox
258 402 0.016035181 ubox
258 408 0.010684443 ubox
259 265 0.065621639 ubox
259 266 0.493283973 ubox
259 269 0.225747385 ubox
259 282 0.093362434 ubox
259 341 0.003397481 ubox
259 346 0.003833436 ubox
259 401 0.015926320 ubox
260 264 0.065981492 ubox
260 279 0.134036351 ubox
260 343 0.004472767 ubox
260 398 0.005044153 ubox
260 400 0.015006112 ubox
260 406 0.010389597 ubox
261 267 0.176929675 ubox
261 268 0.237082923 ubox
261 269 0.008027331 ubox
261 270 0.006635329 ubox
261 271 0.010652330 ubox
261 272 0.005031294 ubox
261 278 0.139752429 ubox
261 281 0.106036600 ubox
261 305 0.016286878 ubox
261 342 0.004481528 ubox
261 345 0.007451344 ubox
261 397 0.006384877 ubox
261 399 0.012698327 ubox
261 405 0.010530333 ubox
262 266 0.116474174 ubox
262 267 0.237152561 ubox
262 268 0.011987232 ubox
262 269 0.005510007 ubox
262 270 0.010825535 ubox
262 271 0.006505230 ubox
262 277 0.139117050 ubox
262 280 0.107516252 ubox
262 304 0.016561997 ubox
262 338 0.003501695 ubox
262 344 0.008237180 ubox
262 396 0.006488672 ubox
262 404 0.010500022 ubox
263 279 0.107495356 ubox
263 303 0.016582604 ubox
263 337 0.003505794 ubox
263 343 0.008196719 ubox
263 395 0.006423902 ubox
264 302 0.016517266 ubox
265 275 0.027062211 ubox
265 276 0.036723680 ubox
265 301 0.014765939 ubox
265 394 0.003465607 ubox
266 274 0.026336744 ubox
266 275 0.040670850 ubox
266 300 0.013184643 ubox
266 301 0.003471499 ubox
266 393 0.003485175 ubox
267 300 0.004799780 ubox
267 392 0.003466764 ubox
269 292 0.004677012 ubox
269 301 0.007288014 ubox
269 390 0.003209970 ubox
270 291 0.005507941 ubox
270 300 0.008382667 ubox
270 389 0.003229004 ubox
271 289 0.021123180 ubox
272 288 0.021976539 ubox
272 298 0.013114500 ubox
272 301 0.014151683 ubox
273 287 0.022352174 ubox
273 297 0.017425851 ubox
273 300 0.018560406 ubox
273 303 0.004273974 ubox
274 286 0.021759382 ubox
274 296 0.017931499 ubox
274 299 0.018279796 ubox
274 302 0.004552448 ubox
274 403 0.016350165 ubox
275 341 0.003519382 ubox
275 402 0.019808139 ubox
275 403 0.006007010 ubox
276 290 0.007773443 ubox
276 340 0.004008099 ubox
276 401 0.020729449 ubox
276 402 0.006406573 ubox
277 289 0.008730184 ubox
277 339 0.003632710 ubox
277 364 0.003696764 ubox
277 400 0.019262501 ubox
278 291 0.047792194 ubox
278 294 0.040224032 ubox
278 300 0.010118746 ubox
278 303 0.004329007 ubox
278 339 0.004750704 ubox
278 343 0.005854994 ubox
278 363 0.003777185 ubox
278 400 0.015141778 ubox
279 290 0.052413156 ubox
279 293 0.042705574 ubox
279 295 0.223389506 ubox
279 304 0.030485271 ubox
279 338 0.005223971 ubox
279 342 0.005451791 ubox
279 362 0.003773596 ubox
279 396 0.005999057 ubox
279 399 0.017103469 ubox
279 401 0.004328153 ubox
280 289 0.052996085 ubox
280 294 0.227313220 ubox
280 303 0.031058890 ubox
280 337 0.005148050 ubox
280 395 0.005964652 ubox
280 400 0.004681737 ubox
281 289 0.027852641 ubox
281 350 0.006055029 ubox
282 288 0.028358264 ubox
282 292 0.368659640 ubox
282 301 0.059358961 ubox
282 349 0.006124463 ubox
282 415 0.015201554 ubox
283 291 0.384702764 ubox
283 300 0.062371735 ubox
283 303 0.012581865 ubox
283 414 0.015951280 ubox
284 290 0.384246418 ubox
284 299 0.060505782 ubox
284 302 0.012301806 ubox
284 401 0.005459910 ubox
284 413 0.015091228 ubox
285 289 0.379735864 ubox
285 350 0.016004741 ubox
285 400 0.006265444 ubox
286 297 0.046716556 ubox
286 300 0.010097218 ubox
286 349 0.021002960 ubox
287 296 0.039680746 ubox
287 299 0.009716101 ubox
287 353 0.093199599 ubox
287 354 0.006293564 ubox
287 402 0.019758221 ubox
287 403 0.013025633 ubox
288 296 0.066721560 ubox
288 306 0.007525665 ubox
288 311 0.003633634 ubox
288 346 0.140569636 ubox
288 352 0.124685290 ubox
288 353 0.005637107 ubox
288 401 0.021609359 ubox
288 402 0.014035782 ubox
288 403 0.006257681 ubox
288 409 0.008278628 ubox
289 295 0.077142884 ubox
289 299 0.010880465 ubox
289 302 0.006894854 ubox
289 304 0.019266819 ubox
289 305 0.009393677 ubox
289 308 0.003619502 ubox
289 310 0.004663496 ubox
289 344 0.761959136 ubox
289 345 0.116779858 ubox
289 351 0.132508856 ubox
289 357 0.010439924 ubox
289 399 0.070922031 ubox
289 401 0.009934811 ubox
289 402 0.003985386 ubox
289 407 0.029283622 ubox
289 408 0.007720668 ubox
290 294 0.071903724 ubox
290 297 0.007796579 ubox
290 298 0.011439308 ubox
290 301 0.007243036 ubox
290 303 0.019155280 ubox
290 307 0.004368078 ubox
290 309 0.004745230 ubox
290 343 0.768905075 ubox
290 349 0.129365709 ubox
290 350 0.125330622 ubox
290 356 0.010853822 ubox
290 398 0.070322301 ubox
290 400 0.008368674 ubox
290 406 0.029388130 ubox
291 296 0.007660834 ubox
291 302 0.011983378 ubox
291 306 0.004605571 ubox
291 308 0.004732935 ubox
291 341 0.124829321 ubox
291 342 0.767338762 ubox
291 347 0.408107619 ubox
291 348 0.110434294 ubox
291 355 0.010880979 ubox
291 361 0.003548252 ubox
291 397 0.067645996 ubox
291 399 0.008833913 ubox
291 402 0.029802399 ubox
291 404 0.004971783 ubox
291 405 0.027849870 ubox
292 340 0.557245321 ubox
292 341 0.543140302 ubox
292 346 0.414393527 ubox
292 354 0.010483205 ubox
292 360 0.003579446 ubox
292 401 0.037288255 ubox
292 403 0.006059454 ubox
293 300 0.064225967 ubox
293 303 0.030017361 ubox
293 339 0.777817816 ubox
293 343 0.059534326 ubox
293 359 0.003588316 ubox
293 400 0.038464570 ubox
294 299 0.043594279 ubox
294 302 0.024409260 ubox
294 304 0.117617514 ubox
294 313 0.006569568 ubox
294 338 0.778373420 ubox
294 340 0.013975698 ubox
294 342 0.059145554 ubox
294 344 0.494201883 ubox
294 351 0.011756798 ubox
294 396 0.003455051 ubox
294 399 0.034404900 ubox
295 303 0.123752982 ubox
295 312 0.006537517 ubox
295 337 0.776778241 ubox
295 339 0.014002930 ubox
295 343 0.496676231 ubox
295 350 0.011833754 ubox
295 395 0.003468406 ubox
296 303 0.015587983 ubox
296 312 0.004268615 ubox
296 337 0.017023708 ubox
296 349 0.011704869 ubox
297 302 0.020982144 ubox
297 306 0.003981163 ubox
297 311 0.008002927 ubox
297 336 0.033956523 ubox
297 341 0.485558111 ubox
297 402 0.007391972 ubox
298 310 0.008597158 ubox
298 336 0.014058341 ubox
298 340 0.528110992 ubox
298 360 0.004096234 ubox
298 401 0.008738535 ubox
299 309 0.008653906 ubox
299 335 0.003343599 ubox
299 337 0.005598753 ubox
299 339 0.529008400 ubox
299 343 0.019606454 ubox
299 359 0.004245376 ubox
299 400 0.008828989 ubox
300 306 0.003484058 ubox
300 308 0.008640675 ubox
300 311 0.007221497 ubox
300 336 0.013712253 ubox
300 338 0.528713877 ubox
300 341 0.022060055 ubox
300 342 0.023389962 ubox
300 347 0.003195789 ubox
300 358 0.004322456 ubox
300 399 0.008827581 ubox
301 310 0.008372931 ubox
301 336 0.015815189 ubox
301 340 0.025818977 ubox
301 341 0.021647530 ubox
301 357 0.004324044 ubox
301 401 0.003607677 ubox
302 309 0.008512393 ubox
302 333 0.003945593 ubox
302 335 0.003509673 ubox
302 337 0.498597308 ubox
302 339 0.026510653 ubox
302 356 0.004303470 ubox
302 398 0.003441929 ubox
302 400 0.003631313 ubox
303 308 0.008483274 ubox
303 332 0.004600405 ubox
303 336 0.953100704 ubox
303 338 0.021908193 ubox
303 355 0.004220989 ubox
303 397 0.003403997 ubox
303 399 0.003543009 ubox
304 331 0.004582128 ubox
304 335 0.977390396 ubox
304 337 0.016565107 ubox
305 334 0.983060262 ubox
305 335 0.005928631 ubox
306 331 0.013270689 ubox
306 333 0.992628435 ubox
306 334 0.003681165 ubox
307 330 0.015568742 ubox
307 332 0.997851956 ubox
308 329 0.016188319 ubox
308 331 0.999681839 ubox
308 371 0.003482503 ubox
309 328 0.015045378 ubox
309 330 0.998246473 ubox
309 370 0.003469057 ubox
310 329 0.925415450 ubox
310 369 0.003189811 ubox
311 329 0.026112405 ubox
312 327 0.994056263 ubox
312 328 0.023045138 ubox
312 330 0.003981091 ubox
313 326 0.935924637 ubox
313 329 0.004741010 ubox
314 325 0.873271563 ubox
314 326 0.351927705 ubox
314 365 0.005514573 ubox
315 324 0.805064474 ubox
315 325 0.487111636 ubox
315 364 0.005633413 ubox
316 324 0.592105546 ubox
316 325 0.003329237 ubox
316 363 0.005720173 ubox
317 323 0.675146720 ubox
317 362 0.005804472 ubox
318 322 0.659038206 ubox
318 361 0.005803748 ubox
319 360 0.005682859 ubox
320 358 0.004624150 ubox
321 357 0.004493317 ubox
323 356 0.003337202 ubox
324 353 0.004234501 ubox
324 355 0.003354226 ubox
325 352 0.005614411 ubox
326 351 0.006322715 ubox
327 350 0.006332350 ubox
328 349 0.006317571 ubox
329 348 0.006297017 ubox
333 346 0.006710392 ubox
334 345 0.007363289 ubox
335 344 0.007581406 ubox
336 343 0.008181824 ubox
337 342 0.008748245 ubox
337 344 0.075725882 ubox
337 351 0.005514075 ubox
337 401 0.012507954 ubox
338 343 0.077070462 ubox
338 350 0.005596432 ubox
338 400 0.013928428 ubox
339 399 0.013953058 ubox
340 398 0.013489118 ubox
342 400 0.015055357 ubox
343 351 0.019942529 ubox
343 396 0.007038971 ubox
343 399 0.015117540 ubox
343 401 0.019914326 ubox
344 350 0.020330149 ubox
344 395 0.006965152 ubox
344 400 0.021640290 ubox
345 395 0.004092708 ubox
346 394 0.003724828 ubox
348 363 0.003772835 ubox
348 371 0.006949550 ubox
348 414 0.005375631 ubox
348 423 0.033352223 ubox
348 426 0.012194452 ubox
349 367 0.013616092 ubox
349 370 0.006806511 ubox
349 375 0.007272832 ubox
349 379 0.024117317 ubox
349 402 0.037666723 ubox
349 403 0.007463471 ubox
349 409 0.005041199 ubox
349 413 0.005348614 ubox
349 421 0.052481804 ubox
349 422 0.023878929 ubox
349 425 0.016195860 ubox
350 360 0.022592581 ubox
350 366 0.017444599 ubox
350 374 0.008417502 ubox
350 378 0.027026892 ubox
350 396 0.932397499 ubox
350 401 0.047759344 ubox
350 408 0.005574120 ubox
350 420 0.062762555 ubox
350 421 0.003960747 ubox
350 424 0.017352967 ubox
351 359 0.023626886 ubox
351 365 0.017750820 ubox
351 395 0.931370022 ubox
351 400 0.048647908 ubox
351 419 0.062878246 ubox
351 423 0.017248600 ubox
352 364 0.017202800 ubox
352 372 0.003393749 ubox
352 377 0.027807624 ubox
352 393 0.003892896 ubox
352 394 0.759699958 ubox
352 395 0.136837356 ubox
352 418 0.060232827 ubox
353 363 0.013992290 ubox
353 365 0.003879675 ubox
353 371 0.003408912 ubox
353 376 0.028901613 ubox
353 377 0.004657582 ubox
353 389 0.003669763 ubox
353 393 0.538406111 ubox
353 394 0.569153667 ubox
353 395 0.005456661 ubox
353 418 0.003491102 ubox
353 419 0.004066732 ubox
354 364 0.005626953 ubox
354 365 0.004597162 ubox
354 372 0.013123349 ubox
354 376 0.004959808 ubox
354 388 0.004487037 ubox
354 390 0.013499371 ubox
354 392 0.096142374 ubox
354 393 0.795136406 ubox
354 394 0.007441348 ubox
354 415 0.053504793 ubox
354 418 0.004647878 ubox
355 363 0.007595108 ubox
355 364 0.005498347 ubox
355 371 0.013678316 ubox
355 384 0.024427827 ubox
355 389 0.015232389 ubox
355 392 0.960748483 ubox
355 414 0.054663768 ubox
356 366 0.018694812 ubox
356 370 0.012947156 ubox
356 373 0.050042985 ubox
356 383 0.023839474 ubox
356 385 0.011089182 ubox
356 391 0.964784968 ubox
356 401 0.011902734 ubox
356 413 0.054364149 ubox
357 364 0.007833180 ubox
357 365 0.020301669 ubox
357 369 0.011268742 ubox
357 372 0.053391781 ubox
357 384 0.008433149 ubox
357 390 0.965086347 ubox
357 393 0.070030548 ubox
357 400 0.003275349 ubox
357 412 0.052745584 ubox
357 415 0.025981239 ubox
358 363 0.010323180 ubox
358 364 0.021566937 ubox
358 371 0.053630637 ubox
358 381 0.023112764 ubox
358 384 0.071384164 ubox
358 389 0.964010149 ubox
358 392 0.075498101 ubox
358 400 0.100807086 ubox
358 414 0.026574605 ubox
359 370 0.053094673 ubox
359 373 0.006608230 ubox
359 378 0.014552590 ubox
359 380 0.023299338 ubox
359 382 0.022698113 ubox
359 383 0.096073635 ubox
359 385 0.057895755 ubox
359 387 0.728977170 ubox
359 391 0.076728365 ubox
359 399 0.101708234 ubox
359 407 0.004573986 ubox
359 413 0.026428603 ubox
359 416 0.008826695 ubox
360 369 0.052423699 ubox
360 372 0.006957912 ubox
360 377 0.014345756 ubox
360 384 0.053689315 ubox
360 386 0.703839935 ubox
360 390 0.077094732 ubox
360 398 0.095324263 ubox
360 406 0.004409058 ubox
360 412 0.025766804 ubox
360 415 0.008873249 ubox
361 371 0.006520470 ubox
361 389 0.077074205 ubox
361 414 0.008828887 ubox
362 371 0.005515643 ubox
362 381 0.954375682 ubox
362 384 0.145932940 ubox
362 400 0.024609759 ubox
362 423 0.003294178 ubox
363 370 0.005597947 ubox
363 374 0.005993955 ubox
363 375 0.044736100 ubox
363 379 0.007366044 ubox
363 380 0.971242406 ubox
363 383 0.081236684 ubox
363 397 0.106748988 ubox
363 399 0.024761057 ubox
363 409 0.026802938 ubox
363 410 0.004610708 ubox
363 411 0.003698189 ubox
363 417 0.003488387 ubox
363 422 0.003382504 ubox
364 373 0.005930462 ubox
364 374 0.050377626 ubox
364 375 0.012781058 ubox
364 378 0.012310025 ubox
364 379 0.972601525 ubox
364 380 0.025558365 ubox
364 382 0.038731346 ubox
364 383 0.013438033 ubox
364 396 0.107157325 ubox
364 397 0.030803238 ubox
364 405 0.003477002 ubox
364 408 0.027844401 ubox
364 410 0.003622674 ubox
364 411 0.003586211 ubox
364 416 0.003394358 ubox
364 417 0.022785318 ubox
364 421 0.003440372 ubox
365 373 0.050746716 ubox
365 374 0.015020124 ubox
365 378 0.974112589 ubox
365 379 0.006397783 ubox
365 382 0.006506330 ubox
365 385 0.006484870 ubox
365 387 0.036254575 ubox
365 396 0.030906958 ubox
365 404 0.003464719 ubox
365 407 0.027850219 ubox
365 410 0.003575703 ubox
365 416 0.022868727 ubox
365 420 0.003460984 ubox
366 372 0.050911288 ubox
366 377 0.970372103 ubox
366 384 0.005602608 ubox
366 386 0.034090874 ubox
366 394 0.107440305 ubox
366 395 0.027193156 ubox
366 406 0.026126060 ubox
366 415 0.016355151 ubox
366 419 0.003441118 ubox
367 371 0.045672418 ubox
367 376 0.935130845 ubox
367 393 0.109716253 ubox
367 394 0.021489162 ubox
367 414 0.003520350 ubox
367 415 0.016931063 ubox
368 384 0.040003268 ubox
368 392 0.110803161 ubox
368 414 0.023391640 ubox
369 382 0.079043220 ubox
369 383 0.029642436 ubox
369 385 0.007883244 ubox
369 391 0.105935130 ubox
369 401 0.008881544 ubox
369 413 0.023552791 ubox
370 376 0.036113632 ubox
370 381 0.091679508 ubox
370 384 0.008961421 ubox
370 388 0.010820900 ubox
370 390 0.092918353 ubox
370 392 0.003373989 ubox
370 398 0.006437874 ubox
370 400 0.009771505 ubox
370 412 0.023530664 ubox
371 375 0.040326325 ubox
371 380 0.095164080 ubox
371 383 0.011230286 ubox
371 387 0.012430626 ubox
371 391 0.006024684 ubox
371 397 0.006818407 ubox
371 399 0.009928576 ubox
371 402 0.016594757 ubox
371 403 0.003175874 ubox
371 404 0.007887410 ubox
371 405 0.003646127 ubox
371 410 0.004158211 ubox
371 411 0.023088347 ubox
372 379 0.089948738 ubox
372 382 0.011639013 ubox
372 385 0.005802984 ubox
372 391 0.099888518 ubox
372 401 0.017547112 ubox
372 402 0.003390101 ubox
372 403 0.007830069 ubox
372 409 0.005422802 ubox
373 381 0.011306659 ubox
373 384 0.005555330 ubox
373 390 0.117838976 ubox
373 400 0.016950004 ubox
374 389 0.120920919 ubox
374 395 0.018076568 ubox
375 384 0.026040581 ubox
375 386 0.032204720 ubox
375 388 0.116891145 ubox
375 394 0.017912975 ubox
376 383 0.028109802 ubox
376 385 0.028487616 ubox
376 391 0.003311177 ubox
376 402 0.009095420 ubox
377 382 0.022281038 ubox
377 385 0.128418549 ubox
377 401 0.010406432 ubox
377 402 0.003429480 ubox
378 384 0.133885231 ubox
378 389 0.019797241 ubox
378 395 0.034455403 ubox
378 400 0.010421068 ubox
378 419 0.006796006 ubox
379 388 0.019649333 ubox
379 390 0.028757534 ubox
379 393 0.053332017 ubox
379 394 0.024427993 ubox
379 415 0.004570805 ubox
379 418 0.006827563 ubox
380 389 0.030581098 ubox
380 392 0.060669285 ubox
380 400 0.019681209 ubox
380 414 0.004795222 ubox
381 387 0.025103103 ubox
381 391 0.061794032 ubox
381 396 0.005335142 ubox
381 399 0.019988473 ubox
381 413 0.004675255 ubox
381 416 0.013491722 ubox
382 386 0.023213898 ubox
382 389 0.003339883 ubox
382 390 0.062203329 ubox
382 393 0.004060157 ubox
382 395 0.005358930 ubox
382 398 0.019486765 ubox
382 412 0.003801658 ubox
382 415 0.013848178 ubox
383 388 0.008179905 ubox
383 389 0.061482126 ubox
383 392 0.004489173 ubox
383 394 0.005272936 ubox
383 406 0.004739879 ubox
383 412 0.004020015 ubox
383 414 0.013768311 ubox
384 391 0.008191301 ubox
384 396 0.019443839 ubox
384 397 0.003539187 ubox
384 405 0.006161485 ubox
384 407 0.006794027 ubox
384 411 0.005060366 ubox
384 413 0.013510510 ubox
384 416 0.003280531 ubox
384 429 0.006777548 ubox
385 390 0.008422890 ubox
385 395 0.019126152 ubox
385 406 0.006789980 ubox
385 412 0.013279804 ubox
385 415 0.003287048 ubox
385 428 0.006726830 ubox
386 391 0.003309144 ubox
386 401 0.003179212 ubox
387 400 0.003487082 ubox
387 414 0.003620543 ubox
387 426 0.010170362 ubox
388 403 0.025711629 ubox
388 409 0.016494245 ubox
388 413 0.003359764 ubox
388 425 0.010218562 ubox
389 402 0.032704841 ubox
389 404 0.005791837 ubox
389 408 0.017416918 ubox
389 410 0.007012587 ubox
389 424 0.010172815 ubox
390 401 0.033812853 ubox
390 403 0.005507494 ubox
390 409 0.006806907 ubox
391 398 0.007178353 ubox
391 400 0.033934746 ubox
391 406 0.016146651 ubox
391 423 0.004068928 ubox
392 397 0.007997278 ubox
392 399 0.033606890 ubox
392 403 0.007432098 ubox
392 404 0.127419064 ubox
392 405 0.013537798 ubox
393 402 0.009131036 ubox
393 403 0.129777399 ubox
393 422 0.011355395 ubox
394 401 0.011033121 ubox
394 402 0.132959341 ubox
394 403 0.006799670 ubox
394 421 0.018682027 ubox
394 425 0.010614663 ubox
394 430 0.004619586 ubox
395 401 0.135734160 ubox
395 402 0.007345426 ubox
395 408 0.003601035 ubox
395 420 0.022139758 ubox
395 424 0.014883523 ubox
395 429 0.005305181 ubox
396 400 0.135336434 ubox
396 419 0.022141754 ubox
396 423 0.013251962 ubox
396 428 0.005304097 ubox
397 414 0.017667369 ubox
397 423 0.075382501 ubox
397 426 0.005901555 ubox
398 413 0.015747573 ubox
398 422 0.075236814 ubox
398 425 0.006471959 ubox
399 414 0.055753888 ubox
399 423 0.014084982 ubox
399 428 0.003671401 ubox
400 407 0.077410506 ubox
400 413 0.054582659 ubox
400 416 0.056577864 ubox
400 420 0.079765524 ubox
400 422 0.011563685 ubox
400 424 0.013678478 ubox
400 427 0.003734330 ubox
401 406 0.071901422 ubox
401 412 0.052530194 ubox
401 415 0.057502695 ubox
401 419 0.079336958 ubox
401 423 0.013599558 ubox
401 426 0.003645401 ubox
402 414 0.055998933 ubox
402 415 0.007160893 ubox
402 418 0.067861419 ubox
402 419 0.005419525 ubox
403 414 0.006904129 ubox
403 415 0.049522545 ubox
403 418 0.006433745 ubox
404 414 0.048562846 ubox
405 414 0.083655328 ubox
405 423 0.015820148 ubox
406 413 0.075549407 ubox
406 422 0.015046314 ubox
408 419 0.029029333 ubox
409 415 0.035120285 ubox
409 418 0.028705211 ubox
410 414 0.036412116 ubox
411 423 0.031237538 ubox
411 431 0.004169092 ubox
412 422 0.030675842 ubox
412 430 0.004091042 ubox
413 423 0.005887027 ubox
413 428 0.003955797 ubox
414 422 0.008916492 ubox
414 427 0.004365518 ubox
414 435 0.003701720 ubox
415 421 0.009399128 ubox
415 435 0.005132758 ubox
417 423 0.028065633 ubox
417 426 0.051122498 ubox
417 431 0.334935802 ubox
418 422 0.022633837 ubox
418 425 0.059582930 ubox
418 430 0.337176191 ubox
418 435 0.003416497 ubox
419 424 0.061619940 ubox
419 427 0.044265274 ubox
419 429 0.337915949 ubox
419 434 0.004399939 ubox
420 426 0.044956619 ubox
420 428 0.337576847 ubox
421 432 0.003587557 ubox
422 428 0.003330156 ubox
422 431 0.003477792 ubox
423 427 0.020371463 ubox
423 429 0.010607484 ubox
424 428 0.010737171 ubox
