1 11 0.058392740 ubox
1 13 0.018843282 ubox
1 14 0.118373461 ubox
1 18 0.042916126 ubox
1 24 0.004035824 ubox
1 83 0.009480141 ubox
1 199 0.006683683 ubox
1 221 0.005330510 ubox
1 389 0.004130254 ubox
1 414 0.005055261 ubox
1 431 0.013828383 ubox
2 11 0.210080463 ubox
2 13 0.118517206 ubox
2 18 0.162258310 ubox
2 23 0.004040822 ubox
2 82 0.009681493 ubox
2 205 0.007374406 ubox
2 221 0.089396702 ubox
2 400 0.003949036 ubox
2 414 0.009828050 ubox
2 428 0.008735937 ubox
2 431 0.008108995 ubox
3 9 0.050747365 ubox
3 10 0.194373343 ubox
3 15 0.012864926 ubox
3 17 0.163915000 ubox
3 22 0.003719576 ubox
3 42 0.044578886 ubox
3 81 0.009614440 ubox
3 202 0.003180864 ubox
3 204 0.007216088 ubox
3 206 0.007584452 ubox
3 220 0.091416219 ubox
3 387 0.005887705 ubox
3 399 0.004013902 ubox
3 413 0.009568068 ubox
3 416 0.363780263 ubox
3 427 0.008699109 ubox
3 429 0.010386001 ubox
3 430 0.006027136 ubox
3 433 0.127667544 ubox
4 8 0.049333069 ubox
4 12 0.167559541 ubox
4 14 0.005139545 ubox
4 19 0.003461336 ubox
4 41 0.044700229 ubox
4 200 0.004077161 ubox
4 201 0.003702946 ubox
4 205 0.007474973 ubox
4 219 0.091451620 ubox
4 226 0.004717154 ubox
4 386 0.005802617 ubox
4 398 0.003287981 ubox
4 412 0.009080047 ubox
4 415 0.365859410 ubox
4 426 0.007798182 ubox
4 428 0.005319388 ubox
4 432 0.128172019 ubox
5 11 0.172165149 ubox
5 13 0.005994720 ubox
5 14 0.201987972 ubox
5 18 0.003628501 ubox
5 40 0.044547673 ubox
5 199 0.003622289 ubox
5 218 0.091333569 ubox
5 225 0.004814638 ubox
5 414 0.354190856 ubox
5 431 0.126059387 ubox
6 13 0.202084278 ubox
6 40 0.003692782 ubox
6 199 0.009470194 ubox
6 224 0.004818306 ubox
6 384 0.006261610 ubox
6 414 0.104215385 ubox
6 423 0.003966602 ubox
6 431 0.020389675 ubox
7 38 0.042445902 ubox
7 39 0.004619974 ubox
7 96 0.004696291 ubox
7 198 0.009639641 ubox
7 223 0.004797833 ubox
7 383 0.006265904 ubox
7 413 0.117403372 ubox
7 422 0.003958517 ubox
7 430 0.025150954 ubox
8 15 0.004045667 ubox
8 37 0.044200303 ubox
8 38 0.004232612 ubox
8 93 0.017983066 ubox
8 95 0.010780180 ubox
8 197 0.009537599 ubox
8 212 0.003977167 ubox
8 222 0.004732804 ubox
8 245 0.009490131 ubox
8 382 0.006182175 ubox
8 413 0.260542604 ubox
8 421 0.003684340 ubox
8 435 0.003751990 ubox
9 14 0.003964280 ubox
9 19 0.011389371 ubox
9 33 0.006690472 ubox
9 36 0.043915091 ubox
9 75 0.009399112 ubox
9 92 0.013406604 ubox
9 196 0.009322761 ubox
9 211 0.003868002 ubox
9 214 0.087719942 ubox
9 221 0.004337953 ubox
9 244 0.010561017 ubox
9 381 0.004956320 ubox
9 412 0.291037117 ubox
9 415 0.007659023 ubox
9 432 0.003976208 ubox
10 18 0.012722736 ubox
10 30 0.009176000 ubox
10 32 0.008783159 ubox
10 35 0.042186058 ubox
10 74 0.010067540 ubox
10 92 0.078769159 ubox
10 195 0.007467751 ubox
10 205 0.040481419 ubox
10 208 0.009487351 ubox
10 211 0.015485994 ubox
10 213 0.088510852 ubox
10 243 0.010734167 ubox
10 381 0.003693951 ubox
10 412 0.040920492 ubox
10 414 0.007807120 ubox
10 431 0.003864793 ubox
11 17 0.013251465 ubox
11 29 0.010467336 ubox
11 31 0.009350153 ubox
11 73 0.010152236 ubox
11 80 0.004505879 ubox
11 91 0.087227767 ubox
11 203 0.025531256 ubox
11 204 0.054617153 ubox
11 207 0.018314558 ubox
11 210 0.016073822 ubox
11 212 0.087952436 ubox
11 242 0.010732003 ubox
11 380 0.005208844 ubox
11 410 0.383700975 ubox
11 411 0.031208875 ubox
11 435 0.026865636 ubox
12 27 0.008425040 ubox
12 72 0.010160813 ubox
12 79 0.004525931 ubox
12 90 0.087218090 ubox
12 202 0.025528095 ubox
12 375 0.004490909 ubox
12 379 0.005103430 ubox
12 409 0.385415685 ubox
12 430 0.004957477 ubox
12 435 0.666983609 ubox
13 22 0.011450784 ubox
13 26 0.008818587 ubox
13 27 0.006018364 ubox
13 71 0.010161557 ubox
13 78 0.004507243 ubox
13 89 0.087013528 ubox
13 194 0.010814233 ubox
13 203 0.138170626 ubox
13 204 0.164762129 ubox
13 207 0.030816604 ubox
13 210 0.089170927 ubox
13 240 0.010575265 ubox
13 374 0.004885556 ubox
13 378 0.004865291 ubox
13 408 0.385486779 ubox
13 417 0.005998148 ubox
13 429 0.005009625 ubox
13 430 0.003341072 ubox
13 434 0.851650304 ubox
13 435 0.003381478 ubox
14 21 0.011490035 ubox
14 25 0.008661428 ubox
14 26 0.005416275 ubox
14 29 0.019927365 ubox
14 31 0.035735186 ubox
14 70 0.010159824 ubox
14 76 0.003811654 ubox
14 88 0.087185105 ubox
14 193 0.011106080 ubox
14 202 0.138715032 ubox
14 203 0.165928981 ubox
14 206 0.031318102 ubox
14 209 0.089174802 ubox
14 239 0.010876782 ubox
14 373 0.005318223 ubox
14 407 0.385441337 ubox
14 416 0.006548388 ubox
14 429 0.003537419 ubox
14 433 0.852298943 ubox
14 434 0.003461918 ubox
15 20 0.010632742 ubox
15 28 0.019729044 ubox
15 30 0.035531801 ubox
15 69 0.009571033 ubox
15 75 0.003598750 ubox
15 87 0.087193885 ubox
15 192 0.011099472 ubox
15 200 0.102990013 ubox
15 201 0.138981219 ubox
15 205 0.030594677 ubox
15 208 0.087387872 ubox
15 226 0.017219190 ubox
15 238 0.010989144 ubox
15 372 0.005613853 ubox
15 406 0.362591016 ubox
15 415 0.006556387 ubox
15 432 0.849789480 ubox
16 24 0.066262879 ubox
16 83 0.004073838 ubox
16 86 0.085189351 ubox
16 191 0.008166777 ubox
16 196 0.016368381 ubox
16 199 0.105480829 ubox
16 225 0.018293288 ubox
16 237 0.011016912 ubox
16 371 0.005816883 ubox
16 414 0.006482028 ubox
16 431 0.843236378 ubox
17 23 0.066488271 ubox
17 82 0.004120025 ubox
17 86 0.015585880 ubox
17 191 0.012187994 ubox
17 195 0.016487494 ubox
17 199 0.473609169 ubox
17 205 0.150759406 ubox
17 208 0.011772514 ubox
17 221 0.003884883 ubox
17 224 0.018304372 ubox
17 236 0.010980546 ubox
17 371 0.004103185 ubox
17 381 0.004968195 ubox
17 400 0.031131830 ubox
17 428 0.033964908 ubox
17 431 0.060232668 ubox
18 22 0.063505779 ubox
18 27 0.009294041 ubox
18 81 0.004005333 ubox
18 85 0.019287233 ubox
18 190 0.014311338 ubox
18 194 0.016410017 ubox
18 198 0.355927119 ubox
18 203 0.075101828 ubox
18 204 0.150794595 ubox
18 207 0.013007675 ubox
18 220 0.004006733 ubox
18 223 0.017541361 ubox
18 368 0.004223550 ubox
18 370 0.003689214 ubox
18 374 0.003392448 ubox
18 380 0.005063225 ubox
18 399 0.031152344 ubox
18 402 0.013883341 ubox
18 403 0.267620752 ubox
18 404 0.094229411 ubox
18 427 0.032685156 ubox
18 430 0.070316209 ubox
19 26 0.009327187 ubox
19 189 0.013765304 ubox
19 197 0.251822075 ubox
19 198 0.784732533 ubox
19 202 0.071664400 ubox
19 222 0.015875389 ubox
19 367 0.004227932 ubox
19 373 0.003298847 ubox
19 379 0.004821983 ubox
19 401 0.013725675 ubox
19 402 0.272141095 ubox
19 403 0.088662924 ubox
20 25 0.007461373 ubox
20 85 0.010565908 ubox
20 197 0.906248652 ubox
20 366 0.004163238 ubox
20 401 0.272695352 ubox
20 402 0.072173863 ubox
21 83 0.098125000 ubox
21 84 0.008871247 ubox
21 196 0.951538830 ubox
21 365 0.003538156 ubox
21 400 0.271203575 ubox
22 40 0.008494640 ubox
22 45 0.036119707 ubox
22 82 0.098992556 ubox
22 83 0.006518983 ubox
22 104 0.006507711 ubox
22 186 0.009591988 ubox
22 191 0.043318240 ubox
22 195 0.951576758 ubox
22 279 0.008038158 ubox
22 363 0.003480065 ubox
22 400 0.057982085 ubox
23 38 0.016569970 ubox
23 39 0.007363001 ubox
23 44 0.036352061 ubox
23 47 0.012338005 ubox
23 77 0.004626807 ubox
23 81 0.099189002 ubox
23 103 0.010787304 ubox
23 185 0.009433998 ubox
23 190 0.043819900 ubox
23 194 0.951581299 ubox
23 278 0.008163810 ubox
23 362 0.004133370 ubox
23 397 0.266750294 ubox
23 399 0.056157960 ubox
23 434 0.003516283 ubox
24 31 0.016277788 ubox
24 37 0.028674425 ubox
24 38 0.006070919 ubox
24 42 0.045512589 ubox
24 44 0.005751525 ubox
24 46 0.012787495 ubox
24 76 0.006065610 ubox
24 80 0.098949208 ubox
24 102 0.010881506 ubox
24 184 0.005149418 ubox
24 187 0.019919760 ubox
24 189 0.043476785 ubox
24 193 0.951547631 ubox
24 277 0.008167567 ubox
24 361 0.004123641 ubox
24 396 0.267237314 ubox
24 399 0.010999777 ubox
24 433 0.003545722 ubox
25 30 0.015206606 ubox
25 33 0.005785734 ubox
25 34 0.018107135 ubox
25 35 0.016990632 ubox
25 36 0.034360486 ubox
25 41 0.045575977 ubox
25 43 0.005847619 ubox
25 45 0.012685226 ubox
25 75 0.006811471 ubox
25 101 0.009975576 ubox
25 186 0.022093083 ubox
25 188 0.043802045 ubox
25 192 0.946218199 ubox
25 276 0.008148260 ubox
25 394 0.007412349 ubox
25 395 0.256273604 ubox
25 398 0.010641810 ubox
26 32 0.006231485 ubox
26 33 0.020666805 ubox
26 34 0.019854792 ubox
26 35 0.036730647 ubox
26 36 0.006856627 ubox
26 40 0.043644087 ubox
26 41 0.014712794 ubox
26 74 0.006078796 ubox
26 75 0.006128906 ubox
26 191 0.896052204 ubox
26 192 0.067098953 ubox
26 275 0.008054093 ubox
26 393 0.009710314 ubox
26 394 0.181015168 ubox
26 395 0.009477076 ubox
27 32 0.019083882 ubox
27 33 0.019892636 ubox
27 34 0.035738710 ubox
27 35 0.007840532 ubox
27 40 0.015336194 ubox
27 74 0.007261939 ubox
27 181 0.003621291 ubox
27 183 0.204944822 ubox
27 186 0.436204884 ubox
27 191 0.094222255 ubox
27 274 0.007682169 ubox
27 386 0.003615658 ubox
27 392 0.011501910 ubox
27 393 0.118967716 ubox
27 394 0.007877931 ubox
28 39 0.014598394 ubox
28 73 0.006978917 ubox
28 180 0.003695379 ubox
28 182 0.207974704 ubox
28 184 0.802695986 ubox
28 185 0.312235088 ubox
28 273 0.006685784 ubox
28 385 0.004411742 ubox
28 391 0.009368911 ubox
29 40 0.077007518 ubox
29 53 0.006984474 ubox
29 179 0.003708732 ubox
29 181 0.208320258 ubox
29 183 0.874882895 ubox
29 186 0.135959143 ubox
29 384 0.004423704 ubox
29 392 0.083107031 ubox
30 39 0.075465365 ubox
30 52 0.007155949 ubox
30 180 0.208209714 ubox
30 182 0.874889776 ubox
30 184 0.131693898 ubox
30 185 0.099951349 ubox
30 383 0.004078198 ubox
30 385 0.004605462 ubox
30 391 0.069702456 ubox
31 40 0.206728020 ubox
31 51 0.007222583 ubox
31 179 0.207705901 ubox
31 181 0.875016962 ubox
31 183 0.161860096 ubox
31 186 0.262892936 ubox
31 384 0.005301623 ubox
31 392 0.020653533 ubox
32 38 0.015246363 ubox
32 39 0.203241379 ubox
32 50 0.006753755 ubox
32 96 0.003493004 ubox
32 180 0.862883705 ubox
32 182 0.159583702 ubox
32 185 0.262757503 ubox
32 383 0.005257692 ubox
32 391 0.017119697 ubox
33 37 0.013692953 ubox
33 38 0.176622840 ubox
33 39 0.009438183 ubox
33 95 0.003753839 ubox
33 96 0.008712466 ubox
33 184 0.250972748 ubox
33 185 0.016115518 ubox
33 382 0.004941327 ubox
34 38 0.009688484 ubox
34 90 0.007542680 ubox
34 95 0.008942776 ubox
34 96 0.012380240 ubox
34 184 0.016188483 ubox
34 185 0.004854571 ubox
35 89 0.008357675 ubox
35 95 0.012013343 ubox
35 96 0.062852169 ubox
35 184 0.005072880 ubox
36 88 0.008537180 ubox
36 93 0.007426097 ubox
36 95 0.068348604 ubox
36 177 0.057064456 ubox
36 180 0.252770333 ubox
36 182 0.023908609 ubox
36 391 0.060651372 ubox
37 87 0.008484354 ubox
37 92 0.005976967 ubox
37 176 0.036080895 ubox
37 179 0.276452661 ubox
37 181 0.022160052 ubox
37 390 0.091007020 ubox
38 86 0.004734214 ubox
38 178 0.247503534 ubox
38 179 0.031675883 ubox
38 389 0.091360236 ubox
39 45 0.007752464 ubox
39 54 0.003457244 ubox
39 92 0.095086373 ubox
39 98 0.005012968 ubox
39 176 0.941809034 ubox
39 178 0.012891747 ubox
39 388 0.091461833 ubox
40 44 0.009335691 ubox
40 89 0.006862278 ubox
40 90 0.016636344 ubox
40 91 0.099560590 ubox
40 94 0.003264709 ubox
40 97 0.005958289 ubox
40 175 0.955304577 ubox
40 361 0.004100116 ubox
40 387 0.091401043 ubox
40 404 0.010830942 ubox
41 52 0.014356279 ubox
41 88 0.008746380 ubox
41 89 0.024167294 ubox
41 90 0.096958005 ubox
41 93 0.003252345 ubox
41 96 0.005797004 ubox
41 174 0.955269948 ubox
41 360 0.004217096 ubox
41 385 0.090241041 ubox
41 403 0.010886907 ubox
42 51 0.016134198 ubox
42 53 0.032461328 ubox
42 86 0.012029660 ubox
42 173 0.955351683 ubox
42 359 0.004207074 ubox
42 384 0.090435237 ubox
43 50 0.014390996 ubox
43 52 0.033271703 ubox
43 85 0.011413754 ubox
43 172 0.955189704 ubox
43 360 0.003843927 ubox
43 382 0.057191786 ubox
43 383 0.068295071 ubox
43 385 0.005236588 ubox
43 401 0.012567734 ubox
44 51 0.033582534 ubox
44 53 0.007981540 ubox
44 82 0.006769262 ubox
44 84 0.009658010 ubox
44 86 0.216252115 ubox
44 101 0.028110400 ubox
44 171 0.955044112 ubox
44 359 0.004976342 ubox
44 381 0.080895969 ubox
44 384 0.005375074 ubox
44 400 0.013050509 ubox
45 50 0.020437522 ubox
45 52 0.008609968 ubox
45 60 0.005561391 ubox
45 81 0.006861365 ubox
45 85 0.218457964 ubox
45 100 0.028314988 ubox
45 169 0.626644189 ubox
45 170 0.720683896 ubox
45 358 0.004968058 ubox
45 380 0.080254329 ubox
45 383 0.004277322 ubox
45 399 0.012979340 ubox
46 51 0.008754820 ubox
46 54 0.003305669 ubox
46 55 0.049958135 ubox
46 56 0.177725582 ubox
46 59 0.005581400 ubox
46 83 0.008363585 ubox
46 84 0.218927703 ubox
46 99 0.027886005 ubox
46 167 0.009707235 ubox
46 168 0.885776035 ubox
47 53 0.003306176 ubox
47 54 0.049993363 ubox
47 55 0.178739181 ubox
47 56 0.015143822 ubox
47 58 0.005569305 ubox
47 82 0.008325404 ubox
47 83 0.218339569 ubox
47 84 0.029413537 ubox
47 166 0.010585980 ubox
47 167 0.885539308 ubox
47 168 0.356908983 ubox
48 53 0.049771583 ubox
48 54 0.178746798 ubox
48 55 0.015430314 ubox
48 56 0.006216507 ubox
48 82 0.216858864 ubox
48 83 0.033563556 ubox
48 84 0.049267799 ubox
48 162 0.015233439 ubox
48 166 0.884307237 ubox
48 167 0.357850032 ubox
48 168 0.006354608 ubox
49 53 0.177698897 ubox
49 54 0.015424009 ubox
49 55 0.006349143 ubox
49 56 0.003437182 ubox
49 82 0.036855420 ubox
49 83 0.050363970 ubox
49 161 0.021343964 ubox
49 162 0.723504677 ubox
49 166 0.357604142 ubox
49 167 0.006489665 ubox
50 54 0.005777129 ubox
50 55 0.003382659 ubox
50 82 0.050887766 ubox
50 161 0.724941866 ubox
50 166 0.006066991 ubox
51 76 0.038704358 ubox
51 81 0.077444005 ubox
51 160 0.723454586 ubox
51 163 0.582361064 ubox
51 165 0.007036831 ubox
52 74 0.033548926 ubox
52 75 0.030502692 ubox
52 82 0.020820799 ubox
52 161 0.239820185 ubox
52 162 0.553400481 ubox
53 72 0.004791193 ubox
53 73 0.041276877 ubox
53 77 0.056380891 ubox
53 78 0.148491517 ubox
53 79 0.067028538 ubox
53 80 0.048393131 ubox
53 81 0.129187299 ubox
53 156 0.013983514 ubox
53 157 0.125231677 ubox
53 158 0.140463823 ubox
53 159 0.699146608 ubox
53 160 0.287621852 ubox
53 164 0.019747089 ubox
53 165 0.004756680 ubox
54 71 0.006216241 ubox
54 72 0.045735830 ubox
54 76 0.060700850 ubox
54 77 0.148076327 ubox
54 78 0.071198667 ubox
54 79 0.047265022 ubox
54 80 0.129661781 ubox
54 81 0.013782992 ubox
54 155 0.014109564 ubox
54 156 0.125341545 ubox
54 157 0.131529700 ubox
54 158 0.856489122 ubox
54 159 0.204857380 ubox
54 160 0.296985731 ubox
54 163 0.019254473 ubox
54 164 0.004741822 ubox
55 70 0.006210096 ubox
55 71 0.046279799 ubox
55 76 0.147672199 ubox
55 77 0.070397180 ubox
55 78 0.048744975 ubox
55 79 0.128978355 ubox
55 80 0.013799603 ubox
55 81 0.004914825 ubox
55 154 0.019845116 ubox
55 155 0.124524785 ubox
55 156 0.117578031 ubox
55 157 0.934896095 ubox
55 158 0.031954143 ubox
55 159 0.044489268 ubox
55 160 0.016432544 ubox
55 163 0.004345286 ubox
55 348 0.005621754 ubox
56 70 0.046118382 ubox
56 73 0.167889920 ubox
56 76 0.067773234 ubox
56 77 0.027673865 ubox
56 78 0.127075503 ubox
56 79 0.007391777 ubox
56 80 0.004979284 ubox
56 119 0.004207606 ubox
56 154 0.132257994 ubox
56 155 0.085604565 ubox
56 156 0.938366744 ubox
56 157 0.024216552 ubox
56 158 0.010286840 ubox
56 159 0.019225147 ubox
56 160 0.003799676 ubox
56 347 0.005752926 ubox
57 68 0.005880008 ubox
57 72 0.262827149 ubox
57 73 0.013254015 ubox
57 77 0.106740621 ubox
57 79 0.004228698 ubox
57 118 0.004217803 ubox
57 155 0.940333408 ubox
57 158 0.021666266 ubox
57 159 0.003780464 ubox
57 165 0.013836837 ubox
57 346 0.005775946 ubox
58 67 0.005268806 ubox
58 68 0.044855091 ubox
58 71 0.287025764 ubox
58 76 0.058285646 ubox
58 117 0.004220519 ubox
58 154 0.939867749 ubox
58 156 0.005439569 ubox
58 157 0.022322816 ubox
58 158 0.003767701 ubox
58 164 0.014286308 ubox
58 345 0.005780543 ubox
58 362 0.012942206 ubox
59 67 0.052041592 ubox
59 70 0.291567925 ubox
59 71 0.003528940 ubox
59 116 0.004213176 ubox
59 149 0.759799437 ubox
59 152 0.574627322 ubox
59 156 0.020243549 ubox
59 157 0.003665493 ubox
59 163 0.014289793 ubox
59 344 0.005778625 ubox
59 361 0.013090334 ubox
60 66 0.052114010 ubox
60 69 0.291580177 ubox
60 148 0.761076280 ubox
60 151 0.573116958 ubox
60 162 0.014282735 ubox
60 343 0.005751014 ubox
61 65 0.042762369 ubox
61 68 0.259998160 ubox
61 147 0.761097111 ubox
61 360 0.013905637 ubox
62 69 0.004226034 ubox
62 113 0.003460084 ubox
62 132 0.003253372 ubox
62 148 0.323245253 ubox
62 161 0.014156213 ubox
62 224 0.005731570 ubox
62 359 0.014139751 ubox
63 68 0.004081352 ubox
63 131 0.003266757 ubox
63 146 0.950710083 ubox
63 147 0.058320573 ubox
63 156 0.004482371 ubox
63 160 0.014181648 ubox
63 223 0.005772239 ubox
63 358 0.014146404 ubox
64 130 0.003224753 ubox
64 145 0.952562948 ubox
64 155 0.005389427 ubox
64 159 0.014115558 ubox
64 222 0.005785721 ubox
64 357 0.014143080 ubox
65 140 0.003800324 ubox
65 144 0.949338835 ubox
65 153 0.038500054 ubox
65 221 0.005783827 ubox
65 356 0.014128715 ubox
66 100 0.003803768 ubox
66 129 0.003208394 ubox
66 139 0.005063845 ubox
66 142 0.677351192 ubox
66 143 0.671530635 ubox
66 152 0.038959693 ubox
66 220 0.005785120 ubox
66 355 0.013831608 ubox
67 99 0.003895273 ubox
67 110 0.005914452 ubox
67 128 0.003186094 ubox
67 138 0.005314411 ubox
67 141 0.953746437 ubox
67 151 0.038964124 ubox
67 218 0.005923837 ubox
67 350 0.003179627 ubox
68 86 0.003712199 ubox
68 98 0.003893805 ubox
68 109 0.006399574 ubox
68 137 0.005316403 ubox
68 140 0.953190254 ubox
68 150 0.038957287 ubox
68 217 0.005924773 ubox
68 349 0.003177237 ubox
69 85 0.007348537 ubox
69 97 0.003875864 ubox
69 108 0.006509946 ubox
69 136 0.005336676 ubox
69 139 0.953804774 ubox
69 142 0.009623648 ubox
69 149 0.038958127 ubox
69 216 0.005925920 ubox
69 348 0.003169611 ubox
69 351 0.003249393 ubox
70 83 0.005988484 ubox
70 84 0.009928259 ubox
70 107 0.006529102 ubox
70 126 0.003200309 ubox
70 135 0.005078818 ubox
70 138 0.953680846 ubox
70 141 0.009655906 ubox
70 148 0.038758333 ubox
70 215 0.005063219 ubox
70 350 0.003230854 ubox
71 82 0.007137653 ubox
71 83 0.012399204 ubox
71 84 0.013604323 ubox
71 106 0.006535023 ubox
71 126 0.006831721 ubox
71 135 0.009053780 ubox
71 137 0.944918464 ubox
71 138 0.011344084 ubox
71 140 0.008328173 ubox
72 82 0.012771996 ubox
72 83 0.024811028 ubox
72 84 0.005033621 ubox
72 87 0.261132309 ubox
72 105 0.006518220 ubox
72 124 0.042164676 ubox
72 125 0.006211601 ubox
72 133 0.011547918 ubox
72 134 0.017148702 ubox
72 135 0.081905373 ubox
72 137 0.014234399 ubox
72 214 0.004332692 ubox
72 372 0.007767602 ubox
72 377 0.003405470 ubox
73 82 0.028059896 ubox
73 83 0.008239616 ubox
73 86 0.271576804 ubox
73 104 0.006191226 ubox
73 123 0.045774684 ubox
73 124 0.004568383 ubox
73 128 0.004092268 ubox
73 132 0.010471444 ubox
73 133 0.014428075 ubox
73 134 0.062774688 ubox
73 213 0.004316442 ubox
73 371 0.010863947 ubox
73 376 0.005510073 ubox
74 85 0.193998773 ubox
74 89 0.040401153 ubox
74 90 0.059210977 ubox
74 122 0.046259711 ubox
74 127 0.004888412 ubox
74 212 0.004211654 ubox
74 367 0.020280946 ubox
74 370 0.010619476 ubox
74 375 0.005600211 ubox
75 85 0.696048540 ubox
75 88 0.039655667 ubox
75 89 0.063524195 ubox
75 121 0.046330295 ubox
75 127 0.070220602 ubox
75 366 0.023041833 ubox
76 83 0.188048227 ubox
76 84 0.789368674 ubox
76 99 0.010479058 ubox
76 106 0.008622939 ubox
76 107 0.005691225 ubox
76 120 0.045276198 ubox
76 126 0.074654645 ubox
76 135 0.052874879 ubox
76 141 0.007929601 ubox
76 365 0.022848139 ubox
77 82 0.171315170 ubox
77 83 0.755045687 ubox
77 84 0.147707884 ubox
77 87 0.119181001 ubox
77 98 0.010277172 ubox
77 105 0.008639396 ubox
77 107 0.009076003 ubox
77 125 0.072617646 ubox
77 133 0.020806957 ubox
77 134 0.047542552 ubox
77 140 0.004259528 ubox
77 141 0.029077777 ubox
77 364 0.009300347 ubox
77 372 0.010501610 ubox
78 82 0.734281940 ubox
78 83 0.334664572 ubox
78 84 0.047600589 ubox
78 86 0.123086821 ubox
78 99 0.047352792 ubox
78 104 0.008435580 ubox
78 106 0.017952876 ubox
78 107 0.006787452 ubox
78 126 0.009899955 ubox
78 132 0.022002155 ubox
78 135 0.026402903 ubox
78 140 0.032251491 ubox
78 141 0.006886493 ubox
78 151 0.004970677 ubox
78 363 0.007803212 ubox
78 365 0.030591159 ubox
78 371 0.010868889 ubox
79 83 0.043740326 ubox
79 87 0.036932161 ubox
79 98 0.047172390 ubox
79 105 0.018004728 ubox
79 106 0.006606669 ubox
79 125 0.009597962 ubox
79 133 0.020199529 ubox
79 134 0.024846166 ubox
79 140 0.006800422 ubox
79 150 0.004877201 ubox
79 168 0.003728146 ubox
79 364 0.003605587 ubox
79 365 0.056635503 ubox
80 86 0.038515185 ubox
80 104 0.013135529 ubox
80 106 0.004935831 ubox
80 107 0.003188564 ubox
80 132 0.019867148 ubox
80 138 0.035774604 ubox
80 167 0.004825191 ubox
80 364 0.090713048 ubox
80 365 0.005637380 ubox
81 101 0.009681774 ubox
81 104 0.019073558 ubox
81 106 0.003184316 ubox
81 120 0.081997717 ubox
81 132 0.024612539 ubox
81 137 0.036487646 ubox
81 148 0.005839118 ubox
81 166 0.004831875 ubox
81 363 0.091351208 ubox
81 364 0.005356363 ubox
81 400 0.003973227 ubox
82 89 0.012588540 ubox
82 90 0.009243853 ubox
82 91 0.109445724 ubox
82 94 0.004931242 ubox
82 95 0.205156484 ubox
82 96 0.007537029 ubox
82 97 0.008172705 ubox
82 100 0.009617827 ubox
82 103 0.026800269 ubox
82 118 0.053833548 ubox
82 119 0.082531127 ubox
82 131 0.024414425 ubox
82 136 0.039349241 ubox
82 147 0.010421756 ubox
82 165 0.004838998 ubox
82 362 0.091503710 ubox
82 399 0.004198719 ubox
82 405 0.004739269 ubox
83 88 0.014228712 ubox
83 89 0.011257649 ubox
83 90 0.106837582 ubox
83 91 0.082868403 ubox
83 93 0.012583225 ubox
83 94 0.274508233 ubox
83 95 0.008203540 ubox
83 96 0.006549433 ubox
83 97 0.010465909 ubox
83 102 0.026785840 ubox
83 103 0.020821603 ubox
83 117 0.099872709 ubox
83 118 0.009586519 ubox
83 130 0.014857071 ubox
83 146 0.010494759 ubox
83 164 0.004856185 ubox
83 358 0.007378258 ubox
83 361 0.091452180 ubox
83 362 0.005189366 ubox
83 397 0.006039474 ubox
83 404 0.004751690 ubox
84 88 0.009012180 ubox
84 89 0.097881173 ubox
84 90 0.079068978 ubox
84 93 0.444629128 ubox
84 94 0.010143162 ubox
84 95 0.005844317 ubox
84 96 0.009111763 ubox
84 100 0.025420746 ubox
84 102 0.021077449 ubox
84 116 0.100119244 ubox
84 117 0.006839265 ubox
84 129 0.013773087 ubox
84 136 0.005681568 ubox
84 145 0.010491846 ubox
84 163 0.004849269 ubox
84 357 0.009950098 ubox
84 360 0.088051016 ubox
84 361 0.005264116 ubox
84 396 0.006067706 ubox
84 399 0.051962706 ubox
85 92 0.490512875 ubox
85 98 0.062695904 ubox
85 99 0.014913423 ubox
85 101 0.020797448 ubox
85 115 0.100329976 ubox
85 128 0.011866550 ubox
85 144 0.010494637 ubox
85 162 0.003481036 ubox
85 356 0.011050780 ubox
85 359 0.086834354 ubox
85 395 0.005628097 ubox
85 398 0.052646652 ubox
86 91 0.510762056 ubox
86 94 0.045416883 ubox
86 97 0.075748785 ubox
86 100 0.020051336 ubox
86 114 0.100326059 ubox
86 127 0.006593752 ubox
86 136 0.013708314 ubox
86 143 0.010472660 ubox
86 355 0.011086975 ubox
86 358 0.090520734 ubox
86 397 0.052773977 ubox
87 93 0.070142016 ubox
87 95 0.004887666 ubox
87 96 0.077181936 ubox
87 112 0.012081758 ubox
87 127 0.003754039 ubox
87 354 0.010860670 ubox
87 357 0.090273555 ubox
88 92 0.065883843 ubox
88 99 0.011178590 ubox
88 111 0.011774714 ubox
88 125 0.009459959 ubox
88 126 0.003751044 ubox
88 135 0.003806471 ubox
88 141 0.005710337 ubox
88 356 0.085906966 ubox
88 394 0.005891871 ubox
88 395 0.065553193 ubox
89 98 0.011218721 ubox
89 110 0.011479249 ubox
89 111 0.094806274 ubox
89 124 0.009510900 ubox
89 125 0.003689762 ubox
89 134 0.004127151 ubox
89 140 0.005394675 ubox
89 393 0.004812738 ubox
89 394 0.096556850 ubox
90 109 0.010724955 ubox
90 110 0.094550372 ubox
90 111 0.011607204 ubox
90 123 0.009025371 ubox
90 124 0.003473682 ubox
90 133 0.004132637 ubox
90 137 0.003314637 ubox
90 138 0.003953056 ubox
90 393 0.112542274 ubox
91 109 0.094187728 ubox
91 110 0.014237481 ubox
91 113 0.027857730 ubox
91 132 0.004117707 ubox
91 137 0.012272363 ubox
91 392 0.116278404 ubox
92 112 0.027876771 ubox
92 121 0.006442916 ubox
92 357 0.003803513 ubox
92 391 0.116275441 ubox
93 107 0.065437786 ubox
93 111 0.027869835 ubox
93 120 0.006153397 ubox
93 133 0.010277606 ubox
93 356 0.006611683 ubox
93 390 0.116306482 ubox
94 106 0.065879291 ubox
94 107 0.069778925 ubox
94 110 0.027841589 ubox
94 126 0.003391029 ubox
94 132 0.010514840 ubox
94 135 0.913546784 ubox
94 389 0.116300200 ubox
95 105 0.059428666 ubox
95 106 0.070011262 ubox
95 109 0.023515446 ubox
95 125 0.003401099 ubox
95 133 0.029251001 ubox
95 134 0.927271999 ubox
95 135 0.006894786 ubox
95 168 0.007387698 ubox
95 388 0.106023311 ubox
95 432 0.004130968 ubox
96 104 0.051052080 ubox
96 105 0.075598266 ubox
96 107 0.003204825 ubox
96 124 0.003273124 ubox
96 132 0.034232871 ubox
96 133 0.941713117 ubox
96 134 0.008746835 ubox
96 167 0.012288406 ubox
96 388 0.003837582 ubox
96 432 0.096687866 ubox
97 104 0.080675577 ubox
97 106 0.003367659 ubox
97 132 0.942687623 ubox
97 148 0.003349707 ubox
97 166 0.024428229 ubox
97 384 0.056569497 ubox
97 431 0.101243909 ubox
98 122 0.003174260 ubox
98 130 0.942774811 ubox
98 147 0.003592163 ubox
98 165 0.026529982 ubox
98 352 0.230471918 ubox
98 353 0.009941255 ubox
98 354 0.009044344 ubox
98 383 0.055039176 ubox
98 402 0.008585410 ubox
98 430 0.101293354 ubox
99 108 0.023250691 ubox
99 114 0.009713727 ubox
99 121 0.003410881 ubox
99 127 0.004218683 ubox
99 129 0.948342661 ubox
99 136 0.008069060 ubox
99 142 0.006301262 ubox
99 146 0.003664513 ubox
99 164 0.027346966 ubox
99 351 0.262663971 ubox
99 352 0.008249725 ubox
99 353 0.011821577 ubox
99 382 0.052505059 ubox
99 385 0.007429606 ubox
99 401 0.011509987 ubox
99 429 0.101341659 ubox
100 107 0.023263899 ubox
100 109 0.037025430 ubox
100 113 0.009735609 ubox
100 126 0.004780819 ubox
100 128 0.948363936 ubox
100 135 0.008116117 ubox
100 137 0.003384758 ubox
100 140 0.014780388 ubox
100 141 0.004482503 ubox
100 350 0.262782242 ubox
100 381 0.052072799 ubox
100 384 0.007543238 ubox
100 400 0.011871768 ubox
100 428 0.101340551 ubox
101 108 0.037932622 ubox
101 112 0.009655753 ubox
101 121 0.008692829 ubox
101 127 0.947967615 ubox
101 136 0.003989765 ubox
101 139 0.015795280 ubox
101 142 0.005557462 ubox
101 163 0.027912754 ubox
101 169 0.006912051 ubox
101 351 0.040660194 ubox
101 380 0.047205110 ubox
101 383 0.005469419 ubox
101 399 0.011829111 ubox
101 427 0.101258653 ubox
102 107 0.037919023 ubox
102 110 0.009889065 ubox
102 120 0.006583211 ubox
102 126 0.947933064 ubox
102 135 0.003979696 ubox
102 138 0.015805815 ubox
102 141 0.005578909 ubox
102 162 0.027929458 ubox
102 168 0.006956920 ubox
102 350 0.042461673 ubox
102 426 0.097583443 ubox
103 109 0.009902009 ubox
103 120 0.942017606 ubox
103 132 0.008897784 ubox
103 137 0.015807162 ubox
103 140 0.005578900 ubox
103 161 0.027928085 ubox
103 167 0.006956721 ubox
103 381 0.004694949 ubox
103 423 0.007310542 ubox
103 426 0.004708959 ubox
104 108 0.009457287 ubox
104 119 0.943472530 ubox
104 122 0.005508529 ubox
104 131 0.008965084 ubox
104 136 0.015777350 ubox
104 139 0.005574645 ubox
104 160 0.027857856 ubox
104 283 0.003535852 ubox
104 347 0.294183350 ubox
104 380 0.004722943 ubox
104 410 0.004022863 ubox
105 118 0.943382279 ubox
105 121 0.005129347 ubox
105 122 0.005452489 ubox
105 130 0.008871564 ubox
105 158 0.008864295 ubox
105 159 0.026383416 ubox
105 165 0.006957315 ubox
105 282 0.003560780 ubox
105 346 0.295002301 ubox
105 379 0.004737070 ubox
105 409 0.004037017 ubox
106 117 0.943329426 ubox
106 119 0.005195251 ubox
106 121 0.004298507 ubox
106 122 0.088248270 ubox
106 129 0.008341009 ubox
106 157 0.012453489 ubox
106 158 0.024471276 ubox
106 164 0.006976700 ubox
106 281 0.003581373 ubox
106 345 0.295145115 ubox
106 378 0.004727863 ubox
106 408 0.004039706 ubox
107 114 0.114730769 ubox
107 116 0.935934795 ubox
107 118 0.005130867 ubox
107 121 0.096986909 ubox
107 127 0.006788001 ubox
107 136 0.017428058 ubox
107 149 0.014145158 ubox
107 156 0.011615493 ubox
107 157 0.020879356 ubox
107 163 0.006975792 ubox
107 280 0.003581675 ubox
107 344 0.295152435 ubox
107 407 0.004039653 ubox
108 113 0.154313648 ubox
108 120 0.097741257 ubox
108 126 0.007124969 ubox
108 128 0.004051194 ubox
108 132 0.020989953 ubox
108 135 0.017545673 ubox
108 148 0.016115173 ubox
108 162 0.006925704 ubox
108 279 0.003581639 ubox
108 343 0.295149419 ubox
109 117 0.012904639 ubox
109 118 0.009231422 ubox
109 119 0.096418065 ubox
109 127 0.003917323 ubox
109 131 0.020216294 ubox
109 147 0.016133177 ubox
109 155 0.010505917 ubox
109 156 0.008367350 ubox
109 278 0.003581340 ubox
109 342 0.295123922 ubox
109 375 0.004655485 ubox
109 405 0.004040383 ubox
110 116 0.013906467 ubox
110 117 0.056588410 ubox
110 118 0.070616373 ubox
110 119 0.010085916 ubox
110 122 0.005719452 ubox
110 130 0.015965277 ubox
110 131 0.038372416 ubox
110 146 0.016161634 ubox
110 154 0.010780090 ubox
110 155 0.005588415 ubox
110 160 0.005634149 ubox
110 277 0.003575162 ubox
110 341 0.294985581 ubox
110 374 0.004666677 ubox
110 404 0.004040719 ubox
111 118 0.012986920 ubox
111 121 0.006107196 ubox
111 130 0.038440834 ubox
111 145 0.016158552 ubox
111 159 0.005480015 ubox
111 340 0.295090356 ubox
111 373 0.004473769 ubox
111 403 0.004004628 ubox
112 120 0.006140187 ubox
112 144 0.016135091 ubox
112 150 0.003908619 ubox
112 153 0.008527167 ubox
112 339 0.294955561 ubox
112 372 0.003682292 ubox
113 119 0.006037197 ubox
113 121 0.007717413 ubox
113 129 0.047730519 ubox
113 142 0.005602157 ubox
113 143 0.015113753 ubox
113 149 0.003946418 ubox
113 152 0.008526979 ubox
113 338 0.295126699 ubox
113 368 0.003334601 ubox
113 401 0.003836182 ubox
114 120 0.007950253 ubox
114 128 0.047864888 ubox
114 141 0.007854191 ubox
114 148 0.003946680 ubox
114 151 0.008496273 ubox
114 337 0.294680225 ubox
114 400 0.003935258 ubox
115 121 0.005886015 ubox
115 127 0.047862336 ubox
115 147 0.003868219 ubox
115 228 0.004153043 ubox
115 336 0.251264400 ubox
115 366 0.004133269 ubox
116 120 0.007016520 ubox
116 126 0.045909368 ubox
116 138 0.003176048 ubox
116 141 0.013538695 ubox
116 225 0.218420317 ubox
116 227 0.004774609 ubox
116 335 0.175826088 ubox
116 365 0.004298006 ubox
117 126 0.024570914 ubox
117 135 0.003987944 ubox
117 137 0.003166438 ubox
117 138 0.006449714 ubox
117 140 0.013556771 ubox
117 141 0.003212857 ubox
117 224 0.219387989 ubox
117 225 0.018941808 ubox
117 227 0.018529832 ubox
117 334 0.147744052 ubox
117 335 0.003811902 ubox
117 364 0.004288029 ubox
118 125 0.027172626 ubox
118 133 0.081025305 ubox
118 134 0.004382382 ubox
118 138 0.013632117 ubox
118 219 0.004248773 ubox
118 224 0.017687249 ubox
118 225 0.009795401 ubox
118 226 0.026547666 ubox
118 301 0.033069246 ubox
118 333 0.070401397 ubox
119 128 0.012856013 ubox
119 132 0.084392416 ubox
119 137 0.015625775 ubox
119 140 0.004903391 ubox
119 161 0.003185077 ubox
119 218 0.004393560 ubox
119 221 0.265433986 ubox
119 224 0.012777358 ubox
119 225 0.026989081 ubox
119 294 0.021177499 ubox
119 300 0.034752493 ubox
119 303 0.021100213 ubox
119 363 0.003827839 ubox
120 127 0.009716039 ubox
120 129 0.025307394 ubox
120 131 0.083338120 ubox
120 136 0.015936697 ubox
120 139 0.005016481 ubox
120 160 0.003212908 ubox
120 220 0.266433313 ubox
120 223 0.012370289 ubox
120 293 0.021850298 ubox
120 299 0.034749141 ubox
120 302 0.021195547 ubox
120 362 0.003811036 ubox
121 126 0.004674903 ubox
121 128 0.026087020 ubox
121 135 0.015854574 ubox
121 138 0.005007510 ubox
121 218 0.003391923 ubox
121 219 0.266059058 ubox
121 225 0.008072479 ubox
121 292 0.021777567 ubox
121 298 0.034733209 ubox
121 301 0.021179844 ubox
122 128 0.016020436 ubox
122 134 0.014727650 ubox
122 137 0.003232236 ubox
122 218 0.264531367 ubox
122 224 0.011786700 ubox
122 291 0.021598837 ubox
122 297 0.034138044 ubox
122 300 0.020608999 ubox
123 127 0.013850081 ubox
123 223 0.012524330 ubox
123 290 0.020780141 ubox
123 296 0.031914553 ubox
123 299 0.019606929 ubox
124 222 0.012465368 ubox
125 155 0.015203119 ubox
125 165 0.005869551 ubox
125 286 0.011973539 ubox
125 296 0.016771378 ubox
126 136 0.009676807 ubox
126 154 0.016601918 ubox
126 164 0.006439468 ubox
126 212 0.004173410 ubox
126 216 0.008315596 ubox
126 220 0.009150334 ubox
126 285 0.012396059 ubox
126 293 0.019571169 ubox
126 295 0.018670798 ubox
127 135 0.009633536 ubox
127 137 0.016383056 ubox
127 153 0.016608346 ubox
127 211 0.004535092 ubox
127 215 0.008242206 ubox
127 217 0.277026021 ubox
127 219 0.006555983 ubox
127 284 0.009197283 ubox
127 292 0.008784675 ubox
127 294 0.016867973 ubox
128 136 0.089353379 ubox
128 152 0.016611775 ubox
128 163 0.007119877 ubox
128 210 0.004565243 ubox
128 216 0.279293687 ubox
128 283 0.008644722 ubox
128 290 0.007062691 ubox
128 293 0.016440360 ubox
129 135 0.089604115 ubox
129 151 0.016611176 ubox
129 162 0.007096681 ubox
129 215 0.279327991 ubox
129 289 0.007262064 ubox
130 134 0.081266468 ubox
130 150 0.016463543 ubox
130 162 0.003861705 ubox
130 214 0.270501395 ubox
130 288 0.006791120 ubox
130 292 0.010638440 ubox
131 137 0.006059019 ubox
131 148 0.008792521 ubox
131 161 0.010165761 ubox
131 291 0.010640622 ubox
132 136 0.008216928 ubox
132 146 0.009484097 ubox
132 147 0.004579974 ubox
132 156 0.003558542 ubox
132 160 0.010373145 ubox
132 290 0.008031186 ubox
133 145 0.009393834 ubox
133 155 0.003542118 ubox
133 159 0.010371177 ubox
134 158 0.010352226 ubox
134 286 0.003792366 ubox
135 142 0.011930937 ubox
135 149 0.010841137 ubox
135 152 0.020131941 ubox
135 157 0.009870622 ubox
135 206 0.004753401 ubox
135 209 0.294555702 ubox
135 285 0.003871590 ubox
136 141 0.011992630 ubox
136 148 0.010851529 ubox
136 151 0.020463845 ubox
136 205 0.004770510 ubox
136 208 0.294920953 ubox
137 147 0.010769915 ubox
137 155 0.005570771 ubox
137 156 0.004358052 ubox
137 204 0.004771031 ubox
137 207 0.294926271 ubox
137 210 0.014913495 ubox
137 281 0.005072449 ubox
138 146 0.010715408 ubox
138 149 0.023942558 ubox
138 152 0.008059798 ubox
138 154 0.005628800 ubox
138 155 0.003201983 ubox
138 203 0.004767540 ubox
138 206 0.294930199 ubox
138 209 0.015053693 ubox
138 280 0.005136849 ubox
139 148 0.024009347 ubox
139 151 0.008071685 ubox
139 199 0.005766789 ubox
139 205 0.294904279 ubox
139 208 0.015054476 ubox
139 279 0.005137739 ubox
140 147 0.023787636 ubox
140 194 0.003381955 ubox
140 198 0.012962129 ubox
140 203 0.003439111 ubox
140 204 0.294612267 ubox
140 207 0.015054322 ubox
140 278 0.005137493 ubox
141 146 0.023474685 ubox
141 149 0.008949268 ubox
141 152 0.007407474 ubox
141 193 0.003424477 ubox
141 197 0.054185372 ubox
141 203 0.289698468 ubox
141 206 0.015049979 ubox
141 277 0.005124381 ubox
142 148 0.009136717 ubox
142 151 0.007672158 ubox
142 162 0.003207146 ubox
142 167 0.024576744 ubox
142 196 0.167067823 ubox
142 205 0.012457723 ubox
142 237 0.003517212 ubox
143 161 0.003204129 ubox
143 166 0.024626844 ubox
143 195 0.166925423 ubox
143 199 0.151516121 ubox
143 236 0.003519350 ubox
144 165 0.023900763 ubox
144 189 0.004862622 ubox
144 197 0.073334693 ubox
144 198 0.135728341 ubox
144 202 0.015428028 ubox
145 188 0.003477981 ubox
145 192 0.165200533 ubox
145 196 0.098153223 ubox
145 200 0.048380170 ubox
145 201 0.015463570 ubox
145 235 0.003450328 ubox
146 162 0.023878434 ubox
146 191 0.167458091 ubox
146 195 0.100309302 ubox
146 196 0.095450023 ubox
146 199 0.049602531 ubox
146 234 0.003443293 ubox
147 161 0.023923161 ubox
147 188 0.267188213 ubox
147 191 0.003766410 ubox
147 195 0.069962428 ubox
148 160 0.023893595 ubox
148 163 0.007333014 ubox
148 184 0.003526636 ubox
148 187 0.292970912 ubox
148 194 0.024254500 ubox
148 197 0.004190868 ubox
148 233 0.004681809 ubox
149 162 0.007329263 ubox
149 166 0.005892854 ubox
149 183 0.004347434 ubox
149 186 0.293611064 ubox
149 196 0.004288482 ubox
149 232 0.005020759 ubox
150 158 0.022838684 ubox
150 159 0.005296392 ubox
150 165 0.005895574 ubox
150 182 0.003594427 ubox
150 185 0.292969475 ubox
150 231 0.005017791 ubox
151 157 0.023218331 ubox
151 158 0.004331255 ubox
151 163 0.003894933 ubox
151 164 0.005053221 ubox
151 182 0.050617962 ubox
151 184 0.289328903 ubox
152 162 0.004933093 ubox
152 181 0.053967621 ubox
152 183 0.289105799 ubox
152 229 0.005024887 ubox
153 180 0.057381268 ubox
153 182 0.288293176 ubox
153 228 0.005025370 ubox
154 179 0.060508962 ubox
154 181 0.287539711 ubox
154 227 0.005026369 ubox
155 168 0.005718712 ubox
155 178 0.061574744 ubox
155 226 0.005026255 ubox
156 162 0.005325767 ubox
156 167 0.006850533 ubox
156 225 0.005026442 ubox
157 161 0.005309748 ubox
157 166 0.006865728 ubox
157 179 0.134970185 ubox
157 224 0.005011520 ubox
158 178 0.126018081 ubox
158 179 0.017119085 ubox
158 201 0.005813649 ubox
159 178 0.020554675 ubox
159 200 0.006488465 ubox
160 171 0.288548386 ubox
160 173 0.011599533 ubox
160 199 0.006524715 ubox
160 208 0.003306531 ubox
160 221 0.004487299 ubox
161 170 0.290011408 ubox
161 175 0.047989726 ubox
161 198 0.006509417 ubox
161 207 0.003406912 ubox
161 220 0.004365481 ubox
162 169 0.290023238 ubox
162 172 0.003418334 ubox
162 174 0.048136048 ubox
162 197 0.006523869 ubox
162 206 0.003446289 ubox
163 168 0.289187430 ubox
163 171 0.003468942 ubox
163 173 0.048124048 ubox
163 196 0.006462160 ubox
163 205 0.003433737 ubox
164 195 0.006387915 ubox
164 218 0.003357847 ubox
165 171 0.040529902 ubox
165 178 0.003233859 ubox
165 217 0.003357903 ubox
166 170 0.039497033 ubox
166 172 0.003374155 ubox
166 194 0.006123669 ubox
166 216 0.003329808 ubox
167 175 0.004693463 ubox
167 193 0.006116799 ubox
167 198 0.007541644 ubox
167 210 0.003582677 ubox
168 174 0.004723500 ubox
168 197 0.025426483 ubox
168 209 0.003586737 ubox
169 173 0.004719266 ubox
169 196 0.026572361 ubox
169 208 0.003571716 ubox
170 191 0.004985530 ubox
170 195 0.026578201 ubox
171 189 0.004240183 ubox
171 190 0.004904849 ubox
171 194 0.026569135 ubox
171 206 0.003476167 ubox
172 178 0.007011419 ubox
172 179 0.004903460 ubox
172 188 0.006432710 ubox
172 205 0.003361480 ubox
173 177 0.006252053 ubox
173 187 0.006499755 ubox
173 193 0.026758847 ubox
173 204 0.003326727 ubox
174 186 0.004924743 ubox
174 192 0.026761736 ubox
174 200 0.003255125 ubox
175 186 0.004290527 ubox
175 191 0.026750858 ubox
175 199 0.003293801 ubox
176 184 0.004036629 ubox
176 185 0.004330471 ubox
176 189 0.004439813 ubox
176 198 0.003214723 ubox
177 183 0.004145028 ubox
177 188 0.004421668 ubox
178 182 0.003494278 ubox
179 187 0.007891291 ubox
179 189 0.038864417 ubox
179 220 0.012314616 ubox
179 391 0.011947889 ubox
180 186 0.007794781 ubox
180 188 0.039856806 ubox
180 219 0.012314146 ubox
180 390 0.013714384 ubox
181 185 0.003781293 ubox
181 187 0.040003170 ubox
181 189 0.005350388 ubox
181 194 0.003333170 ubox
181 220 0.003167570 ubox
182 186 0.037615204 ubox
182 188 0.006211318 ubox
182 217 0.012434576 ubox
182 219 0.003167247 ubox
182 388 0.015848357 ubox
183 187 0.006404733 ubox
183 190 0.008140651 ubox
183 193 0.016185173 ubox
183 216 0.012466009 ubox
183 220 0.004495996 ubox
183 387 0.016075206 ubox
184 188 0.004315662 ubox
184 192 0.018859758 ubox
184 215 0.012420838 ubox
184 218 0.017583237 ubox
184 219 0.003929984 ubox
184 386 0.011467997 ubox
185 191 0.025707822 ubox
185 214 0.012060275 ubox
185 217 0.043299999 ubox
185 386 0.038756853 ubox
185 388 0.004273990 ubox
186 190 0.038811391 ubox
186 216 0.046190560 ubox
186 385 0.043257002 ubox
186 387 0.004400531 ubox
187 215 0.046156977 ubox
187 371 0.003243620 ubox
187 384 0.043763294 ubox
187 392 0.010067298 ubox
188 197 0.020916575 ubox
188 202 0.007504092 ubox
188 212 0.005065748 ubox
188 370 0.003244045 ubox
188 383 0.043140464 ubox
188 391 0.010077892 ubox
189 196 0.027184763 ubox
189 200 0.168533076 ubox
189 201 0.008043816 ubox
189 211 0.005199554 ubox
189 390 0.010073584 ubox
190 195 0.028712517 ubox
190 199 0.172015794 ubox
190 208 0.015097659 ubox
190 381 0.043622415 ubox
190 384 0.008832606 ubox
190 389 0.009638490 ubox
191 198 0.163669445 ubox
191 207 0.015233909 ubox
191 380 0.043751851 ubox
191 383 0.011324362 ubox
192 197 0.145735767 ubox
192 379 0.042854537 ubox
192 382 0.011401261 ubox
192 385 0.003173868 ubox
193 381 0.011276880 ubox
193 384 0.003294809 ubox
194 205 0.044860326 ubox
194 208 0.050492885 ubox
194 363 0.003277385 ubox
194 381 0.003512115 ubox
195 204 0.046805380 ubox
195 207 0.051053436 ubox
195 246 0.003699753 ubox
195 362 0.003621988 ubox
195 374 0.040566740 ubox
195 375 0.010664376 ubox
195 379 0.011629301 ubox
195 380 0.003829828 ubox
195 434 0.004815580 ubox
196 202 0.005297671 ubox
196 203 0.046827630 ubox
196 206 0.051098210 ubox
196 245 0.003817987 ubox
196 361 0.003620661 ubox
196 373 0.040641876 ubox
196 374 0.010931699 ubox
196 378 0.013370458 ubox
196 433 0.004887881 ubox
197 201 0.006710854 ubox
197 205 0.044781918 ubox
197 226 0.003820303 ubox
197 244 0.004145688 ubox
197 369 0.003410179 ubox
197 372 0.039868556 ubox
197 377 0.013321891 ubox
197 432 0.004895065 ubox
198 205 0.054757259 ubox
198 208 0.005992566 ubox
198 211 0.005589824 ubox
198 221 0.004228321 ubox
198 225 0.004027910 ubox
198 243 0.004355586 ubox
198 369 0.134747200 ubox
198 371 0.024889237 ubox
198 376 0.007181859 ubox
198 431 0.004790582 ubox
199 204 0.112485765 ubox
199 207 0.022161916 ubox
199 210 0.007674323 ubox
199 220 0.008655459 ubox
199 223 0.003819238 ubox
199 242 0.004427702 ubox
199 283 0.003542818 ubox
199 358 0.003528651 ubox
199 368 0.193355560 ubox
199 375 0.003188097 ubox
199 403 0.003181921 ubox
199 404 0.011572254 ubox
199 430 0.007682514 ubox
199 435 0.010911404 ubox
200 222 0.004364148 ubox
200 223 0.005700988 ubox
200 282 0.003434169 ubox
200 357 0.003454989 ubox
200 367 0.193678823 ubox
200 402 0.003529509 ubox
200 403 0.011549762 ubox
200 435 0.005299747 ubox
201 212 0.006106683 ubox
201 222 0.006117341 ubox
201 366 0.193724278 ubox
201 401 0.003515119 ubox
201 402 0.010687706 ubox
201 435 0.005336636 ubox
202 211 0.006479924 ubox
202 219 0.076498572 ubox
202 221 0.004273122 ubox
202 226 0.084742905 ubox
202 235 0.014046389 ubox
202 238 0.008436716 ubox
202 365 0.193708134 ubox
202 432 0.201100818 ubox
203 218 0.079482126 ubox
203 225 0.086030644 ubox
203 230 0.014255177 ubox
203 234 0.014305495 ubox
203 237 0.008655121 ubox
203 364 0.193809361 ubox
203 431 0.207276334 ubox
204 221 0.010213082 ubox
204 224 0.086039932 ubox
204 229 0.014274450 ubox
204 232 0.021770754 ubox
204 236 0.008645378 ubox
204 363 0.193791965 ubox
204 400 0.009386386 ubox
204 428 0.632358317 ubox
204 431 0.111195607 ubox
205 216 0.129225386 ubox
205 220 0.010676781 ubox
205 222 0.015786614 ubox
205 223 0.081441250 ubox
205 228 0.014254465 ubox
205 231 0.027690424 ubox
205 360 0.003961923 ubox
205 362 0.190726670 ubox
205 399 0.009362180 ubox
205 427 0.638604537 ubox
205 429 0.372224330 ubox
205 430 0.131559803 ubox
206 215 0.130210120 ubox
206 221 0.021835945 ubox
206 225 0.006197474 ubox
206 227 0.014239424 ubox
206 230 0.029060422 ubox
206 359 0.006347173 ubox
206 426 0.638031852 ubox
206 428 0.267403455 ubox
207 221 0.080955991 ubox
207 224 0.006227707 ubox
207 229 0.029061674 ubox
207 232 0.010358588 ubox
207 359 0.083850429 ubox
207 426 0.040820561 ubox
207 428 0.567742081 ubox
207 431 0.018932007 ubox
208 216 0.175331186 ubox
208 220 0.078537247 ubox
208 222 0.009900440 ubox
208 223 0.004457932 ubox
208 228 0.028914694 ubox
208 231 0.011815900 ubox
208 358 0.083555571 ubox
208 360 0.046993372 ubox
208 396 0.005488177 ubox
208 424 0.631553646 ubox
208 425 0.036776246 ubox
208 427 0.628871656 ubox
208 429 0.136928092 ubox
208 430 0.004958540 ubox
209 215 0.175860408 ubox
209 221 0.010454654 ubox
209 225 0.030424859 ubox
209 227 0.028669235 ubox
209 230 0.012194174 ubox
209 359 0.047720547 ubox
209 395 0.005467513 ubox
209 423 0.622096805 ubox
209 426 0.616732562 ubox
209 428 0.138040759 ubox
210 224 0.030878827 ubox
210 229 0.012196075 ubox
210 300 0.029852290 ubox
210 303 0.004607048 ubox
210 423 0.080711713 ubox
210 426 0.181962282 ubox
210 431 0.015406973 ubox
211 222 0.005058916 ubox
211 223 0.029306221 ubox
211 228 0.012162144 ubox
211 299 0.029914223 ubox
211 302 0.004610476 ubox
211 357 0.037838031 ubox
211 360 0.005305451 ubox
211 422 0.093381779 ubox
211 425 0.216699381 ubox
211 430 0.015371884 ubox
212 221 0.006575668 ubox
212 224 0.016409789 ubox
212 227 0.011624579 ubox
212 298 0.029335633 ubox
212 301 0.004461398 ubox
212 307 0.006123767 ubox
212 356 0.037208536 ubox
212 359 0.005289326 ubox
212 423 0.584456186 ubox
212 426 0.007152935 ubox
212 431 0.004764764 ubox
213 223 0.015250692 ubox
213 306 0.006983594 ubox
213 353 0.083763589 ubox
213 354 0.017070735 ubox
213 422 0.852183684 ubox
213 425 0.014713212 ubox
213 430 0.005948427 ubox
214 222 0.013824859 ubox
214 223 0.031085194 ubox
214 296 0.030040002 ubox
214 306 0.003767136 ubox
214 352 0.086017293 ubox
214 353 0.017069382 ubox
214 354 0.010103284 ubox
214 421 0.870856420 ubox
214 422 0.009267007 ubox
214 425 0.250360006 ubox
215 222 0.038847689 ubox
215 295 0.030531831 ubox
215 304 0.087180300 ubox
215 305 0.004009804 ubox
215 344 0.003620889 ubox
215 351 0.085745529 ubox
215 352 0.016485023 ubox
215 353 0.007590034 ubox
215 360 0.008780909 ubox
215 420 0.872749944 ubox
215 424 0.254269956 ubox
215 427 0.061257220 ubox
216 221 0.039653208 ubox
216 224 0.011580320 ubox
216 291 0.004098065 ubox
216 294 0.030475221 ubox
216 303 0.087496582 ubox
216 343 0.003646276 ubox
216 350 0.085392767 ubox
216 359 0.008951403 ubox
216 414 0.003999958 ubox
216 419 0.871876968 ubox
216 423 0.254259480 ubox
216 426 0.061451044 ubox
217 223 0.011393925 ubox
217 286 0.004819830 ubox
217 290 0.004567617 ubox
217 296 0.005730231 ubox
217 302 0.087072172 ubox
217 346 0.009869404 ubox
217 352 0.004726559 ubox
217 353 0.005370096 ubox
217 354 0.038029332 ubox
217 403 0.114600670 ubox
217 409 0.003411573 ubox
217 413 0.004924414 ubox
217 421 0.018057928 ubox
217 422 0.250287308 ubox
217 425 0.061463274 ubox
218 222 0.008248290 ubox
218 285 0.005549330 ubox
218 295 0.012699658 ubox
218 305 0.003223114 ubox
218 341 0.003772549 ubox
218 345 0.009978553 ubox
218 347 0.018653793 ubox
218 352 0.005197040 ubox
218 353 0.047826279 ubox
218 354 0.035506341 ubox
218 355 0.034321347 ubox
218 358 0.006333111 ubox
218 361 0.159998822 ubox
218 402 0.141400662 ubox
218 403 0.004690721 ubox
218 404 0.006213362 ubox
218 408 0.003376064 ubox
218 410 0.013447058 ubox
218 420 0.025056936 ubox
218 421 0.191885465 ubox
218 422 0.034756010 ubox
218 424 0.061305605 ubox
219 228 0.005678182 ubox
219 290 0.035299292 ubox
219 340 0.003884518 ubox
219 346 0.018107857 ubox
219 352 0.048970663 ubox
219 353 0.038229280 ubox
219 354 0.033075828 ubox
219 357 0.006187247 ubox
219 360 0.160172328 ubox
219 401 0.144391985 ubox
219 402 0.003603631 ubox
219 403 0.004724798 ubox
219 409 0.013371006 ubox
219 421 0.055208412 ubox
220 227 0.006267648 ubox
220 289 0.037464619 ubox
220 291 0.004882773 ubox
220 294 0.020802779 ubox
220 300 0.103074967 ubox
220 303 0.006430141 ubox
220 339 0.003915305 ubox
220 343 0.006247910 ubox
220 359 0.160186962 ubox
220 400 0.146284673 ubox
220 414 0.487774273 ubox
220 423 0.030782672 ubox
221 285 0.039840765 ubox
221 290 0.004441643 ubox
221 293 0.021114272 ubox
221 299 0.103931151 ubox
221 302 0.006421318 ubox
221 338 0.003909385 ubox
221 342 0.006214372 ubox
221 344 0.008031985 ubox
221 351 0.117443433 ubox
221 358 0.147394652 ubox
221 399 0.146115462 ubox
221 407 0.013684160 ubox
221 413 0.475546833 ubox
221 416 0.173000094 ubox
221 420 0.257896641 ubox
221 422 0.006122478 ubox
222 284 0.037352281 ubox
222 288 0.023195708 ubox
222 292 0.020773599 ubox
222 298 0.104394337 ubox
222 301 0.006481936 ubox
222 337 0.003396894 ubox
222 343 0.006838094 ubox
222 350 0.123249564 ubox
222 356 0.007867723 ubox
222 398 0.124793071 ubox
222 406 0.009796960 ubox
222 412 0.336423301 ubox
222 415 0.168780875 ubox
222 419 0.258478028 ubox
223 247 0.004890588 ubox
223 284 0.081781228 ubox
223 287 0.024533186 ubox
223 291 0.018498632 ubox
223 297 0.104369559 ubox
223 300 0.006180780 ubox
223 343 0.003510367 ubox
223 349 0.162013054 ubox
223 356 0.135933624 ubox
223 398 0.053211110 ubox
223 406 0.024379446 ubox
223 412 0.792116355 ubox
223 414 0.105104271 ubox
223 418 0.258484081 ubox
224 246 0.005322344 ubox
224 251 0.068218171 ubox
224 281 0.009586232 ubox
224 282 0.063541313 ubox
224 283 0.089089472 ubox
224 286 0.023823363 ubox
224 290 0.012361294 ubox
224 296 0.104284436 ubox
224 299 0.004384516 ubox
224 305 0.005160543 ubox
224 342 0.004815626 ubox
224 348 0.164832454 ubox
224 354 0.008690560 ubox
224 355 0.137579457 ubox
224 397 0.075242653 ubox
224 405 0.028437481 ubox
224 408 0.005491097 ubox
224 409 0.006591729 ubox
224 410 0.018779793 ubox
224 411 0.875185402 ubox
224 413 0.007229663 ubox
224 417 0.258620340 ubox
224 434 0.003792125 ubox
225 245 0.005130358 ubox
225 246 0.003562219 ubox
225 250 0.085897290 ubox
225 280 0.008119670 ubox
225 281 0.101171723 ubox
225 282 0.081032862 ubox
225 283 0.122004777 ubox
225 285 0.020867116 ubox
225 295 0.103802795 ubox
225 304 0.005146352 ubox
225 341 0.004479592 ubox
225 347 0.164783992 ubox
225 353 0.024146188 ubox
225 354 0.112418664 ubox
225 355 0.008627671 ubox
225 396 0.057056222 ubox
225 404 0.028439112 ubox
225 407 0.005470811 ubox
225 408 0.008806806 ubox
225 409 0.016988903 ubox
225 410 0.875289222 ubox
225 416 0.258031376 ubox
225 433 0.003803812 ubox
226 245 0.003471857 ubox
226 249 0.086656666 ubox
226 282 0.123722775 ubox
226 286 0.005203777 ubox
226 296 0.003428330 ubox
226 340 0.004327566 ubox
226 346 0.161013605 ubox
226 352 0.032930245 ubox
226 353 0.100888819 ubox
226 354 0.009307880 ubox
226 403 0.027644401 ubox
226 409 0.873694331 ubox
227 242 0.049096806 ubox
227 248 0.086922364 ubox
227 280 0.396502640 ubox
227 281 0.089146939 ubox
227 285 0.006124030 ubox
227 293 0.018712214 ubox
227 295 0.003696940 ubox
227 344 0.008637175 ubox
227 345 0.083994613 ubox
227 351 0.039282999 ubox
227 352 0.018792990 ubox
227 399 0.016902613 ubox
227 402 0.003264786 ubox
227 407 0.612874911 ubox
227 408 0.616430784 ubox
227 413 0.230103332 ubox
227 416 0.012333817 ubox
228 241 0.049398281 ubox
228 247 0.087067771 ubox
228 279 0.413524620 ubox
228 284 0.006007006 ubox
228 287 0.008526853 ubox
228 292 0.017353006 ubox
228 294 0.003604208 ubox
228 343 0.011560522 ubox
228 349 0.036222387 ubox
228 350 0.026150222 ubox
228 398 0.019689340 ubox
228 406 0.865291103 ubox
228 412 0.230341650 ubox
228 415 0.021296147 ubox
229 240 0.049432665 ubox
229 246 0.087088752 ubox
229 251 0.003673676 ubox
229 278 0.421846742 ubox
229 281 0.027372373 ubox
229 283 0.004515473 ubox
229 286 0.008674079 ubox
229 293 0.003504617 ubox
229 342 0.007539426 ubox
229 345 0.012982150 ubox
229 348 0.041830124 ubox
229 352 0.010058966 ubox
229 397 0.019752433 ubox
229 404 0.006194712 ubox
229 405 0.866995335 ubox
229 408 0.025599795 ubox
229 411 0.230283501 ubox
230 239 0.049473093 ubox
230 242 0.003389441 ubox
230 245 0.086501608 ubox
230 250 0.005987094 ubox
230 277 0.422011759 ubox
230 280 0.028032121 ubox
230 282 0.003521935 ubox
230 285 0.008392246 ubox
230 290 0.011388334 ubox
230 344 0.013926777 ubox
230 347 0.041794543 ubox
230 351 0.011296041 ubox
230 396 0.019574030 ubox
230 399 0.009686009 ubox
230 403 0.005719540 ubox
230 404 0.865846336 ubox
230 407 0.029158779 ubox
230 410 0.230027876 ubox
230 413 0.024491781 ubox
231 238 0.049231286 ubox
231 241 0.003689481 ubox
231 243 0.070546232 ubox
231 244 0.062933939 ubox
231 274 0.016554774 ubox
231 276 0.410910685 ubox
231 279 0.028320693 ubox
231 284 0.007979522 ubox
231 287 0.186370507 ubox
231 289 0.016913359 ubox
231 343 0.013920650 ubox
231 349 0.128802576 ubox
231 350 0.010685679 ubox
231 395 0.017716908 ubox
231 398 0.016823072 ubox
231 400 0.091324234 ubox
231 406 0.029303952 ubox
231 412 0.024567589 ubox
232 239 0.011820532 ubox
232 242 0.092773151 ubox
232 248 0.036686689 ubox
232 273 0.019401870 ubox
232 277 0.012579671 ubox
232 278 0.028039036 ubox
232 280 0.007699603 ubox
232 283 0.007193386 ubox
232 285 0.854558487 ubox
232 286 0.038185285 ubox
232 342 0.013675598 ubox
232 344 0.008226351 ubox
232 348 0.132153926 ubox
232 397 0.014593715 ubox
232 399 0.094403853 ubox
232 401 0.011495731 ubox
232 405 0.027155491 ubox
232 407 0.171658423 ubox
232 411 0.024575521 ubox
233 238 0.011783857 ubox
233 241 0.092660001 ubox
233 243 0.012003167 ubox
233 247 0.039429200 ubox
233 254 0.026039400 ubox
233 274 0.371892371 ubox
233 276 0.012402439 ubox
233 279 0.007602224 ubox
233 284 0.860190334 ubox
233 343 0.008133945 ubox
233 349 0.011452276 ubox
233 398 0.091447047 ubox
233 400 0.009854053 ubox
233 406 0.171477758 ubox
234 240 0.088600518 ubox
234 242 0.012752453 ubox
234 246 0.039754657 ubox
234 250 0.013160856 ubox
234 252 0.013041813 ubox
234 253 0.029146541 ubox
234 270 0.096825365 ubox
234 273 0.418779478 ubox
234 278 0.005177624 ubox
234 283 0.860942278 ubox
234 342 0.007777817 ubox
234 347 0.139006158 ubox
234 348 0.008401095 ubox
234 397 0.086914475 ubox
234 399 0.010518066 ubox
234 404 0.022099916 ubox
234 405 0.170104745 ubox
234 410 0.024982093 ubox
235 245 0.039436583 ubox
235 248 0.006218344 ubox
235 249 0.014589217 ubox
235 251 0.038000845 ubox
235 252 0.040065026 ubox
235 269 0.099714387 ubox
235 272 0.420728822 ubox
235 282 0.860928467 ubox
235 341 0.006830311 ubox
235 346 0.140179119 ubox
235 402 0.003392269 ubox
235 403 0.024129284 ubox
235 409 0.025642445 ubox
236 246 0.006355456 ubox
236 248 0.013692829 ubox
236 250 0.042518462 ubox
236 251 0.046294115 ubox
236 268 0.100253681 ubox
236 271 0.421017889 ubox
236 278 0.009122460 ubox
236 281 0.861026529 ubox
236 340 0.004246973 ubox
236 342 0.003941324 ubox
236 345 0.140343006 ubox
236 348 0.025114174 ubox
236 397 0.006007497 ubox
236 402 0.020218568 ubox
236 403 0.139416622 ubox
236 404 0.076021795 ubox
236 405 0.023194390 ubox
236 408 0.025645535 ubox
237 245 0.005047821 ubox
237 246 0.052219061 ubox
237 249 0.041614683 ubox
237 250 0.049194762 ubox
237 267 0.100262845 ubox
237 270 0.420990440 ubox
237 277 0.009577663 ubox
237 280 0.860122529 ubox
237 341 0.004131874 ubox
237 344 0.139544422 ubox
237 347 0.025197887 ubox
237 396 0.005584246 ubox
237 401 0.013294747 ubox
237 402 0.150099355 ubox
237 403 0.071714137 ubox
237 404 0.024690086 ubox
237 407 0.025603006 ubox
238 245 0.057255722 ubox
238 248 0.041277891 ubox
238 249 0.048180926 ubox
238 251 0.007223910 ubox
238 252 0.006419740 ubox
238 265 0.004603286 ubox
238 266 0.098356062 ubox
238 269 0.411630216 ubox
238 290 0.005166282 ubox
238 340 0.006930864 ubox
238 346 0.024307704 ubox
238 401 0.152031193 ubox
238 402 0.065329033 ubox
238 403 0.024321623 ubox
239 255 0.018695135 ubox
239 256 0.003905968 ubox
239 262 0.019909330 ubox
239 289 0.005943678 ubox
239 339 0.006944907 ubox
239 400 0.152459693 ubox
240 254 0.021476233 ubox
240 255 0.003835911 ubox
240 261 0.019637549 ubox
240 274 0.045973091 ubox
240 288 0.005522556 ubox
241 253 0.021768173 ubox
241 260 0.015696501 ubox
241 273 0.046983727 ubox
241 290 0.003854077 ubox
241 340 0.067365074 ubox
241 401 0.041264766 ubox
242 261 0.053307057 ubox
242 289 0.004125689 ubox
242 291 0.003858248 ubox
242 303 0.019251981 ubox
242 337 0.004524303 ubox
242 339 0.067638162 ubox
242 400 0.042622338 ubox
243 249 0.036884631 ubox
243 252 0.046478985 ubox
243 253 0.052185170 ubox
243 260 0.039288497 ubox
243 266 0.038909942 ubox
243 273 0.037682506 ubox
243 290 0.003862504 ubox
243 302 0.013902170 ubox
243 336 0.003764492 ubox
243 402 0.003538677 ubox
244 248 0.034268635 ubox
244 251 0.048508072 ubox
244 252 0.060233366 ubox
244 260 0.102506392 ubox
244 265 0.039709561 ubox
244 272 0.020711179 ubox
244 302 0.085847577 ubox
244 401 0.004369113 ubox
245 256 0.008496911 ubox
245 257 0.012889504 ubox
245 259 0.109979966 ubox
245 262 0.376926085 ubox
245 264 0.030439490 ubox
245 292 0.078485032 ubox
245 301 0.095519664 ubox
245 393 0.003638938 ubox
245 400 0.004072198 ubox
245 415 0.004521301 ubox
246 255 0.010242706 ubox
246 256 0.012887027 ubox
246 258 0.109799231 ubox
246 261 0.411205494 ubox
246 291 0.080889113 ubox
246 300 0.095969394 ubox
246 303 0.007850924 ubox
246 337 0.005167351 ubox
246 392 0.003705156 ubox
246 414 0.005084962 ubox
247 260 0.407720125 ubox
247 290 0.080631715 ubox
247 299 0.095812390 ubox
247 302 0.007880775 ubox
247 336 0.003863972 ubox
247 391 0.003685110 ubox
247 413 0.005071625 ubox
248 255 0.007767365 ubox
248 256 0.018581702 ubox
248 257 0.101483112 ubox
248 258 0.139514072 ubox
248 259 0.321142586 ubox
248 275 0.021042489 ubox
248 276 0.052264215 ubox
248 289 0.073241069 ubox
248 292 0.015739329 ubox
248 298 0.094527901 ubox
248 301 0.007703392 ubox
248 390 0.003385611 ubox
248 412 0.004868329 ubox
249 254 0.007998389 ubox
249 255 0.016872589 ubox
249 256 0.102590680 ubox
249 257 0.205384471 ubox
249 258 0.196488019 ubox
249 259 0.221271315 ubox
249 274 0.019078070 ubox
249 275 0.050548326 ubox
249 288 0.044162107 ubox
249 291 0.016099553 ubox
249 292 0.039189110 ubox
249 297 0.082333912 ubox
249 300 0.007129007 ubox
250 255 0.103210021 ubox
250 256 0.228392331 ubox
250 258 0.303898131 ubox
250 289 0.057145671 ubox
250 291 0.041262454 ubox
251 255 0.207778643 ubox
251 257 0.303094736 ubox
251 258 0.003993276 ubox
251 275 0.290660270 ubox
251 276 0.501000863 ubox
251 288 0.048619181 ubox
251 289 0.083180730 ubox
252 256 0.278558288 ubox
252 257 0.008553364 ubox
252 274 0.282676233 ubox
252 275 0.542303405 ubox
252 276 0.047164529 ubox
252 287 0.037166766 ubox
252 288 0.135603498 ubox
252 415 0.003837131 ubox
253 257 0.003743235 ubox
253 274 0.539889489 ubox
253 275 0.045430522 ubox
253 287 0.151552776 ubox
253 288 0.003588051 ubox
253 414 0.004053772 ubox
254 269 0.065541464 ubox
254 272 0.759469492 ubox
254 273 0.425586096 ubox
254 286 0.155420078 ubox
254 413 0.004069646 ubox
255 268 0.080222381 ubox
255 269 0.004486017 ubox
255 270 0.003506793 ubox
255 271 0.842301361 ubox
255 272 0.266574677 ubox
255 278 0.004526291 ubox
255 285 0.155602909 ubox
255 286 0.008892160 ubox
255 348 0.024940204 ubox
255 405 0.010514117 ubox
255 411 0.007707597 ubox
256 267 0.080289022 ubox
256 268 0.006051238 ubox
256 269 0.003336341 ubox
256 270 0.843107014 ubox
256 271 0.264579004 ubox
256 273 0.025724082 ubox
256 277 0.004525657 ubox
256 283 0.135795288 ubox
256 285 0.010391885 ubox
256 347 0.025030469 ubox
256 404 0.010598729 ubox
256 410 0.007726364 ubox
257 265 0.003632115 ubox
257 266 0.079791294 ubox
257 269 0.843109983 ubox
257 272 0.027224852 ubox
257 282 0.135855010 ubox
257 346 0.025006757 ubox
257 403 0.010594059 ubox
257 409 0.007725484 ubox
258 265 0.058892891 ubox
258 266 0.017931053 ubox
258 267 0.392689950 ubox
258 268 0.743294422 ubox
258 270 0.259922711 ubox
258 271 0.027509556 ubox
258 281 0.134620810 ubox
258 283 0.078657017 ubox
258 345 0.024539990 ubox
258 402 0.010568329 ubox
258 408 0.007711907 ubox
259 265 0.053000751 ubox
259 266 0.547655938 ubox
259 269 0.256754656 ubox
259 282 0.077827079 ubox
259 401 0.010535032 ubox
260 264 0.054761254 ubox
260 279 0.130347968 ubox
260 400 0.010102261 ubox
260 406 0.007511880 ubox
261 267 0.156085679 ubox
261 268 0.261554325 ubox
261 269 0.004846938 ubox
261 270 0.003848900 ubox
261 271 0.008010093 ubox
261 278 0.134780309 ubox
261 281 0.087299110 ubox
261 305 0.011009638 ubox
261 345 0.004715152 ubox
261 399 0.008277908 ubox
261 405 0.007578975 ubox
262 266 0.105298138 ubox
262 267 0.260432456 ubox
262 268 0.007590270 ubox
262 270 0.008129844 ubox
262 271 0.004146536 ubox
262 277 0.134435616 ubox
262 280 0.088215997 ubox
262 304 0.011141259 ubox
262 344 0.005164618 ubox
262 396 0.003178337 ubox
262 404 0.007560991 ubox
263 279 0.088215630 ubox
263 303 0.011158908 ubox
263 343 0.005151427 ubox
264 302 0.011133085 ubox
265 275 0.022304657 ubox
265 276 0.032566951 ubox
265 301 0.010188071 ubox
266 274 0.022127428 ubox
266 275 0.036605331 ubox
266 300 0.009385925 ubox
269 292 0.003248540 ubox
269 301 0.004660597 ubox
270 291 0.003706728 ubox
270 300 0.005329705 ubox
271 289 0.019435305 ubox
272 288 0.019769700 ubox
272 298 0.008202537 ubox
272 301 0.010127920 ubox
273 287 0.019837635 ubox
273 297 0.010927418 ubox
273 300 0.012762508 ubox
274 286 0.019252053 ubox
274 296 0.011238970 ubox
274 299 0.012530575 ubox
274 403 0.010148205 ubox
275 402 0.012169236 ubox
275 403 0.003984231 ubox
276 290 0.006385573 ubox
276 401 0.012574409 ubox
276 402 0.004199269 ubox
277 289 0.007093849 ubox
277 400 0.011613301 ubox
278 291 0.041147080 ubox
278 294 0.026815071 ubox
278 300 0.006764399 ubox
278 343 0.003348150 ubox
278 400 0.009438013 ubox
279 290 0.046366087 ubox
279 293 0.030069108 ubox
279 295 0.200596097 ubox
279 304 0.019605631 ubox
279 396 0.003280980 ubox
279 399 0.010676872 ubox
280 289 0.047097374 ubox
280 294 0.203653629 ubox
280 303 0.020036636 ubox
280 395 0.003266764 ubox
281 289 0.027042279 ubox
281 350 0.005646614 ubox
282 288 0.026976289 ubox
282 292 0.391932303 ubox
282 301 0.054173513 ubox
282 349 0.005453018 ubox
282 415 0.008627579 ubox
283 291 0.405486159 ubox
283 300 0.056575226 ubox
283 303 0.009661644 ubox
283 414 0.008945185 ubox
284 290 0.405396427 ubox
284 299 0.055476714 ubox
284 302 0.009498548 ubox
284 413 0.008556530 ubox
285 289 0.402705003 ubox
285 350 0.016104928 ubox
285 400 0.003435430 ubox
286 297 0.043197757 ubox
286 300 0.007867031 ubox
286 349 0.019166418 ubox
287 296 0.035182152 ubox
287 299 0.007416964 ubox
287 353 0.112429359 ubox
287 354 0.005375009 ubox
287 402 0.017881212 ubox
287 403 0.009689096 ubox
288 296 0.055464710 ubox
288 306 0.004931366 ubox
288 346 0.108874538 ubox
288 352 0.146910645 ubox
288 353 0.004659272 ubox
288 401 0.019002384 ubox
288 402 0.010497030 ubox
288 403 0.003777494 ubox
288 409 0.004754939 ubox
289 295 0.063983601 ubox
289 299 0.007301149 ubox
289 302 0.004157592 ubox
289 304 0.014524571 ubox
289 305 0.006199446 ubox
289 344 0.700851856 ubox
289 345 0.090451857 ubox
289 351 0.155034980 ubox
289 357 0.006590684 ubox
289 399 0.069967144 ubox
289 401 0.008433932 ubox
289 407 0.018232336 ubox
289 408 0.004511035 ubox
290 294 0.060170622 ubox
290 297 0.003954520 ubox
290 298 0.007612034 ubox
290 301 0.004333977 ubox
290 303 0.014500593 ubox
290 343 0.705214807 ubox
290 349 0.173074148 ubox
290 350 0.146695036 ubox
290 356 0.006843361 ubox
290 398 0.069367955 ubox
290 400 0.007097239 ubox
290 406 0.018251242 ubox
291 296 0.003725429 ubox
291 302 0.010120733 ubox
291 341 0.092011657 ubox
291 342 0.703471332 ubox
291 347 0.513973568 ubox
291 348 0.144587976 ubox
291 355 0.006853548 ubox
291 397 0.066664279 ubox
291 399 0.007256557 ubox
291 402 0.022711623 ubox
291 405 0.017339248 ubox
292 340 0.505222789 ubox
292 341 0.497975198 ubox
292 346 0.523431095 ubox
292 354 0.006610361 ubox
292 401 0.026355634 ubox
292 403 0.003317825 ubox
293 300 0.083874908 ubox
293 303 0.035157666 ubox
293 339 0.708772065 ubox
293 343 0.051693125 ubox
293 400 0.027072478 ubox
294 299 0.051454519 ubox
294 302 0.028909813 ubox
294 304 0.120079605 ubox
294 313 0.004243500 ubox
294 338 0.709017456 ubox
294 340 0.010170713 ubox
294 342 0.051370469 ubox
294 344 0.607639654 ubox
294 351 0.010827660 ubox
294 399 0.023035533 ubox
295 303 0.131242270 ubox
295 312 0.004215435 ubox
295 337 0.707932335 ubox
295 339 0.010175714 ubox
295 343 0.609447817 ubox
295 350 0.010900226 ubox
296 303 0.014804154 ubox
296 337 0.011317318 ubox
296 349 0.010828387 ubox
297 302 0.017709209 ubox
297 311 0.005079148 ubox
297 336 0.024381609 ubox
297 341 0.600448717 ubox
297 402 0.004638362 ubox
298 310 0.005330903 ubox
298 336 0.008302438 ubox
298 340 0.630747735 ubox
298 401 0.005232924 ubox
299 309 0.005351400 ubox
299 339 0.631184544 ubox
299 343 0.014844250 ubox
299 400 0.005273509 ubox
300 308 0.005346693 ubox
300 311 0.004525628 ubox
300 336 0.008132969 ubox
300 338 0.631247363 ubox
300 341 0.013540550 ubox
300 342 0.017555466 ubox
300 399 0.005282570 ubox
301 310 0.004988955 ubox
301 336 0.009609516 ubox
301 340 0.015566314 ubox
301 341 0.016536762 ubox
302 309 0.005044046 ubox
302 337 0.612988420 ubox
302 339 0.016165114 ubox
303 308 0.005027288 ubox
303 336 0.961203376 ubox
303 338 0.013548191 ubox
304 335 0.984106663 ubox
304 337 0.010348082 ubox
305 334 0.988961781 ubox
305 335 0.003730166 ubox
306 331 0.006825191 ubox
306 333 0.996442906 ubox
307 330 0.007770142 ubox
307 332 0.999066543 ubox
308 329 0.008003970 ubox
308 331 0.999907102 ubox
309 328 0.007414683 ubox
309 330 0.999101235 ubox
310 329 0.945469205 ubox
311 329 0.020990322 ubox
312 327 0.995236825 ubox
312 328 0.020249342 ubox
313 326 0.937762732 ubox
314 325 0.876078520 ubox
314 326 0.347162818 ubox
314 365 0.003333261 ubox
315 324 0.809345025 ubox
315 325 0.482116695 ubox
315 364 0.003396759 ubox
316 324 0.586771130 ubox
316 363 0.003439853 ubox
317 323 0.671384388 ubox
317 362 0.003482061 ubox
318 322 0.664407057 ubox
318 361 0.003481841 ubox
319 360 0.003420551 ubox
325 352 0.003439024 ubox
326 351 0.004022518 ubox
327 350 0.004027655 ubox
328 349 0.004021600 ubox
329 348 0.004014474 ubox
333 346 0.004259167 ubox
334 345 0.004792396 ubox
335 344 0.005001735 ubox
336 343 0.005633134 ubox
337 342 0.006326205 ubox
337 344 0.058234326 ubox
337 351 0.004853471 ubox
337 401 0.008965138 ubox
338 343 0.059064088 ubox
338 350 0.004904442 ubox
338 400 0.010073992 ubox
339 399 0.010100045 ubox
340 398 0.009821407 ubox
342 400 0.011322338 ubox
343 351 0.020557907 ubox
343 396 0.004194630 ubox
343 399 0.011364202 ubox
343 401 0.014038920 ubox
344 350 0.020893857 ubox
344 395 0.004167558 ubox
344 400 0.015166053 ubox
348 371 0.004530825 ubox
348 414 0.003361285 ubox
348 423 0.015463003 ubox
348 426 0.006619827 ubox
349 367 0.007142036 ubox
349 370 0.004459930 ubox
349 375 0.004866840 ubox
349 379 0.018902142 ubox
349 402 0.028459420 ubox
349 403 0.004615077 ubox
349 413 0.003348209 ubox
349 421 0.022216279 ubox
349 422 0.011044199 ubox
349 425 0.008410623 ubox
350 360 0.016266576 ubox
350 366 0.009238612 ubox
350 374 0.005515821 ubox
350 378 0.021473923 ubox
350 396 0.925246813 ubox
350 401 0.034888703 ubox
350 420 0.026601569 ubox
350 424 0.008853588 ubox
351 359 0.017001259 ubox
351 365 0.009399427 ubox
351 395 0.924574214 ubox
351 400 0.035447968 ubox
351 419 0.026640829 ubox
351 423 0.008808119 ubox
352 364 0.009213044 ubox
352 377 0.023123533 ubox
352 394 0.754864217 ubox
352 395 0.122536361 ubox
352 418 0.025535733 ubox
353 363 0.007949383 ubox
353 376 0.023862981 ubox
353 389 0.003188184 ubox
353 393 0.535853023 ubox
353 394 0.570248117 ubox
353 395 0.003740777 ubox
354 364 0.003886117 ubox
354 372 0.007361541 ubox
354 388 0.003795974 ubox
354 390 0.008315421 ubox
354 392 0.088231697 ubox
354 393 0.794578459 ubox
354 394 0.005272491 ubox
354 415 0.023175888 ubox
355 363 0.005027080 ubox
355 364 0.003677311 ubox
355 371 0.007640905 ubox
355 384 0.026786227 ubox
355 389 0.009334354 ubox
355 392 0.958724599 ubox
355 414 0.023652079 ubox
356 366 0.011102940 ubox
356 370 0.007283032 ubox
356 373 0.036007917 ubox
356 383 0.026391400 ubox
356 385 0.008652852 ubox
356 391 0.962388068 ubox
356 401 0.007983769 ubox
356 413 0.023551350 ubox
357 364 0.004632221 ubox
357 365 0.011930997 ubox
357 369 0.006567668 ubox
357 372 0.038228860 ubox
357 384 0.006005930 ubox
357 390 0.962572273 ubox
357 393 0.054015529 ubox
357 412 0.023009256 ubox
357 415 0.010322756 ubox
358 363 0.005821760 ubox
358 364 0.012835370 ubox
358 371 0.038342720 ubox
358 381 0.026089441 ubox
358 384 0.068039986 ubox
358 389 0.962056911 ubox
358 392 0.058030382 ubox
358 400 0.076162998 ubox
358 414 0.010508350 ubox
359 370 0.038134324 ubox
359 378 0.010107773 ubox
359 380 0.026112125 ubox
359 382 0.015252765 ubox
359 383 0.087026906 ubox
359 385 0.047345128 ubox
359 387 0.763711172 ubox
359 391 0.058718798 ubox
359 399 0.076665398 ubox
359 413 0.010472492 ubox
359 416 0.003597781 ubox
360 369 0.037904127 ubox
360 372 0.003223094 ubox
360 377 0.009937327 ubox
360 384 0.040952630 ubox
360 386 0.745867710 ubox
360 390 0.058889446 ubox
360 398 0.071777756 ubox
360 412 0.010316800 ubox
360 415 0.003610225 ubox
361 389 0.058879329 ubox
361 414 0.003599654 ubox
362 381 0.955294126 ubox
362 384 0.131216182 ubox
362 400 0.014597097 ubox
363 374 0.003531684 ubox
363 375 0.038622417 ubox
363 379 0.004155070 ubox
363 380 0.968053875 ubox
363 383 0.060879580 ubox
363 397 0.080230469 ubox
363 399 0.014688831 ubox
363 409 0.010646833 ubox
364 373 0.003498155 ubox
364 374 0.042227893 ubox
364 375 0.011314123 ubox
364 378 0.007144420 ubox
364 379 0.968817370 ubox
364 380 0.016560187 ubox
364 382 0.029436255 ubox
364 383 0.006570771 ubox
364 396 0.080466483 ubox
364 397 0.017877355 ubox
364 408 0.010921777 ubox
364 417 0.022629108 ubox
365 373 0.043229289 ubox
365 374 0.016505116 ubox
365 378 0.970559860 ubox
365 382 0.003396557 ubox
365 385 0.003482552 ubox
365 387 0.031875234 ubox
365 396 0.017942862 ubox
365 407 0.010922039 ubox
365 416 0.022678691 ubox
366 372 0.043606631 ubox
366 377 0.968462409 ubox
366 384 0.003297449 ubox
366 386 0.030388639 ubox
366 394 0.081208090 ubox
366 395 0.015546797 ubox
366 406 0.010321393 ubox
366 415 0.016155639 ubox
367 371 0.040324323 ubox
367 376 0.945646968 ubox
367 393 0.082158005 ubox
367 394 0.012262538 ubox
367 415 0.016385123 ubox
368 384 0.034737142 ubox
368 392 0.082679281 ubox
368 414 0.022895622 ubox
369 382 0.075455849 ubox
369 383 0.025603213 ubox
369 385 0.011214472 ubox
369 391 0.078372061 ubox
369 401 0.006105881 ubox
369 413 0.023045181 ubox
370 376 0.025253673 ubox
370 381 0.086073821 ubox
370 384 0.012513595 ubox
370 388 0.008547080 ubox
370 390 0.067808616 ubox
370 398 0.005603432 ubox
370 400 0.006883600 ubox
370 412 0.023037962 ubox
371 375 0.028313174 ubox
371 380 0.089582852 ubox
371 383 0.014058483 ubox
371 387 0.009389025 ubox
371 391 0.006871820 ubox
371 397 0.005882059 ubox
371 399 0.007086866 ubox
371 402 0.010506092 ubox
371 404 0.006144589 ubox
371 405 0.003690529 ubox
371 411 0.022781198 ubox
372 379 0.084681006 ubox
372 382 0.014266705 ubox
372 385 0.004236713 ubox
372 391 0.151093328 ubox
372 401 0.011228183 ubox
372 403 0.006116045 ubox
372 409 0.004112978 ubox
373 381 0.014016748 ubox
373 384 0.004063030 ubox
373 390 0.166025105 ubox
373 400 0.010965943 ubox
374 389 0.167724315 ubox
374 395 0.015065946 ubox
375 384 0.016241957 ubox
375 386 0.024251196 ubox
375 388 0.162303888 ubox
375 394 0.014935979 ubox
376 383 0.017706065 ubox
376 385 0.021542427 ubox
376 391 0.003184958 ubox
376 402 0.007536865 ubox
377 382 0.014281269 ubox
377 385 0.165026410 ubox
377 401 0.008374458 ubox
378 384 0.170473546 ubox
378 389 0.022224640 ubox
378 395 0.030061093 ubox
378 400 0.008402666 ubox
378 419 0.006512456 ubox
379 388 0.022118098 ubox
379 390 0.034292101 ubox
379 393 0.044186116 ubox
379 394 0.021284533 ubox
379 415 0.003456398 ubox
379 418 0.006590250 ubox
380 389 0.036012260 ubox
380 392 0.050675769 ubox
380 400 0.017999974 ubox
380 414 0.003582417 ubox
381 387 0.025861160 ubox
381 391 0.052337400 ubox
381 396 0.003730258 ubox
381 399 0.018211593 ubox
381 413 0.003491325 ubox
381 416 0.013865312 ubox
382 386 0.023788886 ubox
382 390 0.052889567 ubox
382 393 0.003845784 ubox
382 395 0.003738884 ubox
382 398 0.017929553 ubox
382 415 0.014270487 ubox
383 388 0.006140600 ubox
383 389 0.052480184 ubox
383 392 0.004245550 ubox
383 394 0.003676130 ubox
383 406 0.005217234 ubox
383 414 0.014256664 ubox
384 391 0.009312344 ubox
384 396 0.017973897 ubox
384 405 0.006909514 ubox
384 407 0.003829800 ubox
384 411 0.003825194 ubox
384 413 0.014090458 ubox
384 429 0.006961845 ubox
385 390 0.009584658 ubox
385 395 0.017735118 ubox
385 406 0.003934038 ubox
385 412 0.013874215 ubox
385 428 0.006915664 ubox
387 426 0.009440453 ubox
388 403 0.024358678 ubox
388 409 0.014860813 ubox
388 425 0.009455904 ubox
389 402 0.031439575 ubox
389 404 0.004341284 ubox
389 408 0.015424166 ubox
389 410 0.004771185 ubox
389 424 0.009437036 ubox
390 401 0.032185650 ubox
390 403 0.004136844 ubox
390 409 0.004668104 ubox
391 398 0.005795906 ubox
391 400 0.032289860 ubox
391 406 0.015521974 ubox
391 423 0.004146483 ubox
392 397 0.006573197 ubox
392 399 0.032109072 ubox
392 403 0.007096263 ubox
392 404 0.179785298 ubox
392 405 0.014151838 ubox
393 402 0.008370625 ubox
393 403 0.181609500 ubox
393 422 0.009630098 ubox
394 401 0.009984352 ubox
394 402 0.184128551 ubox
394 403 0.005626616 ubox
394 421 0.013309856 ubox
394 425 0.006565618 ubox
395 401 0.186273077 ubox
395 402 0.006131462 ubox
395 420 0.015541856 ubox
395 424 0.009207759 ubox
395 429 0.003608654 ubox
396 400 0.185935667 ubox
396 419 0.015548094 ubox
396 423 0.008066659 ubox
396 428 0.003608871 ubox
397 414 0.013268183 ubox
397 423 0.064277580 ubox
397 426 0.003887151 ubox
398 413 0.011941304 ubox
398 422 0.064207646 ubox
398 425 0.004134568 ubox
399 414 0.047387748 ubox
399 423 0.007516740 ubox
400 407 0.062495030 ubox
400 413 0.046502138 ubox
400 416 0.039222954 ubox
400 420 0.066578372 ubox
400 422 0.005980499 ubox
400 424 0.008507966 ubox
401 406 0.056893248 ubox
401 412 0.045156197 ubox
401 415 0.040102086 ubox
401 419 0.066320729 ubox
401 423 0.008466745 ubox
402 414 0.039390910 ubox
402 415 0.004608775 ubox
402 418 0.057842402 ubox
402 419 0.003362323 ubox
403 414 0.004443361 ubox
403 415 0.037653505 ubox
403 418 0.004226104 ubox
404 414 0.036590678 ubox
405 414 0.075144949 ubox
405 423 0.009198282 ubox
406 413 0.068291545 ubox
406 422 0.008794702 ubox
408 419 0.018195877 ubox
409 415 0.028164530 ubox
409 418 0.018127736 ubox
410 414 0.028987170 ubox
411 423 0.017488930 ubox
412 422 0.017248859 ubox
414 422 0.004242806 ubox
415 421 0.004291953 ubox
415 435 0.003936685 ubox
417 423 0.016761187 ubox
417 426 0.040902513 ubox
417 431 0.393398528 ubox
418 422 0.013782683 ubox
418 425 0.045333382 ubox
418 430 0.394800019 ubox
419 424 0.046265486 ubox
419 427 0.040284722 ubox
419 429 0.395189793 ubox
419 434 0.003425741 ubox
420 426 0.040795880 ubox
420 428 0.394974544 ubox
423 427 0.018862935 ubox
423 429 0.007965594 ubox
424 428 0.008030690 ubox
