1 11 0.048834900 ubox
1 13 0.015870196 ubox
1 14 0.072958476 ubox
1 18 0.022382150 ubox
1 24 0.010076737 ubox
1 83 0.015474413 ubox
1 199 0.004461877 ubox
1 221 0.004237951 ubox
1 389 0.003576946 ubox
1 414 0.005175213 ubox
1 419 0.003258621 ubox
1 431 0.015316809 ubox
2 11 0.164465132 ubox
2 13 0.073169185 ubox
2 18 0.073223554 ubox
2 23 0.010099813 ubox
2 45 0.003468100 ubox
2 82 0.015732430 ubox
2 86 0.004145598 ubox
2 205 0.007486984 ubox
2 208 0.003559161 ubox
2 221 0.062905423 ubox
2 400 0.005615070 ubox
2 414 0.011390348 ubox
2 428 0.018250002 ubox
2 431 0.010050407 ubox
3 9 0.044048263 ubox
3 10 0.152979618 ubox
3 15 0.010552385 ubox
3 17 0.074303259 ubox
3 22 0.009307096 ubox
3 31 0.003494468 ubox
3 42 0.052301097 ubox
3 44 0.003316296 ubox
3 81 0.015567691 ubox
3 85 0.003981511 ubox
3 93 0.003491536 ubox
3 202 0.003676661 ubox
3 204 0.007212028 ubox
3 206 0.009120456 ubox
3 207 0.003548633 ubox
3 220 0.064690071 ubox
3 387 0.005775327 ubox
3 399 0.005729294 ubox
3 413 0.011176814 ubox
3 416 0.294710842 ubox
3 427 0.018331994 ubox
3 429 0.011885355 ubox
3 430 0.007621749 ubox
3 433 0.137364402 ubox
4 8 0.042564030 ubox
4 12 0.122324020 ubox
4 14 0.004444710 ubox
4 19 0.005779535 ubox
4 20 0.004022376 ubox
4 30 0.003385336 ubox
4 41 0.052580596 ubox
4 84 0.003608518 ubox
4 200 0.004336837 ubox
4 201 0.003995837 ubox
4 205 0.009017114 ubox
4 219 0.064719463 ubox
4 226 0.005306205 ubox
4 386 0.005691323 ubox
4 398 0.005007912 ubox
4 412 0.010440239 ubox
4 415 0.297030358 ubox
4 426 0.016719141 ubox
4 428 0.007956276 ubox
4 432 0.138054811 ubox
5 11 0.127656689 ubox
5 13 0.005349541 ubox
5 14 0.101141829 ubox
5 18 0.006062581 ubox
5 24 0.003991125 ubox
5 40 0.052151635 ubox
5 83 0.004024537 ubox
5 84 0.004164325 ubox
5 199 0.003989125 ubox
5 218 0.064540262 ubox
5 225 0.005480801 ubox
5 414 0.287171156 ubox
5 431 0.134947543 ubox
6 13 0.101367644 ubox
6 23 0.003998839 ubox
6 40 0.006945751 ubox
6 82 0.004040524 ubox
6 83 0.004176877 ubox
6 199 0.008688275 ubox
6 224 0.005489245 ubox
6 384 0.006806478 ubox
6 414 0.088846110 ubox
6 423 0.007018660 ubox
6 426 0.003670420 ubox
6 431 0.022957268 ubox
7 26 0.003983537 ubox
7 38 0.047272327 ubox
7 39 0.008525618 ubox
7 96 0.009799079 ubox
7 198 0.008840844 ubox
7 223 0.005461168 ubox
7 383 0.006826933 ubox
7 413 0.098488835 ubox
7 422 0.006989259 ubox
7 425 0.003220161 ubox
7 430 0.027537390 ubox
7 435 0.004243117 ubox
8 15 0.005986842 ubox
8 25 0.004655397 ubox
8 37 0.051065028 ubox
8 38 0.007857846 ubox
8 93 0.034573596 ubox
8 95 0.021803176 ubox
8 197 0.008645006 ubox
8 202 0.003310511 ubox
8 212 0.006575204 ubox
8 222 0.005358730 ubox
8 245 0.011279117 ubox
8 382 0.006707856 ubox
8 413 0.200511162 ubox
8 421 0.006363106 ubox
8 435 0.006079962 ubox
9 14 0.005820579 ubox
9 19 0.013624232 ubox
9 24 0.004603029 ubox
9 33 0.013162506 ubox
9 34 0.003760389 ubox
9 35 0.004104854 ubox
9 36 0.050403072 ubox
9 75 0.014402131 ubox
9 92 0.025759004 ubox
9 196 0.008331922 ubox
9 201 0.003590262 ubox
9 211 0.006445386 ubox
9 214 0.059751279 ubox
9 221 0.004949498 ubox
9 244 0.012273310 ubox
9 381 0.005422841 ubox
9 412 0.221188139 ubox
9 415 0.009277014 ubox
9 432 0.005217925 ubox
10 18 0.015318132 ubox
10 23 0.003776283 ubox
10 28 0.004740691 ubox
10 30 0.012389797 ubox
10 32 0.016246488 ubox
10 33 0.004400967 ubox
10 34 0.004769992 ubox
10 35 0.047592767 ubox
10 74 0.015760759 ubox
10 92 0.145629749 ubox
10 195 0.006341969 ubox
10 200 0.003318176 ubox
10 205 0.038911851 ubox
10 208 0.015234133 ubox
10 211 0.020831361 ubox
10 213 0.060743501 ubox
10 243 0.012514724 ubox
10 284 0.006148622 ubox
10 381 0.003996125 ubox
10 412 0.043784728 ubox
10 414 0.009631098 ubox
10 431 0.004772058 ubox
11 17 0.015958324 ubox
11 27 0.005732488 ubox
11 29 0.013921007 ubox
11 31 0.017055508 ubox
11 73 0.015988988 ubox
11 78 0.006037718 ubox
11 80 0.010087718 ubox
11 91 0.160410842 ubox
11 96 0.004279717 ubox
11 203 0.034427546 ubox
11 204 0.049769106 ubox
11 207 0.024043175 ubox
11 210 0.022054807 ubox
11 212 0.059969961 ubox
11 242 0.012473732 ubox
11 283 0.006641661 ubox
11 347 0.005004208 ubox
11 380 0.005585518 ubox
11 410 0.326557103 ubox
11 411 0.033869939 ubox
11 430 0.003531577 ubox
11 435 0.033862416 ubox
12 26 0.005767908 ubox
12 27 0.011302456 ubox
12 72 0.016031198 ubox
12 77 0.006047903 ubox
12 79 0.010164038 ubox
12 90 0.160441534 ubox
12 95 0.007862339 ubox
12 202 0.034492934 ubox
12 282 0.006647228 ubox
12 346 0.005087099 ubox
12 375 0.005662612 ubox
12 379 0.005445202 ubox
12 409 0.329396339 ubox
12 430 0.007131587 ubox
12 435 0.685721829 ubox
13 22 0.018118303 ubox
13 25 0.004414186 ubox
13 26 0.011995924 ubox
13 27 0.006758627 ubox
13 71 0.016036731 ubox
13 76 0.005963480 ubox
13 78 0.010103965 ubox
13 89 0.159651018 ubox
13 94 0.008336752 ubox
13 194 0.010223474 ubox
13 203 0.121313208 ubox
13 204 0.175923894 ubox
13 207 0.044688617 ubox
13 210 0.062210324 ubox
13 240 0.012262253 ubox
13 281 0.006647025 ubox
13 345 0.005091655 ubox
13 374 0.006241250 ubox
13 378 0.005140867 ubox
13 408 0.329557471 ubox
13 417 0.009612058 ubox
13 429 0.007352662 ubox
13 430 0.005451087 ubox
13 434 0.885989692 ubox
13 435 0.005309904 ubox
14 21 0.018258642 ubox
14 25 0.011818532 ubox
14 26 0.006229460 ubox
14 29 0.027668078 ubox
14 31 0.039430872 ubox
14 42 0.005187943 ubox
14 70 0.016031794 ubox
14 76 0.008486624 ubox
14 77 0.004617891 ubox
14 88 0.160215995 ubox
14 93 0.008142104 ubox
14 193 0.010523401 ubox
14 202 0.121992101 ubox
14 203 0.177774236 ubox
14 206 0.045705965 ubox
14 209 0.062221628 ubox
14 239 0.012822980 ubox
14 280 0.006600501 ubox
14 344 0.005056914 ubox
14 373 0.006659574 ubox
14 407 0.329493869 ubox
14 416 0.010253116 ubox
14 429 0.005933618 ubox
14 433 0.887144281 ubox
14 434 0.005557762 ubox
15 20 0.017004653 ubox
15 28 0.027381487 ubox
15 30 0.039096537 ubox
15 41 0.005305413 ubox
15 69 0.015138737 ubox
15 75 0.008035033 ubox
15 87 0.160354015 ubox
15 92 0.007645993 ubox
15 192 0.010506447 ubox
15 200 0.080411569 ubox
15 201 0.119262348 ubox
15 205 0.044406516 ubox
15 208 0.060733266 ubox
15 226 0.010080656 ubox
15 238 0.012994121 ubox
15 279 0.005969509 ubox
15 343 0.004398606 ubox
15 372 0.006984516 ubox
15 406 0.312391680 ubox
15 415 0.010248755 ubox
15 432 0.883601722 ubox
16 23 0.003256813 ubox
16 24 0.093125223 ubox
16 40 0.004769017 ubox
16 83 0.008310404 ubox
16 86 0.155363621 ubox
16 191 0.007792829 ubox
16 196 0.011622630 ubox
16 199 0.085212975 ubox
16 225 0.011246239 ubox
16 237 0.013062465 ubox
16 371 0.007169900 ubox
16 414 0.010097251 ubox
16 431 0.872101957 ubox
17 23 0.093515191 ubox
17 40 0.005376551 ubox
17 45 0.004311077 ubox
17 82 0.008498120 ubox
17 86 0.033516655 ubox
17 191 0.011636198 ubox
17 195 0.011902224 ubox
17 199 0.415243641 ubox
17 205 0.140512899 ubox
17 208 0.015654346 ubox
17 221 0.003297019 ubox
17 224 0.011270591 ubox
17 236 0.012989285 ubox
17 371 0.003824254 ubox
17 381 0.007587565 ubox
17 400 0.021296810 ubox
17 426 0.003494411 ubox
17 428 0.049441498 ubox
17 431 0.071574004 ubox
18 22 0.085062397 ubox
18 27 0.010838821 ubox
18 39 0.005817282 ubox
18 44 0.004328449 ubox
18 81 0.008224155 ubox
18 85 0.043267404 ubox
18 91 0.003387100 ubox
18 190 0.013596740 ubox
18 194 0.011793937 ubox
18 198 0.309432315 ubox
18 203 0.091409424 ubox
18 204 0.140374504 ubox
18 207 0.016646351 ubox
18 220 0.003391343 ubox
18 223 0.010733715 ubox
18 368 0.008311087 ubox
18 370 0.003449916 ubox
18 374 0.003729555 ubox
18 380 0.007746216 ubox
18 399 0.021275079 ubox
18 402 0.015610353 ubox
18 403 0.229353299 ubox
18 404 0.102517080 ubox
18 410 0.003252493 ubox
18 427 0.048062717 ubox
18 430 0.084002717 ubox
19 26 0.011059843 ubox
19 38 0.005717363 ubox
19 90 0.003382335 ubox
19 189 0.012948545 ubox
19 197 0.219185047 ubox
19 198 0.751621480 ubox
19 202 0.086432228 ubox
19 222 0.009541767 ubox
19 367 0.008352497 ubox
19 373 0.003636229 ubox
19 379 0.007332601 ubox
19 401 0.016070324 ubox
19 402 0.238222115 ubox
19 403 0.097226054 ubox
20 25 0.008673303 ubox
20 37 0.004822219 ubox
20 85 0.025126765 ubox
20 197 0.903798075 ubox
20 366 0.008153563 ubox
20 401 0.240226040 ubox
20 402 0.081205865 ubox
21 83 0.171426453 ubox
21 84 0.021261298 ubox
21 196 0.945877379 ubox
21 364 0.005816392 ubox
21 365 0.006823302 ubox
21 400 0.239212990 ubox
22 40 0.008156699 ubox
22 45 0.030813735 ubox
22 82 0.172601621 ubox
22 83 0.015839162 ubox
22 104 0.009440954 ubox
22 186 0.009463001 ubox
22 191 0.033091807 ubox
22 195 0.945940581 ubox
22 279 0.008069071 ubox
22 363 0.007492590 ubox
22 364 0.004999270 ubox
22 400 0.062472485 ubox
23 38 0.015227630 ubox
23 39 0.007187921 ubox
23 44 0.031083825 ubox
23 47 0.013925087 ubox
23 77 0.009396265 ubox
23 81 0.173159142 ubox
23 103 0.014118272 ubox
23 185 0.009269810 ubox
23 190 0.033752748 ubox
23 194 0.945941905 ubox
23 278 0.008217027 ubox
23 362 0.008762249 ubox
23 397 0.237621810 ubox
23 399 0.058855216 ubox
23 405 0.004104901 ubox
23 434 0.008109830 ubox
24 31 0.019925954 ubox
24 37 0.029126792 ubox
24 38 0.006158647 ubox
24 42 0.040023916 ubox
24 44 0.006204823 ubox
24 46 0.014426689 ubox
24 76 0.011807709 ubox
24 80 0.172453082 ubox
24 100 0.003388237 ubox
24 102 0.014287583 ubox
24 184 0.004392327 ubox
24 187 0.018752437 ubox
24 189 0.033448207 ubox
24 193 0.945859672 ubox
24 277 0.008223438 ubox
24 361 0.008740970 ubox
24 396 0.238329898 ubox
24 399 0.014321064 ubox
24 404 0.004092946 ubox
24 433 0.008230545 ubox
25 30 0.019374788 ubox
25 33 0.010124482 ubox
25 34 0.025569167 ubox
25 35 0.025125159 ubox
25 36 0.037306485 ubox
25 41 0.040425666 ubox
25 43 0.006616869 ubox
25 45 0.014471256 ubox
25 75 0.014161592 ubox
25 99 0.003356410 ubox
25 101 0.013132880 ubox
25 186 0.023493823 ubox
25 188 0.036232257 ubox
25 192 0.937647808 ubox
25 276 0.008188615 ubox
25 394 0.006545739 ubox
25 395 0.227633150 ubox
25 398 0.013836867 ubox
25 432 0.005402541 ubox
26 32 0.010453649 ubox
26 33 0.027917746 ubox
26 34 0.027967361 ubox
26 35 0.039975190 ubox
26 36 0.008971407 ubox
26 40 0.037811521 ubox
26 41 0.016404155 ubox
26 74 0.012044135 ubox
26 75 0.011937171 ubox
26 191 0.870760319 ubox
26 192 0.075092261 ubox
26 275 0.008009334 ubox
26 393 0.007983898 ubox
26 394 0.157509319 ubox
26 395 0.010485109 ubox
27 32 0.025666376 ubox
27 33 0.027779378 ubox
27 34 0.038511018 ubox
27 35 0.010211709 ubox
27 40 0.017223560 ubox
27 74 0.014540364 ubox
27 181 0.004601197 ubox
27 183 0.188530089 ubox
27 186 0.421805076 ubox
27 191 0.105071401 ubox
27 274 0.007440144 ubox
27 386 0.005061420 ubox
27 392 0.009105452 ubox
27 393 0.088279531 ubox
27 394 0.008231049 ubox
28 39 0.016393506 ubox
28 52 0.003492346 ubox
28 73 0.013843713 ubox
28 180 0.004713731 ubox
28 182 0.192000430 ubox
28 184 0.784876342 ubox
28 185 0.304263554 ubox
28 273 0.006427365 ubox
28 385 0.006204293 ubox
28 391 0.007901522 ubox
29 40 0.074365299 ubox
29 51 0.003765066 ubox
29 53 0.011788874 ubox
29 86 0.003572795 ubox
29 179 0.004728857 ubox
29 181 0.192476811 ubox
29 183 0.859048747 ubox
29 186 0.158619515 ubox
29 384 0.006226370 ubox
29 392 0.055099361 ubox
30 39 0.072236091 ubox
30 50 0.003525835 ubox
30 52 0.011991987 ubox
30 85 0.003514847 ubox
30 180 0.192269248 ubox
30 182 0.859191251 ubox
30 184 0.162344245 ubox
30 185 0.118235027 ubox
30 383 0.005714869 ubox
30 385 0.006763351 ubox
30 391 0.047364633 ubox
31 40 0.208204883 ubox
31 51 0.012084142 ubox
31 84 0.003263431 ubox
31 179 0.191317655 ubox
31 181 0.859363209 ubox
31 183 0.195943671 ubox
31 186 0.260316365 ubox
31 384 0.007704200 ubox
31 392 0.017218436 ubox
32 38 0.019277746 ubox
32 39 0.205192952 ubox
32 50 0.011323655 ubox
32 73 0.003458175 ubox
32 96 0.005040099 ubox
32 180 0.843370635 ubox
32 182 0.192465285 ubox
32 185 0.260151483 ubox
32 383 0.007613586 ubox
32 391 0.014626038 ubox
33 37 0.016678336 ubox
33 38 0.179657809 ubox
33 39 0.013261034 ubox
33 95 0.005415840 ubox
33 96 0.010768729 ubox
33 184 0.243974614 ubox
33 185 0.023900130 ubox
33 382 0.007060894 ubox
34 38 0.013091245 ubox
34 90 0.009920104 ubox
34 95 0.011140147 ubox
34 96 0.013467426 ubox
34 184 0.023985838 ubox
34 185 0.008446809 ubox
35 89 0.011420850 ubox
35 95 0.012862037 ubox
35 96 0.056656231 ubox
35 184 0.008970315 ubox
35 185 0.004166228 ubox
35 402 0.003478244 ubox
36 88 0.011863231 ubox
36 93 0.010985943 ubox
36 95 0.063225079 ubox
36 177 0.071274994 ubox
36 180 0.242304720 ubox
36 182 0.033651563 ubox
36 184 0.004442820 ubox
36 391 0.037758089 ubox
36 401 0.003566049 ubox
37 87 0.011787168 ubox
37 92 0.008796614 ubox
37 176 0.046399290 ubox
37 179 0.274627942 ubox
37 181 0.030374514 ubox
37 183 0.004276469 ubox
37 390 0.058134883 ubox
37 400 0.003412142 ubox
38 55 0.004714544 ubox
38 86 0.006255832 ubox
38 99 0.003689065 ubox
38 178 0.244848438 ubox
38 179 0.046233164 ubox
38 389 0.058540646 ubox
39 45 0.011463221 ubox
39 54 0.005516820 ubox
39 92 0.096094388 ubox
39 98 0.006488496 ubox
39 176 0.927451707 ubox
39 178 0.020487652 ubox
39 356 0.003579502 ubox
39 388 0.058697985 ubox
39 398 0.003347239 ubox
40 44 0.013262173 ubox
40 78 0.003414864 ubox
40 89 0.010825703 ubox
40 90 0.024600468 ubox
40 91 0.101087583 ubox
40 94 0.004888073 ubox
40 97 0.007539016 ubox
40 175 0.947803746 ubox
40 177 0.004969942 ubox
40 355 0.003899229 ubox
40 361 0.006578179 ubox
40 387 0.058574443 ubox
40 397 0.003399817 ubox
40 404 0.013114991 ubox
41 52 0.014469949 ubox
41 77 0.003375004 ubox
41 88 0.014078841 ubox
41 89 0.034161791 ubox
41 90 0.096792473 ubox
41 93 0.004874474 ubox
41 96 0.007272143 ubox
41 174 0.947819845 ubox
41 354 0.003735605 ubox
41 360 0.006752185 ubox
41 385 0.057215869 ubox
41 401 0.003533977 ubox
41 403 0.013153867 ubox
42 51 0.016473123 ubox
42 53 0.040810773 ubox
42 86 0.016090340 ubox
42 173 0.947959190 ubox
42 359 0.006718005 ubox
42 384 0.057468848 ubox
42 400 0.003621916 ubox
43 50 0.014985186 ubox
43 52 0.041543213 ubox
43 85 0.015057219 ubox
43 172 0.947699096 ubox
43 360 0.005270824 ubox
43 382 0.034278079 ubox
43 383 0.044557799 ubox
43 385 0.004960795 ubox
43 401 0.015641416 ubox
44 51 0.041864441 ubox
44 53 0.011271501 ubox
44 82 0.007250895 ubox
44 84 0.012431264 ubox
44 86 0.223508367 ubox
44 101 0.025339697 ubox
44 171 0.947245898 ubox
44 359 0.006174861 ubox
44 381 0.048412521 ubox
44 384 0.005093028 ubox
44 400 0.016441113 ubox
45 50 0.031030922 ubox
45 52 0.011797172 ubox
45 60 0.006492944 ubox
45 81 0.007354190 ubox
45 85 0.226313191 ubox
45 100 0.025578343 ubox
45 169 0.627923375 ubox
45 170 0.709376035 ubox
45 358 0.006161771 ubox
45 380 0.047952203 ubox
45 383 0.004163537 ubox
45 399 0.016303147 ubox
46 51 0.011938185 ubox
46 54 0.004796488 ubox
46 55 0.058264175 ubox
46 56 0.203059837 ubox
46 59 0.006545783 ubox
46 83 0.010474796 ubox
46 84 0.226452307 ubox
46 99 0.024941429 ubox
46 167 0.013147431 ubox
46 168 0.887145322 ubox
47 53 0.004800768 ubox
47 54 0.058353947 ubox
47 55 0.204418320 ubox
47 56 0.023094092 ubox
47 58 0.006519579 ubox
47 82 0.010395645 ubox
47 83 0.225630017 ubox
47 84 0.031079332 ubox
47 166 0.014288039 ubox
47 167 0.886719792 ubox
47 168 0.330946485 ubox
48 53 0.058070124 ubox
48 54 0.204436689 ubox
48 55 0.023716097 ubox
48 56 0.008889587 ubox
48 82 0.223163913 ubox
48 83 0.036762301 ubox
48 84 0.053492309 ubox
48 162 0.020491356 ubox
48 166 0.883978858 ubox
48 167 0.332572093 ubox
48 168 0.011511286 ubox
49 53 0.202628804 ubox
49 54 0.023736506 ubox
49 55 0.009348873 ubox
49 56 0.007778802 ubox
49 82 0.040983466 ubox
49 83 0.055707538 ubox
49 84 0.004001145 ubox
49 99 0.005529209 ubox
49 151 0.003431121 ubox
49 161 0.028576222 ubox
49 162 0.657370723 ubox
49 166 0.332312981 ubox
49 167 0.011720034 ubox
50 54 0.008349399 ubox
50 55 0.007708798 ubox
50 82 0.056708027 ubox
50 83 0.003774324 ubox
50 98 0.005711149 ubox
50 150 0.003474150 ubox
50 161 0.659470106 ubox
50 166 0.010473756 ubox
51 76 0.033300628 ubox
51 81 0.085156430 ubox
51 97 0.005719145 ubox
51 149 0.003480165 ubox
51 160 0.656874813 ubox
51 163 0.607408014 ubox
51 165 0.011859185 ubox
51 399 0.003238221 ubox
52 74 0.029493880 ubox
52 75 0.028052227 ubox
52 82 0.036874882 ubox
52 123 0.003884974 ubox
52 148 0.003416795 ubox
52 161 0.308792509 ubox
52 162 0.575288516 ubox
52 398 0.003255942 ubox
53 72 0.006919566 ubox
53 73 0.034738285 ubox
53 77 0.060843548 ubox
53 78 0.139628135 ubox
53 79 0.075902134 ubox
53 80 0.057538935 ubox
53 81 0.147614721 ubox
53 122 0.004125529 ubox
53 147 0.003296839 ubox
53 156 0.018045199 ubox
53 157 0.137872372 ubox
53 158 0.159629642 ubox
53 159 0.611042065 ubox
53 160 0.354626738 ubox
53 164 0.027612061 ubox
53 165 0.009822504 ubox
53 397 0.003252751 ubox
54 71 0.009242199 ubox
54 72 0.041869831 ubox
54 76 0.066641664 ubox
54 77 0.139475308 ubox
54 78 0.082386236 ubox
54 79 0.055999284 ubox
54 80 0.148061439 ubox
54 81 0.014220759 ubox
54 121 0.004327763 ubox
54 146 0.003282876 ubox
54 155 0.018304445 ubox
54 156 0.138058164 ubox
54 157 0.152077222 ubox
54 158 0.813195225 ubox
54 159 0.252045681 ubox
54 160 0.313887674 ubox
54 163 0.026831963 ubox
54 164 0.009816199 ubox
54 396 0.003191512 ubox
55 70 0.009234049 ubox
55 71 0.042868022 ubox
55 76 0.139119199 ubox
55 77 0.081328003 ubox
55 78 0.058436632 ubox
55 79 0.146869528 ubox
55 80 0.014258350 ubox
55 81 0.005742990 ubox
55 154 0.025317057 ubox
55 155 0.136843270 ubox
55 156 0.137302454 ubox
55 157 0.917972581 ubox
55 158 0.039833463 ubox
55 159 0.057456346 ubox
55 160 0.030480291 ubox
55 163 0.009148052 ubox
55 348 0.006342650 ubox
56 70 0.042694377 ubox
56 73 0.168791629 ubox
56 76 0.078288530 ubox
56 77 0.036493763 ubox
56 78 0.144271211 ubox
56 79 0.008324349 ubox
56 80 0.005849689 ubox
56 119 0.008336480 ubox
56 154 0.146198859 ubox
56 155 0.099643169 ubox
56 156 0.922846977 ubox
56 157 0.030571447 ubox
56 158 0.013781541 ubox
56 159 0.034477064 ubox
56 160 0.007632813 ubox
56 347 0.006517278 ubox
57 68 0.008363140 ubox
57 72 0.287501670 ubox
57 73 0.016489354 ubox
57 77 0.119656299 ubox
57 79 0.004980220 ubox
57 118 0.008390299 ubox
57 155 0.925253963 ubox
57 158 0.038137645 ubox
57 159 0.007573343 ubox
57 165 0.028897673 ubox
57 346 0.006557447 ubox
58 67 0.007523917 ubox
58 68 0.043458507 ubox
58 71 0.316292707 ubox
58 72 0.004198027 ubox
58 76 0.065286048 ubox
58 117 0.008403800 ubox
58 143 0.003645842 ubox
58 154 0.923908480 ubox
58 155 0.005274838 ubox
58 156 0.006950470 ubox
58 157 0.039079332 ubox
58 158 0.007526354 ubox
58 164 0.030029243 ubox
58 345 0.006565811 ubox
58 362 0.009442141 ubox
59 67 0.052225539 ubox
59 70 0.321362948 ubox
59 71 0.005096386 ubox
59 116 0.008371019 ubox
59 142 0.003676702 ubox
59 149 0.721570039 ubox
59 152 0.602036030 ubox
59 154 0.006091762 ubox
59 156 0.036929350 ubox
59 157 0.007333098 ubox
59 163 0.030043619 ubox
59 344 0.006561967 ubox
59 361 0.009602210 ubox
60 66 0.052390347 ubox
60 69 0.321379489 ubox
60 141 0.003673356 ubox
60 148 0.723709905 ubox
60 151 0.599900091 ubox
60 162 0.030016093 ubox
60 343 0.006513487 ubox
61 65 0.041981894 ubox
61 68 0.292147541 ubox
61 121 0.006345392 ubox
61 147 0.722988898 ubox
61 360 0.010787604 ubox
62 69 0.006279569 ubox
62 104 0.003420733 ubox
62 113 0.006116383 ubox
62 120 0.007080486 ubox
62 132 0.003603495 ubox
62 148 0.331385692 ubox
62 161 0.029650602 ubox
62 224 0.006220594 ubox
62 359 0.011075652 ubox
63 68 0.007256118 ubox
63 73 0.003296009 ubox
63 103 0.003510767 ubox
63 112 0.004868295 ubox
63 119 0.007094727 ubox
63 131 0.003627946 ubox
63 146 0.935860217 ubox
63 147 0.069778024 ubox
63 156 0.008639466 ubox
63 160 0.029745822 ubox
63 223 0.006295478 ubox
63 358 0.011086438 ubox
64 72 0.003268479 ubox
64 112 0.005452275 ubox
64 118 0.006858046 ubox
64 130 0.003564815 ubox
64 145 0.938627741 ubox
64 155 0.010249459 ubox
64 159 0.029526941 ubox
64 222 0.006339601 ubox
64 357 0.011080140 ubox
65 101 0.003672523 ubox
65 111 0.006061930 ubox
65 115 0.006419022 ubox
65 140 0.009176303 ubox
65 144 0.932104031 ubox
65 153 0.069467681 ubox
65 221 0.006339382 ubox
65 356 0.011050934 ubox
66 100 0.004676467 ubox
66 114 0.006766106 ubox
66 129 0.003480327 ubox
66 139 0.011849533 ubox
66 142 0.672436856 ubox
66 143 0.659610252 ubox
66 152 0.070483711 ubox
66 220 0.006339943 ubox
66 355 0.010654608 ubox
67 99 0.004853121 ubox
67 110 0.011756234 ubox
67 113 0.006058955 ubox
67 128 0.003456860 ubox
67 138 0.012394168 ubox
67 141 0.941731377 ubox
67 151 0.070496709 ubox
67 218 0.006449900 ubox
67 350 0.003307169 ubox
68 86 0.004190477 ubox
68 98 0.004845802 ubox
68 109 0.013265759 ubox
68 137 0.012402835 ubox
68 140 0.941069990 ubox
68 150 0.070478749 ubox
68 217 0.006452042 ubox
68 349 0.003302015 ubox
69 85 0.008005998 ubox
69 97 0.004795653 ubox
69 108 0.013476144 ubox
69 127 0.003235359 ubox
69 136 0.012457011 ubox
69 139 0.941887096 ubox
69 142 0.016875020 ubox
69 149 0.070478452 ubox
69 216 0.006453765 ubox
69 348 0.003287198 ubox
70 83 0.008013725 ubox
70 84 0.012380529 ubox
70 107 0.013535914 ubox
70 126 0.003459841 ubox
70 135 0.011892910 ubox
70 138 0.941570980 ubox
70 141 0.016944245 ubox
70 148 0.069862922 ubox
70 215 0.005689003 ubox
71 82 0.009927911 ubox
71 83 0.016091004 ubox
71 84 0.014313555 ubox
71 106 0.013546545 ubox
71 126 0.008598059 ubox
71 135 0.019208865 ubox
71 137 0.926491767 ubox
71 138 0.017291143 ubox
71 140 0.013522646 ubox
72 82 0.016813472 ubox
72 83 0.023248620 ubox
72 84 0.006557153 ubox
72 87 0.208645689 ubox
72 105 0.013471757 ubox
72 124 0.042775967 ubox
72 125 0.007971262 ubox
72 133 0.022215801 ubox
72 134 0.036905789 ubox
72 135 0.122995760 ubox
72 137 0.021298039 ubox
72 214 0.004259767 ubox
72 372 0.004447261 ubox
73 82 0.027051972 ubox
73 83 0.010308572 ubox
73 86 0.218913868 ubox
73 104 0.012420612 ubox
73 123 0.047050374 ubox
73 124 0.005970761 ubox
73 128 0.005946969 ubox
73 132 0.019166331 ubox
73 133 0.030589304 ubox
73 134 0.091025055 ubox
73 137 0.004747128 ubox
73 213 0.004215719 ubox
73 371 0.006913236 ubox
73 376 0.003342649 ubox
74 85 0.159501920 ubox
74 89 0.043613622 ubox
74 90 0.063235548 ubox
74 122 0.047858192 ubox
74 127 0.006941856 ubox
74 212 0.004067889 ubox
74 367 0.016392388 ubox
74 370 0.006799411 ubox
74 375 0.003435317 ubox
75 85 0.616058863 ubox
75 88 0.042198300 ubox
75 89 0.066129152 ubox
75 121 0.048070032 ubox
75 127 0.068715147 ubox
75 366 0.019020084 ubox
76 83 0.174658032 ubox
76 84 0.702836592 ubox
76 99 0.015454719 ubox
76 106 0.012054142 ubox
76 107 0.009630015 ubox
76 110 0.004545927 ubox
76 120 0.046727283 ubox
76 126 0.073947137 ubox
76 135 0.080006140 ubox
76 141 0.013869356 ubox
76 365 0.018729919 ubox
77 82 0.159196051 ubox
77 83 0.668331137 ubox
77 84 0.152870624 ubox
77 87 0.120462843 ubox
77 98 0.015103488 ubox
77 105 0.012085757 ubox
77 107 0.014780320 ubox
77 109 0.004338250 ubox
77 125 0.071426618 ubox
77 133 0.038963810 ubox
77 134 0.072767208 ubox
77 140 0.008402094 ubox
77 141 0.042973201 ubox
77 364 0.009449780 ubox
77 372 0.006847140 ubox
78 82 0.641095686 ubox
78 83 0.313386268 ubox
78 84 0.054203841 ubox
78 86 0.125402317 ubox
78 99 0.054081725 ubox
78 104 0.011640809 ubox
78 106 0.026362156 ubox
78 107 0.010752324 ubox
78 109 0.003729540 ubox
78 126 0.012143011 ubox
78 132 0.040547164 ubox
78 135 0.040933860 ubox
78 140 0.048316066 ubox
78 141 0.012059533 ubox
78 151 0.009191764 ubox
78 168 0.004735860 ubox
78 363 0.008303022 ubox
78 365 0.019546786 ubox
78 371 0.007152112 ubox
79 83 0.049181783 ubox
79 87 0.050283711 ubox
79 98 0.053594895 ubox
79 105 0.026454942 ubox
79 106 0.010261959 ubox
79 107 0.005956948 ubox
79 111 0.003588163 ubox
79 125 0.011600715 ubox
79 133 0.034311685 ubox
79 134 0.038273400 ubox
79 140 0.011738600 ubox
79 150 0.009005842 ubox
79 168 0.007640083 ubox
79 365 0.039918208 ubox
80 86 0.052837269 ubox
80 104 0.019792966 ubox
80 106 0.008936827 ubox
80 107 0.007562572 ubox
80 110 0.003797588 ubox
80 132 0.033970789 ubox
80 138 0.055411271 ubox
80 141 0.006296068 ubox
80 162 0.004167566 ubox
80 167 0.010157266 ubox
80 168 0.003960151 ubox
80 364 0.058366015 ubox
80 365 0.004728791 ubox
81 101 0.012429586 ubox
81 104 0.026844534 ubox
81 106 0.007552182 ubox
81 109 0.003755198 ubox
81 120 0.084772496 ubox
81 132 0.037284677 ubox
81 137 0.056382999 ubox
81 140 0.006274121 ubox
81 148 0.011477570 ubox
81 161 0.004174991 ubox
81 166 0.010178108 ubox
81 167 0.003895685 ubox
81 363 0.058820205 ubox
81 364 0.004492116 ubox
81 400 0.007602405 ubox
82 89 0.018738348 ubox
82 90 0.015463487 ubox
82 91 0.115311286 ubox
82 94 0.008252970 ubox
82 95 0.271464203 ubox
82 96 0.013969655 ubox
82 97 0.011987339 ubox
82 100 0.012344082 ubox
82 103 0.034815235 ubox
82 108 0.003549344 ubox
82 118 0.064386246 ubox
82 119 0.085321317 ubox
82 131 0.037042199 ubox
82 136 0.059556836 ubox
82 139 0.006193565 ubox
82 147 0.019423345 ubox
82 156 0.003989920 ubox
82 160 0.003764890 ubox
82 165 0.010198444 ubox
82 362 0.058959912 ubox
82 399 0.007864887 ubox
82 405 0.007054084 ubox
83 88 0.022904035 ubox
83 89 0.019349463 ubox
83 90 0.112654312 ubox
83 91 0.106586354 ubox
83 93 0.020920132 ubox
83 94 0.361338909 ubox
83 95 0.015473171 ubox
83 96 0.008884308 ubox
83 97 0.014211785 ubox
83 102 0.034733966 ubox
83 103 0.026210187 ubox
83 117 0.109785604 ubox
83 118 0.011441344 ubox
83 130 0.022498990 ubox
83 143 0.003415870 ubox
83 146 0.019578025 ubox
83 155 0.004918871 ubox
83 164 0.010274204 ubox
83 358 0.008063589 ubox
83 361 0.058839721 ubox
83 362 0.004434869 ubox
83 397 0.010925045 ubox
83 404 0.007092650 ubox
84 88 0.013258449 ubox
84 89 0.099342423 ubox
84 90 0.101791289 ubox
84 93 0.531778886 ubox
84 94 0.018332818 ubox
84 95 0.007277147 ubox
84 96 0.012188943 ubox
84 100 0.032344229 ubox
84 102 0.026813736 ubox
84 116 0.110122916 ubox
84 117 0.008248527 ubox
84 129 0.021147393 ubox
84 136 0.009073271 ubox
84 142 0.003431938 ubox
84 145 0.019569940 ubox
84 154 0.005615310 ubox
84 163 0.010246420 ubox
84 357 0.010822710 ubox
84 360 0.054458960 ubox
84 361 0.004552581 ubox
84 396 0.011031134 ubox
84 399 0.070351633 ubox
85 92 0.560642115 ubox
85 98 0.057504098 ubox
85 99 0.020377127 ubox
85 101 0.026487528 ubox
85 115 0.110378220 ubox
85 128 0.018797427 ubox
85 135 0.004744084 ubox
85 141 0.003292019 ubox
85 144 0.019573036 ubox
85 153 0.005628919 ubox
85 161 0.004659824 ubox
85 162 0.007958985 ubox
85 356 0.012199383 ubox
85 359 0.053090952 ubox
85 395 0.010326421 ubox
85 398 0.071260430 ubox
86 91 0.571035710 ubox
86 94 0.044354686 ubox
86 96 0.004359914 ubox
86 97 0.069760253 ubox
86 100 0.025500161 ubox
86 114 0.110330711 ubox
86 127 0.010638520 ubox
86 136 0.015217072 ubox
86 143 0.019485829 ubox
86 152 0.005608855 ubox
86 160 0.006373551 ubox
86 355 0.012244630 ubox
86 358 0.056988593 ubox
86 397 0.071409790 ubox
87 93 0.068361320 ubox
87 95 0.007118420 ubox
87 96 0.070891802 ubox
87 112 0.014137100 ubox
87 127 0.006830519 ubox
87 159 0.006177415 ubox
87 354 0.011885860 ubox
87 357 0.056668320 ubox
88 92 0.061622585 ubox
88 99 0.013265585 ubox
88 111 0.013581775 ubox
88 125 0.013355353 ubox
88 126 0.006855511 ubox
88 135 0.005714851 ubox
88 141 0.008666760 ubox
88 356 0.052622126 ubox
88 394 0.007979511 ubox
88 395 0.081665253 ubox
89 98 0.013091560 ubox
89 110 0.012996295 ubox
89 111 0.099795686 ubox
89 124 0.013439412 ubox
89 125 0.006689847 ubox
89 134 0.006374081 ubox
89 140 0.007637627 ubox
89 393 0.006808465 ubox
89 394 0.117829385 ubox
90 98 0.003250917 ubox
90 109 0.011337336 ubox
90 110 0.099610104 ubox
90 111 0.012569325 ubox
90 123 0.012422936 ubox
90 124 0.006167210 ubox
90 133 0.006406061 ubox
90 137 0.005028651 ubox
90 138 0.007249646 ubox
90 141 0.004539078 ubox
90 393 0.139061033 ubox
91 109 0.099103987 ubox
91 110 0.015878476 ubox
91 113 0.041823568 ubox
91 132 0.006369111 ubox
91 137 0.016958173 ubox
91 140 0.004710178 ubox
91 303 0.003237072 ubox
91 392 0.143787539 ubox
92 112 0.041893412 ubox
92 121 0.008932592 ubox
92 302 0.003259269 ubox
92 357 0.004433865 ubox
92 391 0.143783271 ubox
93 107 0.066585904 ubox
93 111 0.041876243 ubox
93 120 0.008436753 ubox
93 133 0.016715012 ubox
93 301 0.003265073 ubox
93 356 0.007054615 ubox
93 390 0.143841567 ubox
94 106 0.067252887 ubox
94 107 0.075619393 ubox
94 110 0.041794095 ubox
94 126 0.005607037 ubox
94 132 0.017256484 ubox
94 135 0.866876323 ubox
94 151 0.004575458 ubox
94 168 0.005161624 ubox
94 300 0.003262398 ubox
94 389 0.143809113 ubox
94 395 0.004353268 ubox
95 105 0.060273486 ubox
95 106 0.075989585 ubox
95 109 0.034636671 ubox
95 125 0.005640101 ubox
95 133 0.041085676 ubox
95 134 0.887834561 ubox
95 135 0.011406440 ubox
95 150 0.004517900 ubox
95 167 0.003712192 ubox
95 168 0.013853028 ubox
95 388 0.130815769 ubox
95 394 0.004259433 ubox
95 432 0.008295603 ubox
96 104 0.050153955 ubox
96 105 0.081753784 ubox
96 107 0.004181316 ubox
96 111 0.004670447 ubox
96 124 0.005266463 ubox
96 132 0.049465335 ubox
96 133 0.912810618 ubox
96 134 0.014910230 ubox
96 167 0.026731459 ubox
96 388 0.006488695 ubox
96 393 0.004043672 ubox
96 432 0.168044844 ubox
97 104 0.086807888 ubox
97 106 0.004618762 ubox
97 109 0.005154772 ubox
97 110 0.004878633 ubox
97 113 0.004284354 ubox
97 132 0.914865158 ubox
97 148 0.008129460 ubox
97 166 0.054087253 ubox
97 384 0.083887710 ubox
97 392 0.003965870 ubox
97 426 0.004380534 ubox
97 431 0.178772712 ubox
98 112 0.004290401 ubox
98 122 0.005335768 ubox
98 130 0.924305637 ubox
98 147 0.008891285 ubox
98 165 0.060237200 ubox
98 296 0.003190997 ubox
98 352 0.203841331 ubox
98 353 0.012632055 ubox
98 354 0.013149036 ubox
98 383 0.082697749 ubox
98 391 0.003323617 ubox
98 402 0.015076761 ubox
98 425 0.004394413 ubox
98 430 0.179121515 ubox
99 108 0.034108686 ubox
99 114 0.016193541 ubox
99 121 0.005878963 ubox
99 127 0.006611117 ubox
99 129 0.935754837 ubox
99 136 0.014181017 ubox
99 142 0.020526142 ubox
99 146 0.009127121 ubox
99 164 0.062709684 ubox
99 295 0.003303261 ubox
99 351 0.235234536 ubox
99 352 0.012269628 ubox
99 353 0.017164099 ubox
99 360 0.004171902 ubox
99 382 0.080721261 ubox
99 385 0.011222931 ubox
99 401 0.020666152 ubox
99 424 0.004403019 ubox
99 429 0.179357661 ubox
100 107 0.034141603 ubox
100 109 0.047230207 ubox
100 113 0.016263317 ubox
100 120 0.005368697 ubox
100 126 0.007485734 ubox
100 128 0.935818468 ubox
100 135 0.014283360 ubox
100 137 0.007155675 ubox
100 140 0.038686896 ubox
100 141 0.014627169 ubox
100 294 0.003302252 ubox
100 350 0.235327502 ubox
100 359 0.004420867 ubox
100 381 0.080188283 ubox
100 384 0.011511995 ubox
100 400 0.021250176 ubox
100 423 0.004385518 ubox
100 428 0.179355190 ubox
101 108 0.049098120 ubox
101 112 0.016052618 ubox
101 119 0.003732731 ubox
101 121 0.013447354 ubox
101 127 0.935201784 ubox
101 129 0.003399321 ubox
101 136 0.008397140 ubox
101 139 0.042051034 ubox
101 142 0.014037373 ubox
101 163 0.064853164 ubox
101 169 0.012889872 ubox
101 293 0.003271726 ubox
101 351 0.048545302 ubox
101 358 0.003423075 ubox
101 380 0.075514438 ubox
101 383 0.008813359 ubox
101 399 0.021123800 ubox
101 420 0.003205395 ubox
101 427 0.179206318 ubox
102 107 0.049074144 ubox
102 110 0.016681567 ubox
102 120 0.010364198 ubox
102 126 0.934855227 ubox
102 128 0.003434207 ubox
102 135 0.008373164 ubox
102 138 0.042096119 ubox
102 141 0.014122741 ubox
102 162 0.064931234 ubox
102 168 0.013011545 ubox
102 350 0.052193118 ubox
102 364 0.005192392 ubox
102 419 0.003263144 ubox
102 426 0.173826287 ubox
103 109 0.016724867 ubox
103 120 0.924105742 ubox
103 132 0.016310670 ubox
103 137 0.042097950 ubox
103 140 0.014122778 ubox
103 161 0.064924514 ubox
103 167 0.013009123 ubox
103 363 0.005234742 ubox
103 381 0.006998093 ubox
103 423 0.016528937 ubox
103 426 0.009174906 ubox
104 108 0.015212366 ubox
104 119 0.926455063 ubox
104 122 0.009865346 ubox
104 131 0.016502019 ubox
104 136 0.041962187 ubox
104 139 0.014094434 ubox
104 156 0.003355795 ubox
104 159 0.003922296 ubox
104 160 0.064693192 ubox
104 283 0.011280832 ubox
104 347 0.314699124 ubox
104 362 0.003794703 ubox
104 380 0.007081073 ubox
104 410 0.005817769 ubox
104 422 0.006596176 ubox
105 118 0.926310263 ubox
105 121 0.008843159 ubox
105 122 0.009242189 ubox
105 130 0.016206123 ubox
105 155 0.004096026 ubox
105 158 0.020889911 ubox
105 159 0.061076484 ubox
105 165 0.013004070 ubox
105 282 0.011395128 ubox
105 346 0.317075105 ubox
105 379 0.007113536 ubox
105 409 0.005864177 ubox
105 421 0.005455930 ubox
106 117 0.926078041 ubox
106 119 0.008264601 ubox
106 121 0.007464999 ubox
106 122 0.113916589 ubox
106 129 0.014721469 ubox
106 130 0.003437455 ubox
106 154 0.005041642 ubox
106 156 0.003193202 ubox
106 157 0.029319264 ubox
106 158 0.056082747 ubox
106 164 0.013085490 ubox
106 207 0.003180465 ubox
106 281 0.011445133 ubox
106 345 0.317503369 ubox
106 378 0.007077055 ubox
106 408 0.005870944 ubox
106 420 0.004325921 ubox
107 114 0.152645991 ubox
107 116 0.912355868 ubox
107 118 0.008084698 ubox
107 121 0.133370071 ubox
107 127 0.010203245 ubox
107 129 0.007170692 ubox
107 136 0.025876196 ubox
107 149 0.036145606 ubox
107 156 0.026933040 ubox
107 157 0.045172431 ubox
107 163 0.013081197 ubox
107 206 0.003200932 ubox
107 280 0.011446815 ubox
107 344 0.317530471 ubox
107 407 0.005869370 ubox
108 113 0.207876271 ubox
108 120 0.136582804 ubox
108 126 0.010891779 ubox
108 128 0.009419321 ubox
108 132 0.045925779 ubox
108 135 0.026088590 ubox
108 148 0.041139393 ubox
108 162 0.012923733 ubox
108 205 0.003201047 ubox
108 279 0.011446604 ubox
108 343 0.317524817 ubox
109 117 0.023218466 ubox
109 118 0.014269553 ubox
109 119 0.134239566 ubox
109 127 0.009086667 ubox
109 131 0.044437469 ubox
109 147 0.041211119 ubox
109 155 0.019285174 ubox
109 156 0.018607629 ubox
109 157 0.007915328 ubox
109 204 0.003201205 ubox
109 278 0.011445145 ubox
109 342 0.317474317 ubox
109 375 0.006874861 ubox
109 405 0.005865066 ubox
110 116 0.024901190 ubox
110 117 0.069733377 ubox
110 118 0.102777984 ubox
110 119 0.018486294 ubox
110 122 0.012005623 ubox
110 130 0.036044110 ubox
110 131 0.052781424 ubox
110 146 0.041302447 ubox
110 154 0.020049269 ubox
110 155 0.013175219 ubox
110 156 0.008558898 ubox
110 160 0.010557234 ubox
110 203 0.003201012 ubox
110 277 0.011416251 ubox
110 341 0.317179101 ubox
110 374 0.006913559 ubox
110 404 0.005864747 ubox
111 118 0.022546299 ubox
111 121 0.013578366 ubox
111 130 0.053623560 ubox
111 145 0.041285298 ubox
111 155 0.007956623 ubox
111 159 0.010171850 ubox
111 202 0.003182538 ubox
111 340 0.317366462 ubox
111 373 0.006674134 ubox
111 403 0.005753905 ubox
112 120 0.013706692 ubox
112 123 0.003283464 ubox
112 140 0.003201025 ubox
112 144 0.041117481 ubox
112 150 0.010878933 ubox
112 153 0.019473569 ubox
112 339 0.317213958 ubox
112 369 0.004028819 ubox
112 372 0.005673495 ubox
113 119 0.013445572 ubox
113 121 0.015121149 ubox
113 129 0.076049523 ubox
113 136 0.004670262 ubox
113 139 0.003982392 ubox
113 142 0.017591739 ubox
113 143 0.037164009 ubox
113 149 0.011044749 ubox
113 152 0.019552935 ubox
113 233 0.006471628 ubox
113 338 0.317476570 ubox
113 368 0.004600003 ubox
113 401 0.005163492 ubox
114 120 0.015864438 ubox
114 128 0.076361545 ubox
114 135 0.004694171 ubox
114 138 0.004094894 ubox
114 141 0.024584028 ubox
114 148 0.011046060 ubox
114 151 0.019437177 ubox
114 224 0.004434482 ubox
114 232 0.007954081 ubox
114 337 0.316803977 ubox
114 400 0.005319562 ubox
115 121 0.008644266 ubox
115 127 0.076292441 ubox
115 147 0.010750442 ubox
115 222 0.003977112 ubox
115 223 0.004933770 ubox
115 228 0.005776054 ubox
115 231 0.008243499 ubox
115 336 0.276995131 ubox
115 366 0.006287919 ubox
116 120 0.010042650 ubox
116 126 0.073194027 ubox
116 138 0.008180523 ubox
116 141 0.031425305 ubox
116 221 0.004446673 ubox
116 225 0.188530099 ubox
116 227 0.006496478 ubox
116 230 0.008492804 ubox
116 335 0.217463979 ubox
116 365 0.006548564 ubox
117 126 0.029465905 ubox
117 135 0.006365836 ubox
117 137 0.008123772 ubox
117 138 0.021677427 ubox
117 140 0.031473262 ubox
117 141 0.007445755 ubox
117 224 0.189682379 ubox
117 225 0.020709374 ubox
117 227 0.029351982 ubox
117 229 0.008191856 ubox
117 334 0.190333689 ubox
117 335 0.005382950 ubox
117 364 0.006531705 ubox
118 125 0.034653632 ubox
118 133 0.076882786 ubox
118 134 0.006042557 ubox
118 137 0.005531450 ubox
118 138 0.031524498 ubox
118 141 0.007839878 ubox
118 162 0.003484823 ubox
118 219 0.006695453 ubox
118 224 0.019401077 ubox
118 225 0.015424696 ubox
118 226 0.042621978 ubox
118 301 0.063314800 ubox
118 333 0.110266737 ubox
118 363 0.004138416 ubox
119 128 0.018036388 ubox
119 132 0.081870555 ubox
119 137 0.039284530 ubox
119 140 0.012171490 ubox
119 161 0.006194009 ubox
119 218 0.007016575 ubox
119 221 0.260344556 ubox
119 224 0.021897660 ubox
119 225 0.043750711 ubox
119 291 0.003324328 ubox
119 294 0.049781588 ubox
119 300 0.067551853 ubox
119 303 0.042252153 ubox
119 331 0.006261460 ubox
119 363 0.005207228 ubox
120 127 0.013739367 ubox
120 129 0.030286907 ubox
120 131 0.080096568 ubox
120 136 0.039835709 ubox
120 139 0.012539003 ubox
120 142 0.006592026 ubox
120 160 0.006250563 ubox
120 220 0.262226750 ubox
120 223 0.021180919 ubox
120 293 0.050805125 ubox
120 299 0.067572496 ubox
120 302 0.042579917 ubox
120 330 0.004868082 ubox
120 362 0.005178516 ubox
121 126 0.006440336 ubox
121 128 0.031354550 ubox
121 133 0.003799873 ubox
121 134 0.004292592 ubox
121 135 0.039548017 ubox
121 138 0.012495542 ubox
121 141 0.006562559 ubox
121 218 0.005431596 ubox
121 219 0.261060014 ubox
121 225 0.013805191 ubox
121 226 0.005096694 ubox
121 292 0.050538065 ubox
121 298 0.067485544 ubox
121 301 0.042569802 ubox
122 128 0.016622747 ubox
122 132 0.003965827 ubox
122 133 0.004600951 ubox
122 134 0.036398075 ubox
122 137 0.007001668 ubox
122 140 0.005441557 ubox
122 217 0.003187783 ubox
122 218 0.257641114 ubox
122 224 0.021658153 ubox
122 225 0.004780541 ubox
122 291 0.049617246 ubox
122 297 0.065356163 ubox
122 300 0.041347585 ubox
123 127 0.014256880 ubox
123 223 0.023854418 ubox
123 290 0.047203160 ubox
123 296 0.058922552 ubox
123 299 0.038953744 ubox
124 222 0.024663817 ubox
124 223 0.004818754 ubox
125 155 0.038308469 ubox
125 165 0.009701596 ubox
125 222 0.004820643 ubox
125 286 0.028515748 ubox
125 296 0.038545344 ubox
125 306 0.005153464 ubox
126 136 0.014234654 ubox
126 139 0.005202513 ubox
126 154 0.041971827 ubox
126 164 0.010909056 ubox
126 212 0.006755536 ubox
126 216 0.010567386 ubox
126 220 0.019099851 ubox
126 222 0.003182240 ubox
126 239 0.003217013 ubox
126 285 0.029914173 ubox
126 293 0.037870870 ubox
126 295 0.043359657 ubox
126 305 0.006432741 ubox
127 135 0.014152803 ubox
127 137 0.029338015 ubox
127 138 0.003690829 ubox
127 140 0.006534678 ubox
127 150 0.006454850 ubox
127 153 0.041995158 ubox
127 211 0.007495815 ubox
127 215 0.010419565 ubox
127 217 0.290946773 ubox
127 219 0.013631376 ubox
127 238 0.003205190 ubox
127 284 0.024235263 ubox
127 291 0.007565611 ubox
127 292 0.021386548 ubox
127 294 0.040271129 ubox
128 136 0.096683237 ubox
128 139 0.007558716 ubox
128 149 0.006559703 ubox
128 152 0.042008102 ubox
128 163 0.012414035 ubox
128 210 0.007573568 ubox
128 216 0.296110436 ubox
128 283 0.023008640 ubox
128 290 0.018073340 ubox
128 293 0.039241470 ubox
128 295 0.006431377 ubox
128 304 0.007367345 ubox
129 135 0.097204853 ubox
129 138 0.007551562 ubox
129 148 0.006556841 ubox
129 151 0.042004816 ubox
129 162 0.012363379 ubox
129 215 0.296326067 ubox
129 227 0.003789947 ubox
129 236 0.003220483 ubox
129 289 0.018937653 ubox
129 294 0.006408439 ubox
129 303 0.007369513 ubox
130 134 0.087009693 ubox
130 137 0.005450657 ubox
130 150 0.041459645 ubox
130 162 0.006252824 ubox
130 214 0.284687781 ubox
130 226 0.004414957 ubox
130 235 0.003219068 ubox
130 288 0.017572590 ubox
130 292 0.027679682 ubox
130 301 0.006547266 ubox
131 137 0.012757991 ubox
131 140 0.004100178 ubox
131 148 0.022180410 ubox
131 161 0.017530464 ubox
131 208 0.003590109 ubox
131 225 0.004458459 ubox
131 234 0.003208053 ubox
131 291 0.027696986 ubox
131 300 0.006593814 ubox
132 136 0.014892708 ubox
132 139 0.004068270 ubox
132 146 0.023559992 ubox
132 147 0.012930413 ubox
132 156 0.006490725 ubox
132 160 0.017891722 ubox
132 207 0.003537580 ubox
132 290 0.022142109 ubox
132 299 0.005844405 ubox
133 145 0.023362102 ubox
133 155 0.006559177 ubox
133 159 0.017886090 ubox
133 223 0.003710851 ubox
134 147 0.004112953 ubox
134 155 0.003761470 ubox
134 158 0.017825190 ubox
134 222 0.003484828 ubox
134 286 0.007432093 ubox
135 142 0.029904628 ubox
135 146 0.004044881 ubox
135 149 0.026074237 ubox
135 152 0.032655094 ubox
135 154 0.003850180 ubox
135 157 0.016862947 ubox
135 206 0.007854426 ubox
135 209 0.316600140 ubox
135 285 0.007584610 ubox
136 141 0.030048191 ubox
136 148 0.026104498 ubox
136 151 0.033242593 ubox
136 171 0.003840125 ubox
136 195 0.003336572 ubox
136 205 0.007894555 ubox
136 208 0.317346624 ubox
137 143 0.007957117 ubox
137 147 0.025741716 ubox
137 155 0.008906305 ubox
137 156 0.007310885 ubox
137 170 0.003951389 ubox
137 194 0.003353188 ubox
137 204 0.007895306 ubox
137 207 0.317363105 ubox
137 210 0.018436605 ubox
137 281 0.009976236 ubox
138 142 0.007823346 ubox
138 146 0.025343499 ubox
138 149 0.043323095 ubox
138 152 0.014490258 ubox
138 154 0.009006469 ubox
138 155 0.004489594 ubox
138 169 0.003985123 ubox
138 193 0.003355425 ubox
138 203 0.007886534 ubox
138 206 0.317370535 ubox
138 209 0.018782081 ubox
138 280 0.010140660 ubox
139 148 0.043525009 ubox
139 151 0.014502697 ubox
139 168 0.003978773 ubox
139 171 0.003413878 ubox
139 191 0.003620402 ubox
139 199 0.008972656 ubox
139 205 0.317326467 ubox
139 208 0.018786344 ubox
139 279 0.010144067 ubox
140 146 0.003300694 ubox
140 147 0.042962151 ubox
140 164 0.006592638 ubox
140 170 0.003527730 ubox
140 190 0.003635636 ubox
140 194 0.003798435 ubox
140 198 0.016292346 ubox
140 203 0.005459528 ubox
140 204 0.316921074 ubox
140 207 0.018786006 ubox
140 278 0.010142991 ubox
141 146 0.041898836 ubox
141 149 0.016646346 ubox
141 152 0.011768915 ubox
141 163 0.007505092 ubox
141 169 0.003978660 ubox
141 189 0.003574743 ubox
141 193 0.003925640 ubox
141 197 0.067522823 ubox
141 202 0.003918921 ubox
141 203 0.309735468 ubox
141 206 0.018776558 ubox
141 277 0.010101955 ubox
142 148 0.016876328 ubox
142 151 0.011980702 ubox
142 162 0.007682796 ubox
142 167 0.027770873 ubox
142 168 0.004743811 ubox
142 196 0.191253027 ubox
142 205 0.015932453 ubox
142 237 0.006540026 ubox
143 161 0.007670394 ubox
143 166 0.027845696 ubox
143 167 0.004712166 ubox
143 195 0.191021874 ubox
143 199 0.143981617 ubox
143 236 0.006540781 ubox
144 165 0.027069339 ubox
144 189 0.008207528 ubox
144 197 0.075699743 ubox
144 198 0.128255306 ubox
144 202 0.021750788 ubox
145 188 0.005542598 ubox
145 192 0.185708147 ubox
145 196 0.098365980 ubox
145 200 0.053422406 ubox
145 201 0.021890303 ubox
145 235 0.006372433 ubox
146 162 0.026617442 ubox
146 191 0.187975549 ubox
146 195 0.100727902 ubox
146 196 0.081520366 ubox
146 199 0.055638429 ubox
146 234 0.006382686 ubox
147 161 0.026697591 ubox
147 188 0.288991236 ubox
147 191 0.006107947 ubox
147 195 0.059039475 ubox
148 160 0.026664569 ubox
148 163 0.010094456 ubox
148 184 0.005724892 ubox
148 187 0.315415692 ubox
148 194 0.021986828 ubox
148 197 0.004420578 ubox
148 233 0.008827629 ubox
149 162 0.010088740 ubox
149 166 0.007579386 ubox
149 183 0.006642631 ubox
149 186 0.316046616 ubox
149 196 0.004521460 ubox
149 232 0.009488602 ubox
150 158 0.025288841 ubox
150 159 0.007723242 ubox
150 165 0.007598396 ubox
150 182 0.005351746 ubox
150 185 0.314965027 ubox
150 231 0.009470398 ubox
151 157 0.025826340 ubox
151 158 0.006476444 ubox
151 163 0.005904682 ubox
151 164 0.006543150 ubox
151 182 0.067923553 ubox
151 184 0.308412330 ubox
152 162 0.007053459 ubox
152 181 0.073414803 ubox
152 183 0.307832322 ubox
152 229 0.009495341 ubox
153 180 0.078934024 ubox
153 182 0.306144507 ubox
153 228 0.009501283 ubox
154 162 0.003667342 ubox
154 179 0.084080882 ubox
154 181 0.304370214 ubox
154 227 0.009503796 ubox
155 161 0.003384290 ubox
155 168 0.007802815 ubox
155 178 0.085490421 ubox
155 226 0.009501958 ubox
156 161 0.003380178 ubox
156 162 0.008370014 ubox
156 167 0.009431580 ubox
156 168 0.004875368 ubox
156 225 0.009498692 ubox
157 161 0.008333449 ubox
157 166 0.009456924 ubox
157 167 0.004911114 ubox
157 179 0.132532617 ubox
157 224 0.009422461 ubox
158 166 0.004839958 ubox
158 178 0.123619232 ubox
158 179 0.023561517 ubox
158 201 0.006571870 ubox
159 178 0.027796160 ubox
159 200 0.007602407 ubox
160 171 0.310596906 ubox
160 173 0.016098609 ubox
160 199 0.007677150 ubox
160 208 0.007226577 ubox
160 221 0.007179314 ubox
161 170 0.312957429 ubox
161 175 0.045051161 ubox
161 198 0.007646276 ubox
161 207 0.007421234 ubox
161 220 0.006866857 ubox
162 169 0.312984234 ubox
162 172 0.006177380 ubox
162 174 0.045306074 ubox
162 180 0.004262898 ubox
162 197 0.007676969 ubox
162 206 0.007488987 ubox
162 216 0.003796671 ubox
163 168 0.311841545 ubox
163 171 0.006259184 ubox
163 173 0.045274673 ubox
163 179 0.004098129 ubox
163 196 0.007591503 ubox
163 205 0.007443074 ubox
163 215 0.003784015 ubox
164 179 0.003743190 ubox
164 195 0.007476838 ubox
164 218 0.005203855 ubox
165 171 0.035055827 ubox
165 178 0.004014605 ubox
165 217 0.005192201 ubox
166 170 0.034131116 ubox
166 172 0.004834118 ubox
166 177 0.003733807 ubox
166 194 0.007277437 ubox
166 204 0.004744936 ubox
166 216 0.005124272 ubox
167 175 0.006073542 ubox
167 193 0.007271293 ubox
167 198 0.010311624 ubox
167 203 0.004745715 ubox
167 210 0.005095595 ubox
168 174 0.006137578 ubox
168 197 0.030288505 ubox
168 209 0.005104805 ubox
169 173 0.006121491 ubox
169 196 0.031839947 ubox
169 208 0.005050042 ubox
170 191 0.005887065 ubox
170 195 0.031853165 ubox
171 189 0.005111488 ubox
171 190 0.005746794 ubox
171 194 0.031830410 ubox
171 206 0.004774176 ubox
172 176 0.003479929 ubox
172 178 0.007968346 ubox
172 179 0.005939793 ubox
172 188 0.007651663 ubox
172 205 0.004621623 ubox
173 177 0.007154054 ubox
173 187 0.007748892 ubox
173 193 0.032096015 ubox
173 204 0.004551526 ubox
174 186 0.005954248 ubox
174 192 0.032105183 ubox
174 200 0.004270165 ubox
175 181 0.003772300 ubox
175 183 0.003848925 ubox
175 186 0.005126648 ubox
175 191 0.032067746 ubox
175 199 0.004338509 ubox
176 180 0.003545385 ubox
176 182 0.003896427 ubox
176 184 0.004681529 ubox
176 185 0.005185030 ubox
176 189 0.005583704 ubox
176 198 0.004069442 ubox
177 181 0.003640607 ubox
177 183 0.004960229 ubox
177 188 0.005554948 ubox
178 182 0.004137088 ubox
179 187 0.011956477 ubox
179 189 0.059775842 ubox
179 220 0.007976370 ubox
179 391 0.008727026 ubox
180 186 0.011774444 ubox
180 188 0.061740153 ubox
180 195 0.003990123 ubox
180 219 0.007954723 ubox
180 390 0.009831769 ubox
181 185 0.005261065 ubox
181 187 0.062060739 ubox
181 189 0.011068600 ubox
181 190 0.004762654 ubox
181 194 0.004336647 ubox
182 186 0.057751926 ubox
182 188 0.012209471 ubox
182 191 0.003815418 ubox
182 217 0.008083543 ubox
182 388 0.011151015 ubox
183 187 0.012298651 ubox
183 189 0.003728721 ubox
183 190 0.009525433 ubox
183 193 0.014289334 ubox
183 202 0.003380753 ubox
183 216 0.008128018 ubox
183 220 0.003422739 ubox
183 387 0.011338931 ubox
184 188 0.006642157 ubox
184 192 0.018196905 ubox
184 201 0.003629815 ubox
184 215 0.008088635 ubox
184 218 0.012817349 ubox
184 386 0.008104859 ubox
185 191 0.032111552 ubox
185 200 0.003760041 ubox
185 214 0.007752972 ubox
185 217 0.027842710 ubox
185 386 0.026522197 ubox
186 190 0.045732090 ubox
186 216 0.030039957 ubox
186 385 0.030213396 ubox
187 199 0.004113279 ubox
187 215 0.030004230 ubox
187 384 0.030760514 ubox
187 392 0.006568642 ubox
188 197 0.033032205 ubox
188 198 0.003810888 ubox
188 202 0.010261406 ubox
188 212 0.003913835 ubox
188 383 0.029966214 ubox
188 391 0.006586017 ubox
189 196 0.043516348 ubox
189 200 0.176865961 ubox
189 201 0.010500723 ubox
189 211 0.004013014 ubox
189 390 0.006582693 ubox
190 195 0.046369831 ubox
190 199 0.181791192 ubox
190 208 0.010113397 ubox
190 381 0.030582966 ubox
190 384 0.006321372 ubox
190 389 0.006293851 ubox
191 198 0.172513658 ubox
191 207 0.010225184 ubox
191 380 0.030757000 ubox
191 383 0.007506788 ubox
192 197 0.146540288 ubox
192 379 0.029886989 ubox
192 382 0.007617881 ubox
193 381 0.007467896 ubox
194 205 0.035252274 ubox
194 208 0.035023003 ubox
195 204 0.037821569 ubox
195 207 0.035637442 ubox
195 246 0.003409919 ubox
195 374 0.027984836 ubox
195 375 0.007148769 ubox
195 379 0.007836422 ubox
195 380 0.003242746 ubox
195 434 0.004504137 ubox
196 202 0.009132474 ubox
196 203 0.037861673 ubox
196 206 0.035749010 ubox
196 245 0.003552454 ubox
196 373 0.028122717 ubox
196 374 0.007444449 ubox
196 378 0.009572816 ubox
196 433 0.004596557 ubox
197 201 0.010256254 ubox
197 205 0.031040323 ubox
197 244 0.003867267 ubox
197 372 0.027461385 ubox
197 377 0.009542394 ubox
197 432 0.004579572 ubox
198 205 0.064499214 ubox
198 208 0.009861312 ubox
198 211 0.009890374 ubox
198 221 0.003863924 ubox
198 243 0.004235157 ubox
198 284 0.003220394 ubox
198 369 0.106441126 ubox
198 371 0.015901978 ubox
198 376 0.005348049 ubox
198 431 0.004444129 ubox
199 204 0.110822983 ubox
199 207 0.023420516 ubox
199 210 0.012405897 ubox
199 220 0.006589784 ubox
199 242 0.004348671 ubox
199 283 0.003855531 ubox
199 368 0.140923389 ubox
199 403 0.004064380 ubox
199 404 0.011514574 ubox
199 430 0.009989812 ubox
199 435 0.005389630 ubox
200 222 0.003873773 ubox
200 223 0.004486999 ubox
200 282 0.003699343 ubox
200 367 0.141432398 ubox
200 402 0.004644173 ubox
200 403 0.011487456 ubox
200 435 0.004004641 ubox
201 212 0.007156215 ubox
201 222 0.005421506 ubox
201 366 0.141541501 ubox
201 401 0.004681427 ubox
201 402 0.010499591 ubox
201 435 0.003995548 ubox
202 211 0.007663958 ubox
202 219 0.046882452 ubox
202 221 0.004038225 ubox
202 226 0.053507184 ubox
202 235 0.016823847 ubox
202 238 0.010174219 ubox
202 365 0.141540797 ubox
202 400 0.004064056 ubox
202 432 0.103996541 ubox
203 218 0.049532055 ubox
203 225 0.054862341 ubox
203 230 0.016903685 ubox
203 234 0.017344841 ubox
203 237 0.010566649 ubox
203 364 0.141662197 ubox
203 431 0.111362327 ubox
204 221 0.009235336 ubox
204 224 0.054884814 ubox
204 229 0.016949061 ubox
204 232 0.026903440 ubox
204 234 0.003452620 ubox
204 236 0.010535112 ubox
204 363 0.141640553 ubox
204 400 0.009585608 ubox
204 426 0.005129047 ubox
204 428 0.638391182 ubox
204 431 0.090007617 ubox
205 216 0.089975219 ubox
205 220 0.009549523 ubox
205 222 0.011264087 ubox
205 223 0.051231497 ubox
205 228 0.016909760 ubox
205 231 0.033026774 ubox
205 233 0.003958108 ubox
205 360 0.004913355 ubox
205 362 0.139528990 ubox
205 399 0.009575788 ubox
205 424 0.004283180 ubox
205 425 0.003923181 ubox
205 427 0.646671717 ubox
205 429 0.321736300 ubox
205 430 0.118140163 ubox
206 215 0.090908730 ubox
206 221 0.015300660 ubox
206 225 0.006519759 ubox
206 227 0.016878683 ubox
206 230 0.034580604 ubox
206 359 0.007636594 ubox
206 423 0.004284748 ubox
206 426 0.645285795 ubox
206 428 0.235040792 ubox
207 221 0.049881840 ubox
207 224 0.006580638 ubox
207 229 0.034582415 ubox
207 232 0.013415646 ubox
207 359 0.076150977 ubox
207 423 0.006440658 ubox
207 426 0.057695786 ubox
207 428 0.575607748 ubox
207 431 0.021737062 ubox
208 216 0.117202790 ubox
208 220 0.047708229 ubox
208 222 0.009396493 ubox
208 223 0.004841235 ubox
208 228 0.034275491 ubox
208 231 0.015495567 ubox
208 358 0.075791255 ubox
208 360 0.044381483 ubox
208 362 0.003309435 ubox
208 396 0.005817054 ubox
208 422 0.004807070 ubox
208 424 0.631415438 ubox
208 425 0.053468994 ubox
208 427 0.623672052 ubox
208 429 0.161028568 ubox
208 430 0.007659716 ubox
209 215 0.117879300 ubox
209 221 0.010013715 ubox
209 225 0.029257518 ubox
209 227 0.033600522 ubox
209 230 0.015982916 ubox
209 359 0.045042744 ubox
209 395 0.005789805 ubox
209 423 0.618010829 ubox
209 426 0.607263084 ubox
209 428 0.163269870 ubox
210 224 0.030669711 ubox
210 229 0.015994295 ubox
210 300 0.032764163 ubox
210 303 0.007327489 ubox
210 423 0.104502129 ubox
210 426 0.208608691 ubox
210 431 0.017566999 ubox
211 222 0.005363789 ubox
211 223 0.028898100 ubox
211 228 0.015907629 ubox
211 299 0.032905263 ubox
211 302 0.007339383 ubox
211 357 0.033290307 ubox
211 360 0.006377628 ubox
211 422 0.118384329 ubox
211 425 0.245582488 ubox
211 430 0.017689979 ubox
212 221 0.006602333 ubox
212 224 0.017147426 ubox
212 227 0.014787413 ubox
212 298 0.031480293 ubox
212 301 0.007001041 ubox
212 307 0.008082579 ubox
212 356 0.032723849 ubox
212 359 0.006352597 ubox
212 423 0.535165828 ubox
212 426 0.013175380 ubox
212 431 0.007490469 ubox
213 223 0.016289993 ubox
213 306 0.009556362 ubox
213 353 0.076838641 ubox
213 354 0.017036870 ubox
213 422 0.824312612 ubox
213 425 0.024342700 ubox
213 430 0.010238853 ubox
214 222 0.014833068 ubox
214 223 0.042141617 ubox
214 296 0.033781915 ubox
214 306 0.006332518 ubox
214 352 0.080195841 ubox
214 353 0.017284983 ubox
214 354 0.010298085 ubox
214 421 0.850644168 ubox
214 422 0.014159922 ubox
214 425 0.328752009 ubox
214 430 0.006427697 ubox
215 222 0.052749243 ubox
215 290 0.005113707 ubox
215 295 0.034906017 ubox
215 304 0.094895615 ubox
215 305 0.006204414 ubox
215 344 0.004898935 ubox
215 351 0.080049059 ubox
215 352 0.016547598 ubox
215 353 0.008281265 ubox
215 360 0.007905620 ubox
215 401 0.003224713 ubox
215 420 0.854089854 ubox
215 421 0.003821156 ubox
215 424 0.337050977 ubox
215 427 0.090112212 ubox
215 429 0.006430002 ubox
216 221 0.053795973 ubox
216 224 0.018980738 ubox
216 289 0.005780289 ubox
216 291 0.011118127 ubox
216 294 0.034696148 ubox
216 303 0.095497416 ubox
216 343 0.004951558 ubox
216 350 0.079536789 ubox
216 359 0.008118724 ubox
216 400 0.003216431 ubox
216 414 0.006788462 ubox
216 419 0.852502217 ubox
216 423 0.337039747 ubox
216 426 0.090594750 ubox
216 428 0.006157696 ubox
216 431 0.004075993 ubox
217 223 0.018694041 ubox
217 286 0.006719580 ubox
217 290 0.011604112 ubox
217 296 0.010587353 ubox
217 302 0.094934579 ubox
217 346 0.012183286 ubox
217 352 0.005756231 ubox
217 353 0.007145247 ubox
217 354 0.034144322 ubox
217 402 0.003715487 ubox
217 403 0.104674537 ubox
217 409 0.005020243 ubox
217 413 0.008214970 ubox
217 421 0.028931884 ubox
217 422 0.331090728 ubox
217 425 0.090626443 ubox
217 430 0.004440867 ubox
218 222 0.012623295 ubox
218 250 0.004046414 ubox
218 285 0.008311183 ubox
218 295 0.023388591 ubox
218 305 0.005867522 ubox
218 341 0.005085662 ubox
218 345 0.012306649 ubox
218 347 0.021710256 ubox
218 351 0.003831001 ubox
218 352 0.007067272 ubox
218 353 0.042251555 ubox
218 354 0.028592920 ubox
218 355 0.030587137 ubox
218 358 0.006651541 ubox
218 361 0.099450962 ubox
218 401 0.003224702 ubox
218 402 0.126006367 ubox
218 403 0.005015019 ubox
218 404 0.007091813 ubox
218 408 0.004956277 ubox
218 410 0.012420094 ubox
218 420 0.039929022 ubox
218 421 0.261367220 ubox
218 422 0.042744455 ubox
218 424 0.090129977 ubox
218 429 0.004562667 ubox
219 228 0.005513375 ubox
219 249 0.003967329 ubox
219 290 0.039514391 ubox
219 340 0.005415139 ubox
219 346 0.020829412 ubox
219 352 0.043438532 ubox
219 353 0.031494279 ubox
219 354 0.029619673 ubox
219 357 0.006472210 ubox
219 360 0.099708092 ubox
219 401 0.129801545 ubox
219 402 0.003968812 ubox
219 403 0.005401800 ubox
219 409 0.012301741 ubox
219 421 0.069297088 ubox
220 227 0.006264666 ubox
220 289 0.042929926 ubox
220 291 0.008597466 ubox
220 294 0.039063081 ubox
220 300 0.117924064 ubox
220 303 0.012406245 ubox
220 339 0.005494682 ubox
220 343 0.007545269 ubox
220 359 0.099728714 ubox
220 400 0.131123845 ubox
220 414 0.474020919 ubox
220 423 0.049910755 ubox
220 428 0.004908347 ubox
221 277 0.004208535 ubox
221 285 0.043951808 ubox
221 290 0.007641732 ubox
221 293 0.039494648 ubox
221 299 0.118962409 ubox
221 302 0.012406347 ubox
221 338 0.005485571 ubox
221 342 0.007487951 ubox
221 344 0.009426837 ubox
221 351 0.092690044 ubox
221 358 0.089584542 ubox
221 399 0.130900825 ubox
221 407 0.012932964 ubox
221 413 0.462717499 ubox
221 416 0.202000596 ubox
221 420 0.339896384 ubox
221 422 0.013118330 ubox
221 427 0.004882334 ubox
222 276 0.004365614 ubox
222 284 0.041316720 ubox
222 288 0.029521028 ubox
222 289 0.003868264 ubox
222 292 0.038586759 ubox
222 298 0.119613962 ubox
222 301 0.012440997 ubox
222 337 0.004861050 ubox
222 343 0.008329402 ubox
222 350 0.097472681 ubox
222 356 0.007096950 ubox
222 398 0.112050440 ubox
222 406 0.009301072 ubox
222 412 0.327199380 ubox
222 415 0.196588174 ubox
222 419 0.341363774 ubox
222 426 0.004202911 ubox
223 247 0.008201074 ubox
223 254 0.003789928 ubox
223 275 0.003631571 ubox
223 284 0.092725737 ubox
223 287 0.031562896 ubox
223 288 0.003187566 ubox
223 291 0.032612559 ubox
223 297 0.119399961 ubox
223 300 0.011160831 ubox
223 349 0.129041009 ubox
223 356 0.077691464 ubox
223 398 0.042864022 ubox
223 406 0.024955436 ubox
223 412 0.769131281 ubox
223 414 0.113055959 ubox
223 418 0.341091889 ubox
224 246 0.008870353 ubox
224 251 0.103108672 ubox
224 252 0.004926909 ubox
224 281 0.012077104 ubox
224 282 0.082865293 ubox
224 283 0.101427759 ubox
224 286 0.030726244 ubox
224 290 0.019726021 ubox
224 293 0.003523787 ubox
224 296 0.119037674 ubox
224 299 0.006711545 ubox
224 305 0.007973687 ubox
224 342 0.004172247 ubox
224 345 0.003489547 ubox
224 348 0.131609213 ubox
224 354 0.006341733 ubox
224 355 0.079431795 ubox
224 397 0.060563554 ubox
224 405 0.028112684 ubox
224 408 0.007380570 ubox
224 409 0.010423538 ubox
224 410 0.021685683 ubox
224 411 0.855336811 ubox
224 413 0.008798839 ubox
224 417 0.341264048 ubox
225 245 0.008590665 ubox
225 246 0.005725707 ubox
225 250 0.128065321 ubox
225 280 0.010330359 ubox
225 281 0.116619514 ubox
225 282 0.090084613 ubox
225 283 0.118239970 ubox
225 285 0.026092339 ubox
225 295 0.117922895 ubox
225 304 0.008004588 ubox
225 341 0.003511320 ubox
225 347 0.131519191 ubox
225 353 0.017371955 ubox
225 354 0.066571822 ubox
225 355 0.006144788 ubox
225 396 0.046077976 ubox
225 404 0.028109182 ubox
225 407 0.007324155 ubox
225 408 0.013218504 ubox
225 409 0.019125895 ubox
225 410 0.855536367 ubox
225 416 0.339517799 ubox
226 245 0.005606995 ubox
226 249 0.129154119 ubox
226 282 0.122922596 ubox
226 286 0.011400577 ubox
226 296 0.006439308 ubox
226 340 0.003242400 ubox
226 346 0.127567193 ubox
226 352 0.023604476 ubox
226 353 0.058209660 ubox
226 354 0.006660130 ubox
226 403 0.027109893 ubox
226 409 0.852609079 ubox
227 242 0.044594596 ubox
227 248 0.129588144 ubox
227 280 0.384732259 ubox
227 281 0.089338635 ubox
227 285 0.013005941 ubox
227 293 0.035992699 ubox
227 295 0.007073698 ubox
227 344 0.008422643 ubox
227 345 0.070547740 ubox
227 351 0.028002435 ubox
227 352 0.015952258 ubox
227 399 0.021111475 ubox
227 402 0.004341558 ubox
227 407 0.596286975 ubox
227 408 0.601854699 ubox
227 413 0.294370996 ubox
227 416 0.025766130 ubox
228 241 0.045187968 ubox
228 247 0.129879170 ubox
228 279 0.401397630 ubox
228 284 0.012713938 ubox
228 287 0.014582527 ubox
228 289 0.004329708 ubox
228 292 0.034821493 ubox
228 294 0.006980061 ubox
228 297 0.003919979 ubox
228 343 0.011377215 ubox
228 349 0.031953192 ubox
228 350 0.019198483 ubox
228 398 0.025208824 ubox
228 406 0.840747329 ubox
228 412 0.294941592 ubox
228 415 0.047848239 ubox
229 240 0.045298084 ubox
229 246 0.129925606 ubox
229 251 0.005602380 ubox
229 278 0.408381555 ubox
229 281 0.031969798 ubox
229 283 0.009445695 ubox
229 286 0.014997259 ubox
229 290 0.006996295 ubox
229 293 0.006791889 ubox
229 296 0.004179269 ubox
229 342 0.009497651 ubox
229 345 0.012828803 ubox
229 348 0.036006195 ubox
229 352 0.008886566 ubox
229 397 0.025315626 ubox
229 404 0.011008526 ubox
229 405 0.843774548 ubox
229 408 0.047649680 ubox
229 410 0.003831983 ubox
229 411 0.294661982 ubox
229 417 0.003476271 ubox
230 239 0.045416931 ubox
230 242 0.006262814 ubox
230 245 0.128348872 ubox
230 250 0.008403083 ubox
230 277 0.408582958 ubox
230 280 0.033298756 ubox
230 281 0.003392024 ubox
230 282 0.007077769 ubox
230 285 0.014487629 ubox
230 290 0.019204458 ubox
230 295 0.004358711 ubox
230 341 0.005035381 ubox
230 344 0.014073405 ubox
230 347 0.035957698 ubox
230 351 0.010287786 ubox
230 396 0.024952333 ubox
230 399 0.014013518 ubox
230 401 0.004046753 ubox
230 403 0.010382419 ubox
230 404 0.841588997 ubox
230 407 0.054005241 ubox
230 408 0.004948916 ubox
230 409 0.004574580 ubox
230 410 0.293798683 ubox
230 413 0.059027116 ubox
230 416 0.003483081 ubox
231 238 0.045107729 ubox
231 241 0.006770068 ubox
231 243 0.103068963 ubox
231 244 0.093956397 ubox
231 247 0.003502713 ubox
231 274 0.018378820 ubox
231 276 0.396809243 ubox
231 279 0.033731257 ubox
231 284 0.013530665 ubox
231 287 0.202376969 ubox
231 289 0.019162892 ubox
231 294 0.004397599 ubox
231 343 0.013980717 ubox
231 349 0.136811872 ubox
231 350 0.009744073 ubox
231 395 0.021612113 ubox
231 398 0.024491951 ubox
231 400 0.129980660 ubox
231 406 0.054652644 ubox
231 412 0.059460811 ubox
231 415 0.003248117 ubox
232 239 0.019577233 ubox
232 240 0.003251602 ubox
232 242 0.136087828 ubox
232 246 0.003644528 ubox
232 248 0.046744572 ubox
232 273 0.023223891 ubox
232 277 0.016980388 ubox
232 278 0.033191660 ubox
232 280 0.012820911 ubox
232 283 0.011814613 ubox
232 285 0.833363465 ubox
232 286 0.047616928 ubox
232 293 0.004075701 ubox
232 342 0.013241394 ubox
232 344 0.010975651 ubox
232 348 0.141783092 ubox
232 351 0.003366174 ubox
232 397 0.021207376 ubox
232 399 0.133721885 ubox
232 401 0.015549469 ubox
232 405 0.050488206 ubox
232 407 0.181061179 ubox
232 411 0.059483933 ubox
233 238 0.019581893 ubox
233 241 0.135957801 ubox
233 243 0.017548438 ubox
233 247 0.050505891 ubox
233 254 0.031248842 ubox
233 274 0.362204175 ubox
233 276 0.016657436 ubox
233 279 0.012657555 ubox
233 284 0.843255605 ubox
233 343 0.010897810 ubox
233 349 0.016529669 ubox
233 350 0.003221010 ubox
233 398 0.129003885 ubox
233 400 0.013646349 ubox
233 406 0.180319039 ubox
234 240 0.130839531 ubox
234 242 0.019067153 ubox
234 246 0.051078283 ubox
234 249 0.004585061 ubox
234 250 0.016074263 ubox
234 252 0.019545625 ubox
234 253 0.036981025 ubox
234 270 0.120773862 ubox
234 273 0.401764647 ubox
234 278 0.009492966 ubox
234 283 0.844885662 ubox
234 342 0.010594208 ubox
234 347 0.156904157 ubox
234 348 0.012356423 ubox
234 397 0.122045984 ubox
234 399 0.015281790 ubox
234 402 0.004743955 ubox
234 403 0.006461698 ubox
234 404 0.039628735 ubox
234 405 0.176422254 ubox
234 410 0.060477351 ubox
235 245 0.050379184 ubox
235 248 0.008484713 ubox
235 249 0.018347085 ubox
235 251 0.051384105 ubox
235 252 0.056621647 ubox
235 269 0.125308208 ubox
235 272 0.406342533 ubox
235 282 0.845004668 ubox
235 341 0.009483022 ubox
235 346 0.159856324 ubox
235 401 0.004984470 ubox
235 402 0.007231143 ubox
235 403 0.042576014 ubox
235 409 0.062267357 ubox
236 246 0.008944914 ubox
236 248 0.016998782 ubox
236 250 0.056640415 ubox
236 251 0.066878010 ubox
236 268 0.126174771 ubox
236 271 0.407041823 ubox
236 278 0.014193619 ubox
236 281 0.845136245 ubox
236 340 0.006505651 ubox
236 342 0.005940366 ubox
236 345 0.160295757 ubox
236 346 0.003642541 ubox
236 347 0.003187724 ubox
236 348 0.039757500 ubox
236 362 0.004636483 ubox
236 397 0.010070474 ubox
236 401 0.006198905 ubox
236 402 0.035701844 ubox
236 403 0.117277619 ubox
236 404 0.105243040 ubox
236 405 0.042070344 ubox
236 408 0.062283700 ubox
237 245 0.006829732 ubox
237 246 0.061201025 ubox
237 249 0.054763169 ubox
237 250 0.071677385 ubox
237 252 0.003641283 ubox
237 267 0.126186174 ubox
237 270 0.406978504 ubox
237 277 0.015022783 ubox
237 280 0.843482081 ubox
237 341 0.006277004 ubox
237 344 0.158870901 ubox
237 345 0.004125153 ubox
237 347 0.040013162 ubox
237 361 0.004688870 ubox
237 396 0.009617911 ubox
237 401 0.023980497 ubox
237 402 0.131863690 ubox
237 403 0.099326185 ubox
237 404 0.044626240 ubox
237 407 0.062129723 ubox
238 245 0.071388515 ubox
238 248 0.053713460 ubox
238 249 0.070639690 ubox
238 251 0.016536862 ubox
238 252 0.013207568 ubox
238 265 0.006980881 ubox
238 266 0.122937741 ubox
238 269 0.393849568 ubox
238 290 0.010311092 ubox
238 340 0.010408179 ubox
238 341 0.003642762 ubox
238 346 0.038062622 ubox
238 360 0.004682159 ubox
238 401 0.135867404 ubox
238 402 0.089212152 ubox
238 403 0.043488776 ubox
239 255 0.028470672 ubox
239 256 0.006806486 ubox
239 262 0.027417796 ubox
239 289 0.011881476 ubox
239 339 0.010395316 ubox
239 359 0.004619154 ubox
239 395 0.005864561 ubox
239 400 0.136958573 ubox
240 254 0.033193680 ubox
240 255 0.006657381 ubox
240 261 0.026951607 ubox
240 274 0.068045608 ubox
240 287 0.005236293 ubox
240 288 0.011004259 ubox
240 394 0.004690836 ubox
241 253 0.034084173 ubox
241 260 0.021806600 ubox
241 273 0.070115237 ubox
241 286 0.005733807 ubox
241 290 0.004582685 ubox
241 340 0.066581058 ubox
241 401 0.056518406 ubox
242 261 0.063488867 ubox
242 289 0.004864438 ubox
242 291 0.005074371 ubox
242 300 0.003320126 ubox
242 303 0.023742773 ubox
242 337 0.007075500 ubox
242 339 0.066944396 ubox
242 400 0.058163842 ubox
243 249 0.064358675 ubox
243 252 0.074639152 ubox
243 253 0.068512452 ubox
243 260 0.048545791 ubox
243 266 0.047210074 ubox
243 273 0.056999708 ubox
243 290 0.005067105 ubox
243 299 0.003174334 ubox
243 302 0.017211181 ubox
243 336 0.005979232 ubox
243 341 0.004614254 ubox
243 402 0.009446850 ubox
244 248 0.055137277 ubox
244 251 0.080517459 ubox
244 252 0.083704374 ubox
244 260 0.117841924 ubox
244 265 0.048858793 ubox
244 272 0.032005416 ubox
244 302 0.091326941 ubox
244 340 0.004580556 ubox
244 401 0.010920088 ubox
245 256 0.012952690 ubox
245 257 0.021023258 ubox
245 259 0.127150111 ubox
245 262 0.354786984 ubox
245 264 0.036437046 ubox
245 292 0.079975705 ubox
245 301 0.103076421 ubox
245 339 0.004104417 ubox
245 393 0.006755615 ubox
245 400 0.010334766 ubox
245 415 0.005716336 ubox
246 255 0.015430129 ubox
246 256 0.021081797 ubox
246 258 0.126646023 ubox
246 261 0.391955893 ubox
246 291 0.084032419 ubox
246 300 0.103886121 ubox
246 303 0.009858835 ubox
246 337 0.006529842 ubox
246 392 0.006920325 ubox
246 414 0.006277283 ubox
247 260 0.387611111 ubox
247 290 0.083756565 ubox
247 299 0.103625581 ubox
247 302 0.009954872 ubox
247 336 0.004865890 ubox
247 391 0.006867709 ubox
247 413 0.006248127 ubox
248 255 0.013809327 ubox
248 256 0.023752396 ubox
248 257 0.110911245 ubox
248 258 0.150368330 ubox
248 259 0.301755380 ubox
248 275 0.029243305 ubox
248 276 0.064492116 ubox
248 289 0.074869223 ubox
248 292 0.015769655 ubox
248 298 0.101937025 ubox
248 301 0.009742329 ubox
248 390 0.006284601 ubox
248 412 0.005908892 ubox
249 254 0.015103264 ubox
249 255 0.020570698 ubox
249 256 0.113445841 ubox
249 257 0.215411061 ubox
249 258 0.185242825 ubox
249 259 0.208786782 ubox
249 262 0.003440101 ubox
249 274 0.026238158 ubox
249 275 0.062081300 ubox
249 288 0.047367995 ubox
249 291 0.016701331 ubox
249 292 0.042916354 ubox
249 297 0.086734992 ubox
249 300 0.008753538 ubox
249 301 0.003321645 ubox
249 389 0.005289548 ubox
250 255 0.114679849 ubox
250 256 0.235723107 ubox
250 258 0.282577692 ubox
250 261 0.003668539 ubox
250 289 0.051925531 ubox
250 291 0.045864691 ubox
250 300 0.003851344 ubox
250 389 0.003964005 ubox
251 255 0.210326688 ubox
251 257 0.281056139 ubox
251 258 0.007195398 ubox
251 259 0.004586691 ubox
251 275 0.292838640 ubox
251 276 0.446121702 ubox
251 288 0.045019699 ubox
251 289 0.086424852 ubox
251 298 0.003532872 ubox
251 388 0.003411996 ubox
252 256 0.247620915 ubox
252 257 0.013216749 ubox
252 258 0.005745507 ubox
252 259 0.004152873 ubox
252 274 0.281090042 ubox
252 275 0.494863652 ubox
252 276 0.063156004 ubox
252 287 0.034768422 ubox
252 288 0.147941507 ubox
252 289 0.004487627 ubox
252 297 0.003307229 ubox
252 298 0.003476663 ubox
252 415 0.005020590 ubox
253 257 0.006252459 ubox
253 258 0.004634331 ubox
253 274 0.493895157 ubox
253 275 0.062050327 ubox
253 287 0.167678260 ubox
253 288 0.005445283 ubox
253 297 0.003731993 ubox
253 349 0.003877693 ubox
253 414 0.005441213 ubox
254 269 0.099656580 ubox
254 272 0.765154791 ubox
254 273 0.385940925 ubox
254 282 0.003584318 ubox
254 286 0.171674129 ubox
254 296 0.003234705 ubox
254 346 0.004056526 ubox
254 413 0.005473958 ubox
255 267 0.003699619 ubox
255 268 0.120134046 ubox
255 269 0.007293399 ubox
255 270 0.005376917 ubox
255 271 0.847018375 ubox
255 272 0.232931956 ubox
255 278 0.007620024 ubox
255 281 0.004102976 ubox
255 285 0.172052752 ubox
255 286 0.011570255 ubox
255 345 0.004533980 ubox
255 348 0.032625948 ubox
255 405 0.017145337 ubox
255 411 0.011370947 ubox
256 266 0.003829869 ubox
256 267 0.120276446 ubox
256 268 0.009699551 ubox
256 269 0.005010295 ubox
256 270 0.848169303 ubox
256 271 0.230069753 ubox
256 272 0.003174799 ubox
256 273 0.033535682 ubox
256 277 0.007636780 ubox
256 280 0.004079132 ubox
256 283 0.143869490 ubox
256 285 0.014190233 ubox
256 344 0.004436104 ubox
256 347 0.032839064 ubox
256 404 0.017416193 ubox
256 410 0.011426697 ubox
257 265 0.006285843 ubox
257 266 0.119104216 ubox
257 269 0.847854204 ubox
257 272 0.037180725 ubox
257 282 0.144001784 ubox
257 346 0.032756228 ubox
257 403 0.017404240 ubox
257 409 0.011425707 ubox
258 265 0.080483923 ubox
258 266 0.023944139 ubox
258 267 0.349826255 ubox
258 268 0.766733263 ubox
258 270 0.223931500 ubox
258 271 0.037910898 ubox
258 281 0.141318743 ubox
258 283 0.097576443 ubox
258 285 0.003544968 ubox
258 342 0.003752233 ubox
258 345 0.031503090 ubox
258 347 0.004125319 ubox
258 402 0.017317225 ubox
258 408 0.011376013 ubox
259 265 0.067319377 ubox
259 266 0.483467159 ubox
259 269 0.220424045 ubox
259 272 0.003374389 ubox
259 282 0.096398334 ubox
259 341 0.003669977 ubox
259 346 0.004097528 ubox
259 401 0.017186758 ubox
260 264 0.067401054 ubox
260 279 0.135501882 ubox
260 343 0.004825506 ubox
260 398 0.005693987 ubox
260 400 0.016141029 ubox
260 406 0.011059330 ubox
261 267 0.179172795 ubox
261 268 0.232933843 ubox
261 269 0.008601112 ubox
261 270 0.007146993 ubox
261 271 0.011084665 ubox
261 272 0.005375134 ubox
261 278 0.141459835 ubox
261 281 0.109814349 ubox
261 305 0.017218686 ubox
261 342 0.004838389 ubox
261 345 0.007997629 ubox
261 397 0.007179553 ubox
261 399 0.013703756 ubox
261 405 0.011218004 ubox
262 266 0.117547626 ubox
262 267 0.233220539 ubox
262 268 0.012763632 ubox
262 269 0.005977048 ubox
262 270 0.011265049 ubox
262 271 0.006922086 ubox
262 277 0.140763076 ubox
262 280 0.111415114 ubox
262 304 0.017525957 ubox
262 338 0.003791507 ubox
262 341 0.003185734 ubox
262 344 0.008846701 ubox
262 396 0.007296972 ubox
262 404 0.011184571 ubox
263 279 0.111387513 ubox
263 303 0.017547836 ubox
263 337 0.003797111 ubox
263 343 0.008799177 ubox
263 395 0.007220472 ubox
264 302 0.017473408 ubox
265 275 0.028013463 ubox
265 276 0.037644779 ubox
265 301 0.015564649 ubox
265 394 0.003934836 ubox
266 274 0.027182206 ubox
266 275 0.041580539 ubox
266 300 0.013825914 ubox
266 301 0.003698454 ubox
266 393 0.003959888 ubox
267 300 0.005108960 ubox
267 392 0.003936753 ubox
269 292 0.004980838 ubox
269 301 0.007768128 ubox
269 390 0.003622990 ubox
270 291 0.005890075 ubox
270 300 0.008938702 ubox
270 389 0.003646045 ubox
271 289 0.021505730 ubox
272 288 0.022471547 ubox
272 298 0.013995760 ubox
272 301 0.014809265 ubox
273 287 0.022926143 ubox
273 297 0.018595415 ubox
273 300 0.019534395 ubox
273 303 0.004612007 ubox
274 286 0.022333830 ubox
274 296 0.019134433 ubox
274 299 0.019253199 ubox
274 302 0.004917929 ubox
274 403 0.017671581 ubox
275 341 0.003918693 ubox
275 402 0.021441267 ubox
275 403 0.006448842 ubox
276 290 0.008055978 ubox
276 340 0.004476091 ubox
276 401 0.022484850 ubox
276 402 0.006891330 ubox
277 289 0.009062962 ubox
277 339 0.004036070 ubox
277 364 0.004035337 ubox
277 400 0.020904885 ubox
278 291 0.049145267 ubox
278 294 0.042851086 ubox
278 300 0.010703097 ubox
278 303 0.004661813 ubox
278 339 0.005353445 ubox
278 343 0.006339781 ubox
278 363 0.004130813 ubox
278 400 0.016388554 ubox
279 290 0.053736297 ubox
279 293 0.045236046 ubox
279 295 0.227553666 ubox
279 304 0.032432781 ubox
279 338 0.005893334 ubox
279 342 0.005933592 ubox
279 344 0.003419040 ubox
279 351 0.003435877 ubox
279 362 0.004128842 ubox
279 396 0.006598670 ubox
279 399 0.018509858 ubox
279 401 0.004806008 ubox
280 289 0.054295787 ubox
280 294 0.231676115 ubox
280 303 0.033039990 ubox
280 337 0.005807953 ubox
280 343 0.003426457 ubox
280 350 0.003415789 ubox
280 395 0.006559228 ubox
280 400 0.005199580 ubox
281 289 0.028393008 ubox
281 350 0.006242124 ubox
282 288 0.029002122 ubox
282 292 0.368690479 ubox
282 301 0.060484494 ubox
282 349 0.006368887 ubox
282 415 0.016365475 ubox
283 291 0.385289779 ubox
283 300 0.063608685 ubox
283 303 0.013113556 ubox
283 414 0.017205872 ubox
284 290 0.384771705 ubox
284 299 0.061591928 ubox
284 302 0.012810591 ubox
284 401 0.005978131 ubox
284 413 0.016251114 ubox
285 289 0.379891403 ubox
285 350 0.016354670 ubox
285 400 0.006849220 ubox
286 297 0.047512451 ubox
286 300 0.010506470 ubox
286 349 0.021549872 ubox
287 296 0.040625469 ubox
287 299 0.010149071 ubox
287 353 0.091971191 ubox
287 354 0.006545387 ubox
287 402 0.020028389 ubox
287 403 0.013601977 ubox
288 296 0.068797414 ubox
288 306 0.007990790 ubox
288 311 0.003916191 ubox
288 346 0.144558975 ubox
288 352 0.123507772 ubox
288 353 0.005885308 ubox
288 401 0.022008315 ubox
288 402 0.014642118 ubox
288 403 0.006703098 ubox
288 409 0.008941968 ubox
289 295 0.079652139 ubox
289 299 0.011514599 ubox
289 302 0.007397719 ubox
289 304 0.020129512 ubox
289 305 0.009970225 ubox
289 308 0.003980533 ubox
289 310 0.005069418 ubox
289 344 0.764973266 ubox
289 345 0.120132116 ubox
289 351 0.131297283 ubox
289 357 0.011176623 ubox
289 399 0.070948742 ubox
289 401 0.010169122 ubox
289 402 0.004259231 ubox
289 407 0.031221206 ubox
289 408 0.008316900 ubox
290 294 0.074144816 ubox
290 297 0.008583196 ubox
290 298 0.012120630 ubox
290 301 0.007780707 ubox
290 303 0.019996142 ubox
290 307 0.004763001 ubox
290 309 0.005160370 ubox
290 343 0.772327166 ubox
290 349 0.123870289 ubox
290 350 0.124181032 ubox
290 356 0.011621945 ubox
290 398 0.070352682 ubox
290 400 0.008568998 ubox
290 406 0.031346593 ubox
291 296 0.008481092 ubox
291 302 0.012304765 ubox
291 306 0.005022780 ubox
291 308 0.005144435 ubox
291 341 0.130004166 ubox
291 342 0.770791624 ubox
291 347 0.394234706 ubox
291 348 0.106121564 ubox
291 355 0.011652992 ubox
291 361 0.003978352 ubox
291 397 0.067678356 ubox
291 399 0.009086715 ubox
291 402 0.031000340 ubox
291 403 0.003239655 ubox
291 404 0.005428893 ubox
291 405 0.029691822 ubox
292 340 0.561140935 ubox
292 341 0.545577417 ubox
292 346 0.400175344 ubox
292 354 0.011225471 ubox
292 360 0.004016181 ubox
292 401 0.039274886 ubox
292 403 0.006576773 ubox
293 300 0.062418426 ubox
293 303 0.029572789 ubox
293 339 0.782394067 ubox
293 343 0.060939353 ubox
293 359 0.004026399 ubox
293 400 0.040551899 ubox
294 299 0.042928960 ubox
294 302 0.024011383 ubox
294 304 0.117885233 ubox
294 313 0.007038019 ubox
294 338 0.783011663 ubox
294 340 0.014650092 ubox
294 342 0.060541728 ubox
294 344 0.480582046 ubox
294 351 0.012363816 ubox
294 358 0.003421199 ubox
294 396 0.003768159 ubox
294 399 0.036515717 ubox
295 303 0.123624765 ubox
295 312 0.007006461 ubox
295 337 0.781337237 ubox
295 339 0.014685830 ubox
295 343 0.483183117 ubox
295 350 0.012444527 ubox
295 395 0.003783733 ubox
296 303 0.015836739 ubox
296 307 0.003377161 ubox
296 312 0.004582609 ubox
296 337 0.017896894 ubox
296 349 0.012291745 ubox
297 302 0.021657510 ubox
297 306 0.004328872 ubox
297 311 0.008589079 ubox
297 336 0.035311081 ubox
297 341 0.471910661 ubox
297 402 0.007910036 ubox
298 310 0.009264736 ubox
298 336 0.015023003 ubox
298 340 0.516452386 ubox
298 360 0.004611534 ubox
298 401 0.009418469 ubox
299 309 0.009330170 ubox
299 312 0.003310779 ubox
299 335 0.003617045 ubox
299 337 0.006077383 ubox
299 339 0.517436084 ubox
299 343 0.020424818 ubox
299 359 0.004779936 ubox
299 400 0.009519401 ubox
300 306 0.003851796 ubox
300 308 0.009314696 ubox
300 311 0.007750636 ubox
300 336 0.014644253 ubox
300 338 0.517073245 ubox
300 341 0.023624496 ubox
300 342 0.024397610 ubox
300 347 0.003483041 ubox
300 358 0.004867773 ubox
300 399 0.009514005 ubox
300 402 0.003385228 ubox
301 310 0.009069745 ubox
301 336 0.016869579 ubox
301 340 0.027743924 ubox
301 341 0.022519764 ubox
301 346 0.003427800 ubox
301 357 0.004869663 ubox
301 401 0.003946818 ubox
302 309 0.009229785 ubox
302 333 0.004375531 ubox
302 335 0.003791711 ubox
302 337 0.484806069 ubox
302 339 0.028446282 ubox
302 356 0.004844642 ubox
302 398 0.003719664 ubox
302 400 0.003974480 ubox
303 308 0.009198451 ubox
303 332 0.005163015 ubox
303 336 0.950802710 ubox
303 338 0.023466884 ubox
303 355 0.004746176 ubox
303 397 0.003676350 ubox
303 399 0.003871899 ubox
304 331 0.005150406 ubox
304 335 0.975629162 ubox
304 337 0.017719124 ubox
305 334 0.981553834 ubox
305 335 0.006343278 ubox
306 331 0.014696776 ubox
306 333 0.991670759 ubox
306 334 0.003935582 ubox
307 330 0.017315456 ubox
307 332 0.997536605 ubox
308 329 0.018029640 ubox
308 331 0.999613926 ubox
308 371 0.003863881 ubox
309 328 0.016763428 ubox
309 330 0.998059864 ubox
309 370 0.003848705 ubox
310 329 0.922116490 ubox
310 369 0.003531761 ubox
311 329 0.026986139 ubox
312 327 0.993843499 ubox
312 328 0.023520931 ubox
312 330 0.004382602 ubox
313 326 0.935560955 ubox
313 329 0.005216860 ubox
314 325 0.872696945 ubox
314 326 0.352852711 ubox
314 365 0.006099924 ubox
315 324 0.804175575 ubox
315 325 0.488121220 ubox
315 364 0.006234155 ubox
316 324 0.593205102 ubox
316 325 0.003588651 ubox
316 363 0.006332836 ubox
317 323 0.676009917 ubox
317 362 0.006428612 ubox
318 322 0.658001651 ubox
318 361 0.006427735 ubox
319 360 0.006291711 ubox
320 358 0.005018898 ubox
321 357 0.004872539 ubox
323 356 0.003762037 ubox
324 353 0.004579846 ubox
324 355 0.003786463 ubox
325 352 0.006177086 ubox
326 351 0.006942699 ubox
327 350 0.006953697 ubox
328 349 0.006936404 ubox
329 348 0.006911782 ubox
333 346 0.007349856 ubox
334 345 0.008023673 ubox
335 344 0.008241293 ubox
336 343 0.008822808 ubox
337 342 0.009340248 ubox
337 344 0.079120551 ubox
337 351 0.005707920 ubox
337 401 0.013116606 ubox
338 343 0.080549117 ubox
338 350 0.005797474 ubox
338 400 0.014595056 ubox
339 399 0.014619535 ubox
340 398 0.014121554 ubox
342 400 0.015660110 ubox
342 428 0.003302264 ubox
343 351 0.020292992 ubox
343 396 0.007571104 ubox
343 399 0.015726842 ubox
343 401 0.020890516 ubox
343 427 0.003328639 ubox
344 350 0.020704697 ubox
344 395 0.007486692 ubox
344 400 0.022719495 ubox
344 426 0.003313405 ubox
345 395 0.004381416 ubox
346 394 0.003994903 ubox
347 364 0.003334759 ubox
348 363 0.004113105 ubox
348 371 0.007360621 ubox
348 384 0.003292608 ubox
348 414 0.005780160 ubox
348 423 0.036876055 ubox
348 426 0.013337736 ubox
349 367 0.014831158 ubox
349 370 0.007203983 ubox
349 375 0.007664419 ubox
349 379 0.024859918 ubox
349 383 0.003312168 ubox
349 402 0.039038946 ubox
349 403 0.007959493 ubox
349 409 0.005767347 ubox
349 413 0.005750490 ubox
349 421 0.058784653 ubox
349 422 0.026413979 ubox
349 425 0.017825804 ubox
350 360 0.023703682 ubox
350 366 0.018977419 ubox
350 374 0.008897965 ubox
350 378 0.027806497 ubox
350 382 0.003319322 ubox
350 396 0.931560713 ubox
350 401 0.049759639 ubox
350 402 0.003206157 ubox
350 408 0.006360188 ubox
350 420 0.070305794 ubox
350 421 0.004504768 ubox
350 424 0.019151953 ubox
351 359 0.024790226 ubox
351 365 0.019310468 ubox
351 395 0.930505217 ubox
351 400 0.050703443 ubox
351 419 0.070439502 ubox
351 423 0.019034930 ubox
352 364 0.018675563 ubox
352 372 0.003571868 ubox
352 377 0.028390558 ubox
352 393 0.004206384 ubox
352 394 0.758877311 ubox
352 395 0.139686999 ubox
352 418 0.067461438 ubox
353 363 0.015043108 ubox
353 365 0.004070514 ubox
353 371 0.003586216 ubox
353 376 0.029546706 ubox
353 377 0.004952060 ubox
353 389 0.003807234 ubox
353 393 0.537635351 ubox
353 394 0.568245132 ubox
353 395 0.005789389 ubox
353 415 0.003386428 ubox
353 418 0.004023977 ubox
353 419 0.004678217 ubox
354 364 0.005961046 ubox
354 365 0.004885947 ubox
354 372 0.014190403 ubox
354 376 0.005278231 ubox
354 388 0.004641194 ubox
354 390 0.014514809 ubox
354 392 0.097266507 ubox
354 393 0.793949479 ubox
354 394 0.007847758 ubox
354 415 0.059697878 ubox
354 418 0.005374869 ubox
355 363 0.008103174 ubox
355 364 0.005832919 ubox
355 371 0.014800614 ubox
355 384 0.024166539 ubox
355 389 0.016373509 ubox
355 392 0.959403729 ubox
355 414 0.061003248 ubox
356 366 0.020090594 ubox
356 370 0.013995088 ubox
356 373 0.052304487 ubox
356 383 0.023547947 ubox
356 385 0.011462391 ubox
356 391 0.963485225 ubox
356 401 0.012655377 ubox
356 413 0.060655871 ubox
357 364 0.008509865 ubox
357 365 0.021848861 ubox
357 369 0.012109136 ubox
357 372 0.055837416 ubox
357 384 0.008818573 ubox
357 390 0.963805996 ubox
357 393 0.072690760 ubox
357 400 0.003564533 ubox
357 412 0.058779103 ubox
357 415 0.029512539 ubox
358 363 0.011283813 ubox
358 364 0.023188405 ubox
358 371 0.056101517 ubox
358 381 0.022761105 ubox
358 384 0.071864763 ubox
358 389 0.962614565 ubox
358 392 0.078437992 ubox
358 400 0.105943222 ubox
358 414 0.030210621 ubox
359 370 0.055491603 ubox
359 373 0.007342203 ubox
359 378 0.015295670 ubox
359 380 0.022985662 ubox
359 382 0.023921126 ubox
359 383 0.097321734 ubox
359 385 0.059403287 ubox
359 387 0.722814924 ubox
359 391 0.079770360 ubox
359 399 0.106924348 ubox
359 407 0.005295889 ubox
359 413 0.030033731 ubox
359 416 0.010013680 ubox
360 369 0.054715645 ubox
360 372 0.007724019 ubox
360 377 0.015084927 ubox
360 384 0.055675493 ubox
360 386 0.696541354 ubox
360 390 0.080178320 ubox
360 398 0.100229995 ubox
360 406 0.005105348 ubox
360 412 0.029227259 ubox
360 415 0.010069966 ubox
361 371 0.007242714 ubox
361 389 0.080154519 ubox
361 414 0.010015638 ubox
362 371 0.006016189 ubox
362 381 0.952467958 ubox
362 384 0.148181318 ubox
362 400 0.026763271 ubox
362 423 0.003600467 ubox
363 370 0.006116444 ubox
363 374 0.006450628 ubox
363 375 0.045940256 ubox
363 379 0.008002091 ubox
363 380 0.970007019 ubox
363 383 0.084512304 ubox
363 397 0.112291198 ubox
363 399 0.026928281 ubox
363 405 0.003234887 ubox
363 408 0.003368072 ubox
363 409 0.030440357 ubox
363 410 0.005362316 ubox
363 411 0.004330271 ubox
363 417 0.003715122 ubox
363 422 0.003698166 ubox
364 373 0.006382421 ubox
364 374 0.051987375 ubox
364 375 0.013120430 ubox
364 378 0.013280452 ubox
364 379 0.971482545 ubox
364 380 0.027212797 ubox
364 382 0.040223973 ubox
364 383 0.014822892 ubox
364 396 0.112736035 ubox
364 397 0.033613696 ubox
364 404 0.003204143 ubox
364 405 0.004046370 ubox
364 407 0.003330926 ubox
364 408 0.031695638 ubox
364 410 0.004237865 ubox
364 411 0.004063885 ubox
364 416 0.003615663 ubox
364 417 0.023305960 ubox
364 421 0.003768568 ubox
365 373 0.052316298 ubox
365 374 0.015235363 ubox
365 378 0.973042086 ubox
365 379 0.007155802 ubox
365 382 0.007114304 ubox
365 385 0.007088818 ubox
365 387 0.037607560 ubox
365 396 0.033729292 ubox
365 404 0.004032236 ubox
365 407 0.031703549 ubox
365 410 0.004051770 ubox
365 416 0.023397722 ubox
365 420 0.003793896 ubox
366 372 0.052461454 ubox
366 377 0.968999953 ubox
366 384 0.006064973 ubox
366 386 0.035291717 ubox
366 394 0.112901652 ubox
366 395 0.029733668 ubox
366 406 0.029704251 ubox
366 415 0.016749950 ubox
366 419 0.003771359 ubox
367 371 0.046828634 ubox
367 376 0.931646415 ubox
367 393 0.115526371 ubox
367 394 0.023497994 ubox
367 414 0.003738329 ubox
367 415 0.017402957 ubox
368 384 0.041635291 ubox
368 392 0.116747950 ubox
368 414 0.023991064 ubox
369 382 0.081374732 ubox
369 383 0.030879982 ubox
369 385 0.007730776 ubox
369 391 0.111730668 ubox
369 401 0.009738881 ubox
369 413 0.024156760 ubox
370 376 0.037973230 ubox
370 381 0.094505056 ubox
370 384 0.008792901 ubox
370 388 0.011488989 ubox
370 390 0.098154580 ubox
370 392 0.003508781 ubox
370 398 0.006705605 ubox
370 400 0.010663160 ubox
370 412 0.024130386 ubox
371 375 0.042335829 ubox
371 380 0.098071014 ubox
371 383 0.011199898 ubox
371 387 0.013253315 ubox
371 391 0.006059805 ubox
371 397 0.007109529 ubox
371 399 0.010805497 ubox
371 402 0.018035647 ubox
371 403 0.003445000 ubox
371 404 0.008347776 ubox
371 405 0.003794036 ubox
371 410 0.004408708 ubox
371 411 0.023645430 ubox
372 379 0.092696534 ubox
372 382 0.011651397 ubox
372 385 0.006215225 ubox
372 391 0.096371632 ubox
372 401 0.019048849 ubox
372 402 0.003671768 ubox
372 403 0.008284289 ubox
372 409 0.005739705 ubox
373 381 0.011295648 ubox
373 384 0.005951493 ubox
373 390 0.115284097 ubox
373 393 0.003186511 ubox
373 400 0.018369309 ubox
374 389 0.118649173 ubox
374 392 0.003283993 ubox
374 395 0.018889766 ubox
375 384 0.028154430 ubox
375 386 0.033972370 ubox
375 388 0.114660243 ubox
375 394 0.018718917 ubox
376 383 0.030414283 ubox
376 385 0.030112808 ubox
376 391 0.003393928 ubox
376 402 0.009485593 ubox
376 403 0.003210198 ubox
377 382 0.024051775 ubox
377 385 0.127809118 ubox
377 401 0.010897121 ubox
377 402 0.003626740 ubox
378 384 0.133469639 ubox
378 389 0.019840924 ubox
378 395 0.035758494 ubox
378 400 0.010907301 ubox
378 419 0.006943185 ubox
379 388 0.019683776 ubox
379 390 0.028589037 ubox
379 393 0.055880881 ubox
379 394 0.025359210 ubox
379 415 0.004825190 ubox
379 418 0.006967291 ubox
380 389 0.030460655 ubox
380 392 0.063476691 ubox
380 400 0.020262364 ubox
380 414 0.005072200 ubox
381 387 0.025450888 ubox
381 391 0.064556317 ubox
381 396 0.005708005 ubox
381 399 0.020592317 ubox
381 413 0.004945677 ubox
381 416 0.013658155 ubox
382 386 0.023545625 ubox
382 389 0.003572205 ubox
382 390 0.064954194 ubox
382 393 0.004172735 ubox
382 395 0.005735728 ubox
382 398 0.020039805 ubox
382 412 0.004037378 ubox
382 415 0.014016301 ubox
383 388 0.008559304 ubox
383 389 0.064162386 ubox
383 392 0.004614135 ubox
383 394 0.005643741 ubox
383 406 0.004853522 ubox
383 412 0.004259888 ubox
383 414 0.013919498 ubox
384 391 0.008257590 ubox
384 396 0.019973971 ubox
384 397 0.003816374 ubox
384 405 0.006261812 ubox
384 407 0.007490011 ubox
384 411 0.005356303 ubox
384 413 0.013642551 ubox
384 416 0.003467508 ubox
384 429 0.006874975 ubox
385 390 0.008489100 ubox
385 395 0.019638488 ubox
385 406 0.007471527 ubox
385 412 0.013408379 ubox
385 415 0.003477747 ubox
385 428 0.006822931 ubox
386 391 0.003514531 ubox
386 401 0.003390779 ubox
387 400 0.003723485 ubox
387 414 0.003843918 ubox
387 426 0.010487028 ubox
388 403 0.026507710 ubox
388 409 0.017194425 ubox
388 413 0.003570441 ubox
388 425 0.010544122 ubox
389 402 0.033620920 ubox
389 404 0.006171335 ubox
389 408 0.018201702 ubox
389 410 0.007586398 ubox
389 424 0.010491582 ubox
390 401 0.034813533 ubox
390 403 0.005866561 ubox
390 409 0.007354873 ubox
391 398 0.007571483 ubox
391 400 0.034939932 ubox
391 406 0.016772556 ubox
391 423 0.004144173 ubox
392 397 0.008420015 ubox
392 399 0.034579865 ubox
392 403 0.007652575 ubox
392 404 0.124266345 ubox
392 405 0.013922569 ubox
393 402 0.009443821 ubox
393 403 0.126754672 ubox
393 422 0.011823639 ubox
394 401 0.011383998 ubox
394 402 0.130022698 ubox
394 403 0.007063315 ubox
394 409 0.003354789 ubox
394 421 0.019801493 ubox
394 425 0.011328646 ubox
394 430 0.004955507 ubox
395 401 0.132869974 ubox
395 402 0.007606277 ubox
395 408 0.003948382 ubox
395 420 0.023435974 ubox
395 424 0.015867825 ubox
395 429 0.005699941 ubox
396 400 0.132434792 ubox
396 419 0.023435024 ubox
396 423 0.014160331 ubox
396 428 0.005698593 ubox
397 414 0.018497969 ubox
397 423 0.076612117 ubox
397 426 0.006328373 ubox
398 413 0.016466615 ubox
398 422 0.076452347 ubox
398 425 0.006952432 ubox
399 414 0.057384472 ubox
399 423 0.015261731 ubox
399 428 0.003843567 ubox
400 407 0.079936641 ubox
400 413 0.056165285 ubox
400 416 0.059349748 ubox
400 420 0.081369856 ubox
400 422 0.012575120 ubox
400 424 0.014544813 ubox
400 427 0.003914864 ubox
401 406 0.074447130 ubox
401 412 0.053977028 ubox
401 415 0.060291841 ubox
401 419 0.080916551 ubox
401 423 0.014459396 ubox
401 426 0.003818614 ubox
402 414 0.058629816 ubox
402 415 0.007641681 ubox
402 418 0.069063191 ubox
402 419 0.005779538 ubox
403 414 0.007363545 ubox
403 415 0.051302978 ubox
403 418 0.006804630 ubox
404 414 0.050379142 ubox
405 414 0.084966947 ubox
405 423 0.016958546 ubox
406 413 0.076667977 ubox
406 422 0.016115502 ubox
408 419 0.030737095 ubox
409 415 0.036398751 ubox
409 418 0.030356923 ubox
410 414 0.037780336 ubox
411 423 0.033564172 ubox
411 431 0.004466417 ubox
412 422 0.032938152 ubox
412 430 0.004381641 ubox
413 423 0.006368863 ubox
413 428 0.004240639 ubox
414 422 0.009826857 ubox
414 427 0.004684890 ubox
414 435 0.003860788 ubox
415 421 0.010444434 ubox
415 435 0.005379583 ubox
417 423 0.030022977 ubox
417 426 0.053092553 ubox
417 431 0.330055563 ubox
418 422 0.024145807 ubox
418 425 0.062214834 ubox
418 430 0.332479769 ubox
418 435 0.003592147 ubox
419 424 0.064441268 ubox
419 427 0.045329584 ubox
419 429 0.333300375 ubox
419 434 0.004603692 ubox
420 426 0.046060110 ubox
420 428 0.332936265 ubox
421 432 0.003726621 ubox
422 428 0.003531614 ubox
422 431 0.003613410 ubox
423 427 0.020763814 ubox
423 429 0.011151811 ubox
424 428 0.011292291 ubox
