1 11 0.047591324 ubox
1 13 0.015580098 ubox
1 14 0.069161798 ubox
1 18 0.020761746 ubox
1 24 0.011340375 ubox
1 83 0.016603342 ubox
1 199 0.004276425 ubox
1 221 0.004088170 ubox
1 389 0.003570760 ubox
1 414 0.005213350 ubox
1 419 0.003565960 ubox
1 431 0.015648142 ubox
2 11 0.158718060 ubox
2 13 0.069381440 ubox
2 18 0.066743681 ubox
2 23 0.011368447 ubox
2 45 0.003798410 ubox
2 82 0.016871980 ubox
2 86 0.004541221 ubox
2 205 0.007502898 ubox
2 208 0.003664198 ubox
2 221 0.059784027 ubox
2 400 0.005964345 ubox
2 414 0.011855414 ubox
2 428 0.020075750 ubox
2 431 0.010344582 ubox
3 9 0.043308920 ubox
3 10 0.147769970 ubox
3 15 0.010369458 ubox
3 17 0.067771588 ubox
3 21 0.003414331 ubox
3 22 0.010478644 ubox
3 29 0.003268323 ubox
3 31 0.003922654 ubox
3 42 0.053672859 ubox
3 44 0.003645588 ubox
3 81 0.016686497 ubox
3 85 0.004356915 ubox
3 93 0.003960355 ubox
3 202 0.003715679 ubox
3 204 0.007211702 ubox
3 206 0.009294638 ubox
3 207 0.003641931 ubox
3 220 0.061530486 ubox
3 387 0.005858090 ubox
3 399 0.006089170 ubox
3 413 0.011655305 ubox
3 416 0.289728339 ubox
3 427 0.020184034 ubox
3 429 0.012219350 ubox
3 430 0.007854758 ubox
3 433 0.138471795 ubox
4 8 0.041800774 ubox
4 12 0.117444444 ubox
4 14 0.004398218 ubox
4 19 0.006323990 ubox
4 20 0.004467625 ubox
4 28 0.003165121 ubox
4 30 0.003799252 ubox
4 41 0.053984149 ubox
4 43 0.003327295 ubox
4 84 0.003947350 ubox
4 200 0.004369880 ubox
4 201 0.004015106 ubox
4 205 0.009193598 ubox
4 219 0.061558959 ubox
4 226 0.005380778 ubox
4 386 0.005773673 ubox
4 398 0.005356690 ubox
4 412 0.010875704 ubox
4 415 0.292096913 ubox
4 426 0.018441729 ubox
4 428 0.008421162 ubox
4 432 0.139159280 ubox
5 11 0.122846554 ubox
5 13 0.005312087 ubox
5 14 0.093708213 ubox
5 18 0.006636445 ubox
5 24 0.004525379 ubox
5 40 0.053496514 ubox
5 83 0.004430221 ubox
5 84 0.004664748 ubox
5 199 0.004037763 ubox
5 218 0.061371730 ubox
5 225 0.005568902 ubox
5 414 0.282335953 ubox
5 431 0.135843226 ubox
6 13 0.093952388 ubox
6 23 0.004534515 ubox
6 40 0.007550901 ubox
6 82 0.004447518 ubox
6 83 0.004679663 ubox
6 199 0.008551543 ubox
6 224 0.005578196 ubox
6 384 0.007037339 ubox
6 414 0.087977920 ubox
6 423 0.007630394 ubox
6 426 0.003924587 ubox
6 431 0.023262890 ubox
7 26 0.004506646 ubox
7 38 0.048074664 ubox
7 39 0.009237110 ubox
7 96 0.010732795 ubox
7 198 0.008700395 ubox
7 223 0.005548718 ubox
7 383 0.007061798 ubox
7 413 0.097253450 ubox
7 422 0.007596412 ubox
7 425 0.003443562 ubox
7 430 0.027802119 ubox
7 435 0.004586092 ubox
8 15 0.006382359 ubox
8 25 0.005301804 ubox
8 37 0.052249541 ubox
8 38 0.008515107 ubox
8 93 0.037470904 ubox
8 95 0.023775492 ubox
8 197 0.008487665 ubox
8 202 0.003481295 ubox
8 212 0.006996690 ubox
8 222 0.005439985 ubox
8 245 0.011557904 ubox
8 382 0.006935454 ubox
8 413 0.196005954 ubox
8 421 0.006896857 ubox
8 435 0.006419778 ubox
9 14 0.006197063 ubox
9 19 0.014030971 ubox
9 24 0.005237712 ubox
9 33 0.014420580 ubox
9 34 0.004136811 ubox
9 35 0.004428389 ubox
9 36 0.051512381 ubox
9 75 0.015289652 ubox
9 92 0.027911493 ubox
9 196 0.008161294 ubox
9 201 0.003764629 ubox
9 211 0.006866212 ubox
9 214 0.056499091 ubox
9 221 0.005027321 ubox
9 244 0.012555130 ubox
9 381 0.005613461 ubox
9 412 0.215632361 ubox
9 415 0.009573695 ubox
9 432 0.005425011 ubox
10 18 0.015778587 ubox
10 23 0.004282446 ubox
10 28 0.005257267 ubox
10 30 0.013102860 ubox
10 32 0.017683895 ubox
10 33 0.004805348 ubox
10 34 0.005100585 ubox
10 35 0.048500329 ubox
10 74 0.016781364 ubox
10 92 0.157046606 ubox
10 195 0.006171016 ubox
10 200 0.003464630 ubox
10 205 0.038695287 ubox
10 208 0.016190552 ubox
10 211 0.021668031 ubox
10 213 0.057520219 ubox
10 243 0.012809243 ubox
10 284 0.006861696 ubox
10 381 0.004136762 ubox
10 412 0.044620621 ubox
10 414 0.009968783 ubox
10 431 0.004897477 ubox
11 17 0.016434856 ubox
11 27 0.006312541 ubox
11 29 0.014685207 ubox
11 31 0.018533243 ubox
11 73 0.017040529 ubox
11 78 0.006662996 ubox
11 80 0.011188687 ubox
11 91 0.172883602 ubox
11 94 0.003405384 ubox
11 96 0.004957291 ubox
11 203 0.035469814 ubox
11 204 0.049169724 ubox
11 207 0.024925054 ubox
11 210 0.023002671 ubox
11 212 0.056725670 ubox
11 242 0.012759218 ubox
11 283 0.007414973 ubox
11 347 0.005356997 ubox
11 380 0.005770609 ubox
11 410 0.323833731 ubox
11 411 0.034572330 ubox
11 427 0.003277580 ubox
11 430 0.003607118 ubox
11 435 0.034611125 ubox
12 26 0.006368810 ubox
12 27 0.011936581 ubox
12 72 0.017092255 ubox
12 77 0.006676421 ubox
12 79 0.011279366 ubox
12 90 0.172929051 ubox
12 93 0.003367157 ubox
12 95 0.009189868 ubox
12 202 0.035550894 ubox
12 282 0.007422148 ubox
12 346 0.005449367 ubox
12 375 0.005998427 ubox
12 379 0.005621303 ubox
12 409 0.326895066 ubox
12 430 0.007421712 ubox
12 435 0.684073950 ubox
13 22 0.019766439 ubox
13 25 0.004895040 ubox
13 26 0.012718619 ubox
13 27 0.006974229 ubox
13 71 0.017099294 ubox
13 76 0.006578394 ubox
13 78 0.011209695 ubox
13 89 0.171995576 ubox
13 94 0.009748889 ubox
13 194 0.010094991 ubox
13 203 0.119025941 ubox
13 204 0.176661855 ubox
13 207 0.046737873 ubox
13 210 0.059167089 ubox
13 240 0.012544523 ubox
13 281 0.007422203 ubox
13 345 0.005454797 ubox
13 374 0.006626846 ubox
13 378 0.005299060 ubox
13 408 0.327076394 ubox
13 417 0.010365579 ubox
13 429 0.007672387 ubox
13 430 0.005772722 ubox
13 434 0.885379132 ubox
13 435 0.005615721 ubox
14 21 0.019932051 ubox
14 25 0.012562238 ubox
14 26 0.006490895 ubox
14 29 0.029101999 ubox
14 31 0.040065315 ubox
14 42 0.005838710 ubox
14 70 0.017093644 ubox
14 76 0.009411527 ubox
14 77 0.005144827 ubox
14 88 0.172647733 ubox
14 93 0.009518313 ubox
14 193 0.010394809 ubox
14 202 0.119712415 ubox
14 203 0.178603020 ubox
14 206 0.047840110 ubox
14 209 0.059181530 ubox
14 239 0.013153859 ubox
14 280 0.007374621 ubox
14 344 0.005417420 ubox
14 373 0.007054335 ubox
14 407 0.327008414 ubox
14 416 0.011031792 ubox
14 429 0.006309829 ubox
14 433 0.886613512 ubox
14 434 0.005912741 ubox
15 20 0.018578800 ubox
15 28 0.028801386 ubox
15 30 0.039700301 ubox
15 41 0.005971790 ubox
15 69 0.016145429 ubox
15 75 0.008914385 ubox
15 87 0.172824065 ubox
15 92 0.008942174 ubox
15 192 0.010376227 ubox
15 200 0.079217261 ubox
15 201 0.116568472 ubox
15 205 0.046442966 ubox
15 208 0.057730876 ubox
15 226 0.009539762 ubox
15 238 0.013335730 ubox
15 279 0.006684205 ubox
15 343 0.004734497 ubox
15 372 0.007391925 ubox
15 406 0.310011781 ubox
15 415 0.011025476 ubox
15 432 0.882799165 ubox
16 23 0.003592157 ubox
16 24 0.098859625 ubox
16 40 0.005366233 ubox
16 83 0.009124045 ubox
16 86 0.167223541 ubox
16 191 0.007703694 ubox
16 196 0.011313198 ubox
16 199 0.084268132 ubox
16 225 0.010728116 ubox
16 237 0.013412741 ubox
16 371 0.007579497 ubox
16 414 0.010855855 ubox
16 431 0.870427103 ubox
17 23 0.099296373 ubox
17 40 0.006025762 ubox
17 45 0.004639917 ubox
17 82 0.009347342 ubox
17 86 0.036857595 ubox
17 191 0.011492935 ubox
17 195 0.011612500 ubox
17 199 0.405913599 ubox
17 205 0.139270458 ubox
17 208 0.016286804 ubox
17 221 0.003256462 ubox
17 224 0.010754255 ubox
17 236 0.013332527 ubox
17 371 0.003900432 ubox
17 381 0.008078454 ubox
17 384 0.003179321 ubox
17 400 0.020811333 ubox
17 426 0.003841919 ubox
17 428 0.051986826 ubox
17 431 0.072605978 ubox
18 22 0.089562317 ubox
18 27 0.011138520 ubox
18 39 0.006522203 ubox
18 44 0.004657768 ubox
18 81 0.009040660 ubox
18 85 0.047752453 ubox
18 91 0.003957355 ubox
18 190 0.013424737 ubox
18 194 0.011497087 ubox
18 198 0.302219075 ubox
18 203 0.092996730 ubox
18 204 0.139094823 ubox
18 207 0.017246028 ubox
18 220 0.003349242 ubox
18 223 0.010230630 ubox
18 368 0.009120658 ubox
18 370 0.003517031 ubox
18 374 0.003864835 ubox
18 380 0.008249920 ubox
18 399 0.020781178 ubox
18 402 0.016010787 ubox
18 403 0.225377544 ubox
18 404 0.104364892 ubox
18 410 0.003508214 ubox
18 427 0.050620358 ubox
18 430 0.085263962 ubox
19 26 0.011415213 ubox
19 38 0.006412028 ubox
19 90 0.003951883 ubox
19 189 0.012770462 ubox
19 197 0.214148985 ubox
19 198 0.744578636 ubox
19 202 0.087885083 ubox
19 222 0.009065005 ubox
19 367 0.009173378 ubox
19 373 0.003770882 ubox
19 379 0.007801468 ubox
19 401 0.016573900 ubox
19 402 0.234975792 ubox
19 403 0.099015405 ubox
19 409 0.003295324 ubox
20 25 0.008937331 ubox
20 37 0.005393189 ubox
20 85 0.027943558 ubox
20 89 0.003658147 ubox
20 197 0.901544919 ubox
20 366 0.008945169 ubox
20 401 0.237212693 ubox
20 402 0.082733571 ubox
21 83 0.183894175 ubox
21 84 0.023676223 ubox
21 196 0.943262857 ubox
21 364 0.006468919 ubox
21 365 0.007482734 ubox
21 400 0.236262612 ubox
22 40 0.008320795 ubox
22 45 0.030706556 ubox
22 82 0.185159399 ubox
22 83 0.017677175 ubox
22 104 0.009905965 ubox
22 186 0.009392476 ubox
22 191 0.032033257 ubox
22 195 0.943332143 ubox
22 279 0.008126976 ubox
22 363 0.008293985 ubox
22 364 0.005497291 ubox
22 400 0.063230356 ubox
23 38 0.015373249 ubox
23 39 0.007351053 ubox
23 44 0.030988801 ubox
23 47 0.014540549 ubox
23 77 0.010367860 ubox
23 81 0.185794695 ubox
23 103 0.014644460 ubox
23 185 0.009195652 ubox
23 190 0.032718215 ubox
23 194 0.943333217 ubox
23 207 0.003197013 ubox
23 278 0.008279048 ubox
23 362 0.009678869 ubox
23 397 0.235058820 ubox
23 399 0.059370733 ubox
23 405 0.004377092 ubox
23 434 0.009123304 ubox
24 31 0.020672181 ubox
24 37 0.029588566 ubox
24 38 0.006320490 ubox
24 42 0.039919706 ubox
24 44 0.006362612 ubox
24 46 0.015054104 ubox
24 76 0.012988032 ubox
24 80 0.184985979 ubox
24 100 0.003557121 ubox
24 102 0.014825398 ubox
24 184 0.004309269 ubox
24 187 0.018690438 ubox
24 189 0.032429407 ubox
24 193 0.943243648 ubox
24 206 0.003195416 ubox
24 277 0.008285842 ubox
24 361 0.009654359 ubox
24 396 0.235804095 ubox
24 399 0.014854988 ubox
24 404 0.004363578 ubox
24 433 0.009269015 ubox
25 30 0.020206029 ubox
25 33 0.010960417 ubox
25 34 0.026969368 ubox
25 35 0.026608430 ubox
25 36 0.038193237 ubox
25 41 0.040391787 ubox
25 43 0.006844080 ubox
25 45 0.015121308 ubox
25 75 0.015673077 ubox
25 99 0.003526169 ubox
25 101 0.013627652 ubox
25 186 0.023730323 ubox
25 188 0.035569645 ubox
25 192 0.934638520 ubox
25 276 0.008248168 ubox
25 394 0.006546136 ubox
25 395 0.225126815 ubox
25 398 0.014344812 ubox
25 432 0.006093517 ubox
26 32 0.011275949 ubox
26 33 0.029328388 ubox
26 34 0.029500057 ubox
26 35 0.040935981 ubox
26 36 0.009436083 ubox
26 40 0.037649645 ubox
26 41 0.016907230 ubox
26 74 0.013238598 ubox
26 75 0.013007529 ubox
26 191 0.865111779 ubox
26 192 0.075078183 ubox
26 275 0.008053367 ubox
26 393 0.007891097 ubox
26 394 0.155720750 ubox
26 395 0.010637141 ubox
27 32 0.026948866 ubox
27 33 0.029270624 ubox
27 34 0.039379056 ubox
27 35 0.010709989 ubox
27 40 0.017760237 ubox
27 74 0.015890646 ubox
27 181 0.004675984 ubox
27 183 0.186950355 ubox
27 186 0.414349960 ubox
27 191 0.104990724 ubox
27 274 0.007451087 ubox
27 386 0.005273981 ubox
27 392 0.008932602 ubox
27 393 0.085759629 ubox
27 394 0.008298764 ubox
28 39 0.016907784 ubox
28 52 0.003796311 ubox
28 73 0.015111981 ubox
28 180 0.004793585 ubox
28 182 0.190501664 ubox
28 184 0.782823085 ubox
28 185 0.299255253 ubox
28 273 0.006432955 ubox
28 385 0.006467903 ubox
28 391 0.007828954 ubox
29 40 0.074908325 ubox
29 51 0.004085883 ubox
29 53 0.012793774 ubox
29 86 0.003828513 ubox
29 179 0.004808830 ubox
29 181 0.191005882 ubox
29 183 0.855993937 ubox
29 186 0.159529465 ubox
29 384 0.006491747 ubox
29 392 0.052756618 ubox
30 39 0.072670848 ubox
30 50 0.003827799 ubox
30 52 0.013007914 ubox
30 85 0.003768758 ubox
30 180 0.190784564 ubox
30 182 0.856163370 ubox
30 184 0.164422441 ubox
30 185 0.119145714 ubox
30 383 0.005954897 ubox
30 385 0.007131965 ubox
30 391 0.045497615 ubox
31 40 0.210690327 ubox
31 51 0.013105448 ubox
31 84 0.003506861 ubox
31 179 0.189759174 ubox
31 181 0.856339382 ubox
31 183 0.198032099 ubox
31 186 0.257525776 ubox
31 384 0.008100777 ubox
31 392 0.016901684 ubox
32 38 0.020098508 ubox
32 39 0.207721988 ubox
32 50 0.012283707 ubox
32 73 0.003885740 ubox
32 96 0.005270915 ubox
32 180 0.839814296 ubox
32 182 0.194415100 ubox
32 185 0.257366618 ubox
32 383 0.008001334 ubox
32 391 0.014406249 ubox
33 37 0.017298556 ubox
33 38 0.182077927 ubox
33 39 0.013987204 ubox
33 95 0.005670073 ubox
33 96 0.011051830 ubox
33 184 0.240810432 ubox
33 185 0.024756212 ubox
33 382 0.007406602 ubox
34 38 0.013726714 ubox
34 90 0.010278893 ubox
34 95 0.011455253 ubox
34 96 0.013647307 ubox
34 184 0.024850252 ubox
34 185 0.008920048 ubox
34 403 0.003312337 ubox
35 89 0.011898932 ubox
35 95 0.013030204 ubox
35 96 0.055867388 ubox
35 184 0.009494473 ubox
35 185 0.004489058 ubox
35 402 0.003750617 ubox
36 88 0.012392753 ubox
36 93 0.011555158 ubox
36 95 0.062629885 ubox
36 177 0.073033697 ubox
36 180 0.239145011 ubox
36 182 0.034647301 ubox
36 184 0.004801192 ubox
36 391 0.035697277 ubox
36 401 0.003848874 ubox
37 56 0.003346815 ubox
37 87 0.012313577 ubox
37 92 0.009246120 ubox
37 176 0.047791585 ubox
37 179 0.272754812 ubox
37 181 0.031160068 ubox
37 183 0.004621398 ubox
37 390 0.055137233 ubox
37 400 0.003671389 ubox
38 55 0.005054143 ubox
38 86 0.006496011 ubox
38 99 0.003902996 ubox
38 178 0.243095036 ubox
38 179 0.048015799 ubox
38 389 0.055552234 ubox
39 45 0.012218594 ubox
39 54 0.005950332 ubox
39 56 0.003422711 ubox
39 92 0.096483866 ubox
39 98 0.006699782 ubox
39 176 0.923699562 ubox
39 178 0.021505078 ubox
39 356 0.003864910 ubox
39 388 0.055717771 ubox
39 398 0.003552544 ubox
40 44 0.014068924 ubox
40 78 0.003662350 ubox
40 89 0.011479092 ubox
40 90 0.025866837 ubox
40 91 0.101567140 ubox
40 94 0.005146452 ubox
40 97 0.007754252 ubox
40 175 0.945043415 ubox
40 177 0.005336677 ubox
40 355 0.004206909 ubox
40 361 0.006964703 ubox
40 387 0.055585291 ubox
40 397 0.003607633 ubox
40 404 0.013407764 ubox
41 52 0.014955804 ubox
41 77 0.003623325 ubox
41 88 0.014982624 ubox
41 89 0.035764979 ubox
41 90 0.096999943 ubox
41 93 0.005134186 ubox
41 96 0.007471087 ubox
41 174 0.945074193 ubox
41 354 0.004026172 ubox
41 360 0.007149937 ubox
41 385 0.054213443 ubox
41 401 0.003799037 ubox
41 403 0.013442752 ubox
42 51 0.017021999 ubox
42 53 0.043122869 ubox
42 86 0.016796966 ubox
42 173 0.945222835 ubox
42 359 0.007110525 ubox
42 384 0.054475907 ubox
42 400 0.003893117 ubox
43 50 0.015518354 ubox
43 52 0.043875923 ubox
43 85 0.015693794 ubox
43 172 0.944947795 ubox
43 360 0.005518996 ubox
43 382 0.032262199 ubox
43 383 0.042364653 ubox
43 385 0.004918596 ubox
43 401 0.016053783 ubox
44 51 0.044206964 ubox
44 53 0.012027157 ubox
44 82 0.007383822 ubox
44 84 0.012920674 ubox
44 86 0.225697849 ubox
44 101 0.025104900 ubox
44 171 0.944434207 ubox
44 359 0.006403630 ubox
44 381 0.045547728 ubox
44 384 0.005050486 ubox
44 400 0.016904337 ubox
45 50 0.033411512 ubox
45 52 0.012558830 ubox
45 60 0.006791228 ubox
45 81 0.007489110 ubox
45 85 0.228672096 ubox
45 100 0.025348926 ubox
45 169 0.626754301 ubox
45 170 0.706694233 ubox
45 358 0.006389336 ubox
45 380 0.045105324 ubox
45 383 0.004141165 ubox
45 399 0.016754332 ubox
46 51 0.012701664 ubox
46 54 0.005150792 ubox
46 55 0.060991176 ubox
46 56 0.211509327 ubox
46 59 0.006852116 ubox
46 83 0.010851928 ubox
46 84 0.228802550 ubox
46 99 0.024681300 ubox
46 167 0.013617791 ubox
46 168 0.885414408 ubox
47 53 0.005156010 ubox
47 54 0.061093777 ubox
47 55 0.212955876 ubox
47 56 0.024883241 ubox
47 58 0.006822599 ubox
47 82 0.010765059 ubox
47 83 0.227940659 ubox
47 84 0.031793610 ubox
47 166 0.014789817 ubox
47 167 0.884953797 ubox
47 168 0.327247274 ubox
48 53 0.060793988 ubox
48 54 0.212976447 ubox
48 55 0.025573241 ubox
48 56 0.009551081 ubox
48 82 0.225300869 ubox
48 83 0.037701297 ubox
48 84 0.055968462 ubox
48 162 0.021158013 ubox
48 166 0.881875038 ubox
48 167 0.328978858 ubox
48 168 0.012368111 ubox
49 53 0.210996955 ubox
49 54 0.025598755 ubox
49 55 0.010073219 ubox
49 56 0.008622828 ubox
49 82 0.042046603 ubox
49 83 0.058397527 ubox
49 84 0.004510981 ubox
49 99 0.006215846 ubox
49 151 0.003797060 ubox
49 161 0.029484242 ubox
49 162 0.646605005 ubox
49 166 0.328699223 ubox
49 167 0.012586874 ubox
50 54 0.008974293 ubox
50 55 0.008554040 ubox
50 82 0.059452973 ubox
50 83 0.004244134 ubox
50 98 0.006403809 ubox
50 150 0.003846786 ubox
50 161 0.648786106 ubox
50 166 0.011157388 ubox
51 76 0.033122137 ubox
51 81 0.087764971 ubox
51 97 0.006410712 ubox
51 149 0.003853788 ubox
51 160 0.646035376 ubox
51 163 0.608357093 ubox
51 165 0.012616784 ubox
51 399 0.003340437 ubox
52 74 0.029410409 ubox
52 75 0.028134947 ubox
52 82 0.040142664 ubox
52 123 0.004131091 ubox
52 148 0.003778471 ubox
52 161 0.317427459 ubox
52 162 0.575985739 ubox
52 398 0.003359319 ubox
53 72 0.007351777 ubox
53 73 0.034448708 ubox
53 77 0.061762598 ubox
53 78 0.139421966 ubox
53 79 0.078157978 ubox
53 80 0.059782236 ubox
53 81 0.151351343 ubox
53 122 0.004391566 ubox
53 147 0.003635369 ubox
53 156 0.018495053 ubox
53 157 0.138749846 ubox
53 158 0.161256529 ubox
53 159 0.597980935 ubox
53 160 0.362699535 ubox
53 164 0.028686297 ubox
53 165 0.010746527 ubox
53 397 0.003355601 ubox
54 71 0.009888370 ubox
54 72 0.042153695 ubox
54 76 0.067860719 ubox
54 77 0.139355405 ubox
54 78 0.085150395 ubox
54 79 0.058175241 ubox
54 80 0.151816194 ubox
54 81 0.014631948 ubox
54 121 0.004638962 ubox
54 146 0.003620669 ubox
54 155 0.018777352 ubox
54 156 0.138947616 ubox
54 157 0.154006498 ubox
54 158 0.805368931 ubox
54 159 0.257675308 ubox
54 160 0.314560096 ubox
54 163 0.027867799 ubox
54 164 0.010746277 ubox
54 165 0.003232661 ubox
54 396 0.003288090 ubox
55 70 0.009879962 ubox
55 71 0.043256612 ubox
55 73 0.003273842 ubox
55 76 0.139032098 ubox
55 77 0.084043920 ubox
55 78 0.060773627 ubox
55 79 0.150525182 ubox
55 80 0.014674622 ubox
55 81 0.006003977 ubox
55 145 0.003471708 ubox
55 154 0.025920432 ubox
55 155 0.137678348 ubox
55 156 0.139230617 ubox
55 157 0.913666109 ubox
55 158 0.040838133 ubox
55 159 0.059098444 ubox
55 160 0.032962541 ubox
55 163 0.010039651 ubox
55 164 0.003198241 ubox
55 348 0.006433046 ubox
56 70 0.043079873 ubox
56 72 0.003290849 ubox
56 73 0.170849842 ubox
56 76 0.080915308 ubox
56 77 0.038349463 ubox
56 78 0.147807365 ubox
56 79 0.008649106 ubox
56 80 0.006118342 ubox
56 119 0.009060125 ubox
56 154 0.147182119 ubox
56 155 0.100982306 ubox
56 156 0.918714504 ubox
56 157 0.031420279 ubox
56 158 0.014309750 ubox
56 159 0.037152027 ubox
56 160 0.008346473 ubox
56 347 0.006613516 ubox
57 68 0.008899230 ubox
57 72 0.295980260 ubox
57 73 0.017187632 ubox
57 77 0.122385020 ubox
57 79 0.005215496 ubox
57 118 0.009126427 ubox
57 155 0.921152025 ubox
57 158 0.041017776 ubox
57 159 0.008278046 ubox
57 165 0.031589471 ubox
57 346 0.006656217 ubox
58 67 0.008011791 ubox
58 68 0.044181604 ubox
58 71 0.325753761 ubox
58 72 0.004485093 ubox
58 76 0.066777987 ubox
58 117 0.009142936 ubox
58 143 0.004043829 ubox
58 154 0.919640727 ubox
58 155 0.005663192 ubox
58 156 0.007182715 ubox
58 157 0.042010082 ubox
58 158 0.008222748 ubox
58 160 0.003215445 ubox
58 164 0.032856368 ubox
58 345 0.006665151 ubox
58 362 0.009201343 ubox
59 67 0.053261830 ubox
59 70 0.330897257 ubox
59 71 0.005389910 ubox
59 116 0.009103868 ubox
59 142 0.004080045 ubox
59 149 0.714936506 ubox
59 152 0.603638695 ubox
59 154 0.006639464 ubox
59 156 0.039863546 ubox
59 157 0.008015963 ubox
59 163 0.032873475 ubox
59 344 0.006660961 ubox
59 361 0.009363281 ubox
60 66 0.053447598 ubox
60 69 0.330913919 ubox
60 141 0.004076036 ubox
60 148 0.717210323 ubox
60 151 0.601417301 ubox
60 162 0.032841028 ubox
60 343 0.006608607 ubox
61 65 0.042701895 ubox
61 68 0.301453063 ubox
61 121 0.007156589 ubox
61 147 0.716349865 ubox
61 360 0.010616977 ubox
62 69 0.006680914 ubox
62 104 0.003647475 ubox
62 113 0.006543110 ubox
62 120 0.007995276 ubox
62 132 0.003643069 ubox
62 148 0.331420044 ubox
62 161 0.032424219 ubox
62 224 0.006254670 ubox
62 359 0.010915410 ubox
63 68 0.007897877 ubox
63 73 0.003479869 ubox
63 103 0.003735973 ubox
63 112 0.005226379 ubox
63 119 0.008011681 ubox
63 131 0.003669310 ubox
63 146 0.931410499 ubox
63 147 0.071353938 ubox
63 156 0.009392182 ubox
63 160 0.032535458 ubox
63 223 0.006335173 ubox
63 358 0.010926900 ubox
64 72 0.003448301 ubox
64 112 0.005943220 ubox
64 118 0.007740840 ubox
64 130 0.003602756 ubox
64 145 0.934325087 ubox
64 155 0.011118490 ubox
64 159 0.032277610 ubox
64 222 0.006386164 ubox
64 357 0.010919967 ubox
65 101 0.003899579 ubox
65 111 0.006602483 ubox
65 115 0.007243132 ubox
65 140 0.010206282 ubox
65 144 0.927243330 ubox
65 150 0.003304358 ubox
65 153 0.074836363 ubox
65 221 0.006386463 ubox
65 356 0.010887585 ubox
66 100 0.004874127 ubox
66 114 0.007635143 ubox
66 129 0.003504225 ubox
66 136 0.003196927 ubox
66 139 0.013123885 ubox
66 142 0.670302480 ubox
66 143 0.656223251 ubox
66 149 0.003165446 ubox
66 152 0.075964391 ubox
66 220 0.006386866 ubox
66 355 0.010471656 ubox
67 99 0.005068277 ubox
67 110 0.012844286 ubox
67 113 0.006839319 ubox
67 128 0.003480588 ubox
67 135 0.003182068 ubox
67 138 0.013719755 ubox
67 141 0.937802870 ubox
67 151 0.075979338 ubox
67 218 0.006499322 ubox
67 350 0.003372203 ubox
68 86 0.004323842 ubox
68 98 0.005059909 ubox
68 109 0.014580730 ubox
68 137 0.013730058 ubox
68 140 0.937133399 ubox
68 150 0.075959135 ubox
68 217 0.006501799 ubox
68 349 0.003366446 ubox
69 85 0.008357771 ubox
69 97 0.005002552 ubox
69 108 0.014812359 ubox
69 127 0.003249867 ubox
69 136 0.013790934 ubox
69 139 0.937976748 ubox
69 142 0.018073896 ubox
69 149 0.075958506 ubox
69 216 0.006503613 ubox
69 348 0.003350141 ubox
70 83 0.008325074 ubox
70 84 0.013009801 ubox
70 107 0.014880383 ubox
70 126 0.003482169 ubox
70 135 0.013169577 ubox
70 138 0.937624605 ubox
70 141 0.018149853 ubox
70 148 0.075256988 ubox
70 215 0.005752428 ubox
71 82 0.010342592 ubox
71 83 0.016797686 ubox
71 84 0.014352590 ubox
71 106 0.014891646 ubox
71 126 0.008810305 ubox
71 135 0.020979444 ubox
71 137 0.921571455 ubox
71 138 0.018141532 ubox
71 140 0.014344262 ubox
72 82 0.017530011 ubox
72 83 0.022995293 ubox
72 84 0.006746692 ubox
72 87 0.201706232 ubox
72 105 0.014801810 ubox
72 124 0.042777906 ubox
72 125 0.008197217 ubox
72 133 0.024085926 ubox
72 134 0.040372823 ubox
72 135 0.128913496 ubox
72 137 0.022291272 ubox
72 214 0.004236157 ubox
72 372 0.004159694 ubox
73 82 0.026820813 ubox
73 83 0.010526264 ubox
73 86 0.211820995 ubox
73 104 0.013585208 ubox
73 123 0.047120766 ubox
73 124 0.006155777 ubox
73 128 0.006196156 ubox
73 132 0.020605495 ubox
73 133 0.033377538 ubox
73 134 0.095040739 ubox
73 137 0.005094978 ubox
73 213 0.004186989 ubox
73 371 0.006556560 ubox
74 85 0.154811309 ubox
74 89 0.043848174 ubox
74 90 0.063426761 ubox
74 96 0.003390261 ubox
74 122 0.047976164 ubox
74 127 0.007220817 ubox
74 212 0.004033559 ubox
74 367 0.016022636 ubox
74 370 0.006456207 ubox
74 375 0.003244726 ubox
75 85 0.602270626 ubox
75 88 0.042375999 ubox
75 89 0.066020921 ubox
75 121 0.048213922 ubox
75 127 0.068299656 ubox
75 366 0.018643444 ubox
76 83 0.172073483 ubox
76 84 0.687955749 ubox
76 99 0.016402867 ubox
76 106 0.012561192 ubox
76 107 0.010224122 ubox
76 110 0.004866313 ubox
76 120 0.046831729 ubox
76 126 0.073620455 ubox
76 135 0.083825235 ubox
76 141 0.014762507 ubox
76 365 0.018342613 ubox
77 82 0.156870100 ubox
77 83 0.653692804 ubox
77 84 0.152499022 ubox
77 87 0.119638003 ubox
77 98 0.016024525 ubox
77 105 0.012596234 ubox
77 106 0.003209028 ubox
77 107 0.015616097 ubox
77 109 0.004633098 ubox
77 125 0.071042543 ubox
77 133 0.041750290 ubox
77 134 0.076360875 ubox
77 140 0.009056760 ubox
77 141 0.044696033 ubox
77 364 0.009480387 ubox
77 372 0.006508410 ubox
78 82 0.625774119 ubox
78 83 0.308870542 ubox
78 84 0.054727812 ubox
78 86 0.124674377 ubox
78 99 0.055686457 ubox
78 104 0.012109002 ubox
78 106 0.027594413 ubox
78 107 0.011317458 ubox
78 109 0.004047987 ubox
78 110 0.003245727 ubox
78 126 0.012472053 ubox
78 132 0.043343296 ubox
78 135 0.043742146 ubox
78 140 0.050338518 ubox
78 141 0.012822215 ubox
78 151 0.009841123 ubox
78 168 0.005202324 ubox
78 320 0.003179756 ubox
78 363 0.008359405 ubox
78 365 0.018549321 ubox
78 371 0.006806425 ubox
79 83 0.049584658 ubox
79 87 0.051767389 ubox
79 98 0.055142764 ubox
79 105 0.027695589 ubox
79 106 0.010767000 ubox
79 107 0.006422972 ubox
79 111 0.003998280 ubox
79 125 0.011890543 ubox
79 133 0.036489848 ubox
79 134 0.040869518 ubox
79 140 0.012446068 ubox
79 150 0.009640731 ubox
79 168 0.008339361 ubox
79 319 0.003182285 ubox
79 365 0.038330177 ubox
80 86 0.054449070 ubox
80 104 0.020800561 ubox
80 106 0.009598011 ubox
80 107 0.008343999 ubox
80 110 0.004237947 ubox
80 132 0.036167484 ubox
80 138 0.058038924 ubox
80 141 0.006978847 ubox
80 162 0.004615744 ubox
80 167 0.011125822 ubox
80 168 0.004407093 ubox
80 318 0.003183325 ubox
80 364 0.055672929 ubox
80 365 0.004628030 ubox
81 101 0.012829030 ubox
81 104 0.028041913 ubox
81 106 0.008332608 ubox
81 109 0.004191395 ubox
81 120 0.084924082 ubox
81 132 0.039487867 ubox
81 137 0.059041768 ubox
81 140 0.006951425 ubox
81 148 0.012403956 ubox
81 161 0.004624429 ubox
81 166 0.011150008 ubox
81 167 0.004331174 ubox
81 317 0.003182787 ubox
81 363 0.056116097 ubox
81 364 0.004395392 ubox
81 400 0.008254402 ubox
82 89 0.019537940 ubox
82 90 0.016420830 ubox
82 91 0.115240861 ubox
82 94 0.008781890 ubox
82 95 0.282337682 ubox
82 96 0.015303767 ubox
82 97 0.012853650 ubox
82 100 0.012743484 ubox
82 103 0.036109219 ubox
82 108 0.003969259 ubox
82 118 0.065982751 ubox
82 119 0.085478312 ubox
82 131 0.039238423 ubox
82 136 0.062212579 ubox
82 139 0.006855709 ubox
82 147 0.020840547 ubox
82 156 0.004376045 ubox
82 160 0.004168147 ubox
82 165 0.011174113 ubox
82 362 0.056253812 ubox
82 399 0.008525856 ubox
82 405 0.007416850 ubox
83 88 0.024148191 ubox
83 89 0.020606240 ubox
83 90 0.112689227 ubox
83 91 0.108960973 ubox
83 93 0.022101885 ubox
83 94 0.374564972 ubox
83 95 0.016883895 ubox
83 96 0.009468560 ubox
83 97 0.015047342 ubox
83 102 0.036012889 ubox
83 103 0.027174764 ubox
83 117 0.111143557 ubox
83 118 0.011673586 ubox
83 130 0.023934155 ubox
83 143 0.003819645 ubox
83 146 0.021009485 ubox
83 155 0.005417330 ubox
83 164 0.011265338 ubox
83 358 0.008135581 ubox
83 361 0.056120436 ubox
83 362 0.004352346 ubox
83 397 0.011811189 ubox
83 404 0.007461279 ubox
84 88 0.013833622 ubox
84 89 0.098916336 ubox
84 90 0.104114237 ubox
84 93 0.543449765 ubox
84 94 0.019885498 ubox
84 95 0.007659815 ubox
84 96 0.012887284 ubox
84 100 0.033446463 ubox
84 102 0.027841613 ubox
84 116 0.111493732 ubox
84 117 0.008432260 ubox
84 129 0.022535786 ubox
84 136 0.009546399 ubox
84 142 0.003839249 ubox
84 145 0.021000328 ubox
84 154 0.006191472 ubox
84 163 0.011232231 ubox
84 357 0.010930822 ubox
84 360 0.051587921 ubox
84 361 0.004477427 ubox
84 396 0.011936670 ubox
84 399 0.073330419 ubox
85 92 0.570674024 ubox
85 98 0.057854636 ubox
85 99 0.021271216 ubox
85 101 0.027509596 ubox
85 115 0.111752708 ubox
85 128 0.020093685 ubox
85 135 0.005066939 ubox
85 141 0.003686343 ubox
85 144 0.021002951 ubox
85 153 0.006207016 ubox
85 161 0.005132447 ubox
85 162 0.008779099 ubox
85 356 0.012349101 ubox
85 359 0.050179608 ubox
85 395 0.011169991 ubox
85 398 0.074284656 ubox
86 91 0.580074914 ubox
86 94 0.044734148 ubox
86 96 0.004800521 ubox
86 97 0.070276281 ubox
86 100 0.026478267 ubox
86 114 0.111693640 ubox
86 127 0.011374705 ubox
86 136 0.015377920 ubox
86 143 0.020900816 ubox
86 152 0.006182881 ubox
86 160 0.007019505 ubox
86 355 0.012395799 ubox
86 358 0.054102536 ubox
86 397 0.074438482 ubox
87 93 0.068341324 ubox
87 95 0.007578099 ubox
87 96 0.071358617 ubox
87 112 0.014457226 ubox
87 127 0.007410480 ubox
87 159 0.006799502 ubox
87 354 0.012016180 ubox
87 357 0.053770617 ubox
88 92 0.061216014 ubox
88 99 0.013657477 ubox
88 111 0.013861932 ubox
88 125 0.014034285 ubox
88 126 0.007444331 ubox
88 135 0.006064083 ubox
88 141 0.009070591 ubox
88 356 0.049745159 ubox
88 394 0.008304039 ubox
88 395 0.084255446 ubox
89 98 0.013452922 ubox
89 110 0.013224831 ubox
89 111 0.100263732 ubox
89 124 0.014127122 ubox
89 125 0.007255744 ubox
89 134 0.006793875 ubox
89 140 0.007905994 ubox
89 393 0.007123474 ubox
89 394 0.121149862 ubox
90 98 0.003387265 ubox
90 109 0.011404023 ubox
90 110 0.100099038 ubox
90 111 0.012693419 ubox
90 123 0.013009476 ubox
90 124 0.006668950 ubox
90 133 0.006838060 ubox
90 137 0.005263799 ubox
90 138 0.007801646 ubox
90 141 0.004915358 ubox
90 393 0.143108577 ubox
91 109 0.099573480 ubox
91 110 0.016101989 ubox
91 113 0.043872891 ubox
91 132 0.006797962 ubox
91 137 0.017589484 ubox
91 140 0.005108459 ubox
91 303 0.003521924 ubox
91 392 0.147993755 ubox
92 112 0.043954394 ubox
92 121 0.009392815 ubox
92 302 0.003548389 ubox
92 357 0.004561155 ubox
92 391 0.147989607 ubox
93 107 0.066648606 ubox
93 111 0.043934984 ubox
93 120 0.008860230 ubox
93 133 0.017635716 ubox
93 138 0.003302215 ubox
93 301 0.003555521 ubox
93 356 0.007152897 ubox
93 390 0.148052796 ubox
94 106 0.067348558 ubox
94 107 0.076238508 ubox
94 110 0.043841155 ubox
94 126 0.006001491 ubox
94 132 0.018231673 ubox
94 135 0.856946183 ubox
94 151 0.005021400 ubox
94 168 0.005834268 ubox
94 300 0.003552305 ubox
94 389 0.148014287 ubox
94 395 0.004594057 ubox
95 105 0.060313936 ubox
95 106 0.076633719 ubox
95 109 0.036246808 ubox
95 125 0.006039797 ubox
95 133 0.042609013 ubox
95 134 0.878795803 ubox
95 135 0.012050848 ubox
95 150 0.004960145 ubox
95 167 0.004196383 ubox
95 168 0.014941648 ubox
95 388 0.134637834 ubox
95 394 0.004505974 ubox
95 432 0.009079839 ubox
96 104 0.049943236 ubox
96 105 0.082421049 ubox
96 107 0.004322069 ubox
96 111 0.005038085 ubox
96 124 0.005612521 ubox
96 132 0.051407143 ubox
96 133 0.905203050 ubox
96 134 0.015806447 ubox
96 167 0.029370835 ubox
96 388 0.006929632 ubox
96 393 0.004283210 ubox
96 432 0.180744937 ubox
97 104 0.087457450 ubox
97 106 0.004812386 ubox
97 109 0.005530746 ubox
97 110 0.005264971 ubox
97 113 0.004736511 ubox
97 128 0.003391826 ubox
97 132 0.907426892 ubox
97 148 0.008999977 ubox
97 166 0.059583565 ubox
97 384 0.088249272 ubox
97 392 0.004201230 ubox
97 426 0.005187799 ubox
97 431 0.192781993 ubox
98 112 0.004745971 ubox
98 122 0.005732611 ubox
98 127 0.003361232 ubox
98 130 0.919261914 ubox
98 147 0.009868866 ubox
98 165 0.066587730 ubox
98 296 0.003477201 ubox
98 352 0.201108747 ubox
98 353 0.013085978 ubox
98 354 0.013941772 ubox
98 383 0.087117816 ubox
98 391 0.003513762 ubox
98 402 0.016107610 ubox
98 425 0.005205679 ubox
98 430 0.193226730 ubox
99 108 0.035671224 ubox
99 114 0.017443988 ubox
99 121 0.006341931 ubox
99 127 0.006997852 ubox
99 129 0.931762112 ubox
99 136 0.015191918 ubox
99 142 0.023531902 ubox
99 146 0.010138975 ubox
99 164 0.069428087 ubox
99 295 0.003604879 ubox
99 351 0.232459306 ubox
99 352 0.012918327 ubox
99 353 0.018104501 ubox
99 360 0.004481651 ubox
99 382 0.085217002 ubox
99 385 0.011827718 ubox
99 401 0.022161597 ubox
99 424 0.005216683 ubox
99 429 0.193519516 ubox
100 107 0.035707935 ubox
100 109 0.048658558 ubox
100 113 0.017524946 ubox
100 120 0.005790214 ubox
100 126 0.007925058 ubox
100 128 0.931835802 ubox
100 135 0.015304898 ubox
100 137 0.007849270 ubox
100 140 0.043349351 ubox
100 141 0.016773675 ubox
100 294 0.003603615 ubox
100 350 0.232544738 ubox
100 359 0.004745518 ubox
100 381 0.084674217 ubox
100 384 0.012151680 ubox
100 400 0.022786362 ubox
100 423 0.005195337 ubox
100 428 0.193516946 ubox
101 108 0.050690735 ubox
101 112 0.017284948 ubox
101 119 0.004067743 ubox
101 121 0.014172407 ubox
101 127 0.931178908 ubox
101 129 0.003643962 ubox
101 136 0.009206363 ubox
101 139 0.047235735 ubox
101 142 0.015616990 ubox
101 163 0.071964193 ubox
101 169 0.013912067 ubox
101 293 0.003567429 ubox
101 351 0.049886144 ubox
101 358 0.003664690 ubox
101 380 0.080001585 ubox
101 383 0.009372042 ubox
101 399 0.022643585 ubox
101 420 0.003756456 ubox
101 427 0.193356851 ubox
102 107 0.050665336 ubox
102 110 0.017993500 ubox
102 120 0.010947535 ubox
102 126 0.930743155 ubox
102 128 0.003684302 ubox
102 135 0.009179792 ubox
102 138 0.047289769 ubox
102 141 0.015717514 ubox
102 162 0.072058939 ubox
102 168 0.014049646 ubox
102 350 0.053836595 ubox
102 364 0.005545502 ubox
102 419 0.003825974 ubox
102 426 0.187717858 ubox
103 109 0.018043176 ubox
103 120 0.919122563 ubox
103 132 0.017594748 ubox
103 137 0.047291426 ubox
103 140 0.015717564 ubox
103 161 0.072050890 ubox
103 167 0.014046436 ubox
103 363 0.005592810 ubox
103 381 0.007373804 ubox
103 423 0.018238421 ubox
103 426 0.010024902 ubox
104 108 0.016273539 ubox
104 119 0.921689872 ubox
104 122 0.010603932 ubox
104 131 0.017812573 ubox
104 136 0.047128644 ubox
104 139 0.015682080 ubox
104 156 0.003817081 ubox
104 159 0.004408942 ubox
104 160 0.071784065 ubox
104 283 0.013090983 ubox
104 347 0.322142768 ubox
104 362 0.004083445 ubox
104 380 0.007468107 ubox
104 410 0.006107119 ubox
104 422 0.007429096 ubox
104 425 0.003354888 ubox
105 118 0.921537467 ubox
105 121 0.009458214 ubox
105 122 0.009837362 ubox
105 130 0.017474828 ubox
105 155 0.004679314 ubox
105 158 0.023215282 ubox
105 159 0.067743294 ubox
105 165 0.014039877 ubox
105 282 0.013233296 ubox
105 346 0.324893296 ubox
105 379 0.007503446 ubox
105 409 0.006160785 ubox
105 421 0.006078608 ubox
106 117 0.921267746 ubox
106 119 0.008739126 ubox
106 121 0.007980534 ubox
106 122 0.117202031 ubox
106 129 0.015806232 ubox
106 130 0.003864783 ubox
106 154 0.005766858 ubox
106 156 0.003668571 ubox
106 157 0.032579117 ubox
106 158 0.062124049 ubox
106 164 0.014136937 ubox
106 207 0.003529072 ubox
106 281 0.013290895 ubox
106 345 0.325393193 ubox
106 378 0.007460271 ubox
106 408 0.006168263 ubox
106 420 0.004819079 ubox
107 114 0.157490810 ubox
107 116 0.906522808 ubox
107 118 0.008536229 ubox
107 121 0.138592025 ubox
107 127 0.010686208 ubox
107 129 0.007955378 ubox
107 136 0.027306392 ubox
107 149 0.040344502 ubox
107 156 0.029895290 ubox
107 157 0.049753474 ubox
107 163 0.014131781 ubox
107 206 0.003553294 ubox
107 280 0.013292993 ubox
107 344 0.325424915 ubox
107 407 0.006166228 ubox
108 113 0.214788256 ubox
108 120 0.142415136 ubox
108 126 0.011434088 ubox
108 128 0.010420184 ubox
108 132 0.050599612 ubox
108 135 0.027530547 ubox
108 137 0.003202414 ubox
108 148 0.045910311 ubox
108 162 0.013950320 ubox
108 205 0.003553441 ubox
108 279 0.013292730 ubox
108 343 0.325418733 ubox
109 117 0.025013969 ubox
109 118 0.015205919 ubox
109 119 0.139898583 ubox
109 127 0.010049999 ubox
109 131 0.048986210 ubox
109 136 0.003435697 ubox
109 147 0.045995316 ubox
109 155 0.020820716 ubox
109 156 0.020549258 ubox
109 157 0.009009896 ubox
109 204 0.003553634 ubox
109 278 0.013290924 ubox
109 342 0.325362772 ubox
109 375 0.007230266 ubox
109 405 0.006159963 ubox
109 417 0.003456756 ubox
110 116 0.026803349 ubox
110 117 0.071598798 ubox
110 118 0.107581770 ubox
110 119 0.020046222 ubox
110 122 0.013138268 ubox
110 130 0.039856056 ubox
110 131 0.055297967 ubox
110 146 0.046100749 ubox
110 154 0.021686304 ubox
110 155 0.014589362 ubox
110 156 0.009742458 ubox
110 160 0.011369848 ubox
110 203 0.003553387 ubox
110 277 0.013255638 ubox
110 341 0.325033806 ubox
110 374 0.007275384 ubox
110 404 0.006159402 ubox
110 416 0.003448679 ubox
111 118 0.024235117 ubox
111 121 0.015002270 ubox
111 130 0.056309422 ubox
111 145 0.046079681 ubox
111 155 0.009028699 ubox
111 159 0.010941467 ubox
111 202 0.003531500 ubox
111 340 0.325237260 ubox
111 373 0.007030062 ubox
111 403 0.006031073 ubox
112 120 0.015152253 ubox
112 123 0.003668883 ubox
112 140 0.003641140 ubox
112 144 0.045867765 ubox
112 150 0.012300005 ubox
112 153 0.021496888 ubox
112 201 0.003164388 ubox
112 339 0.325083797 ubox
112 369 0.004215563 ubox
112 372 0.006001898 ubox
113 119 0.014859357 ubox
113 121 0.016555574 ubox
113 122 0.003440228 ubox
113 129 0.081317765 ubox
113 136 0.004989602 ubox
113 139 0.004556427 ubox
113 142 0.020100761 ubox
113 143 0.041242314 ubox
113 149 0.012498113 ubox
113 152 0.021597732 ubox
113 233 0.007604157 ubox
113 338 0.325364719 ubox
113 368 0.004796902 ubox
113 401 0.005333819 ubox
114 120 0.017416714 ubox
114 128 0.081668991 ubox
114 135 0.005016629 ubox
114 138 0.004691216 ubox
114 141 0.028073300 ubox
114 148 0.012499687 ubox
114 151 0.021461961 ubox
114 224 0.004776447 ubox
114 232 0.009267459 ubox
114 337 0.324649662 ubox
114 400 0.005497550 ubox
115 121 0.009253613 ubox
115 127 0.081582996 ubox
115 147 0.012151011 ubox
115 222 0.004333091 ubox
115 223 0.005312548 ubox
115 228 0.006083681 ubox
115 231 0.009586377 ubox
115 336 0.285105714 ubox
115 366 0.006641546 ubox
116 120 0.010704969 ubox
116 126 0.078266147 ubox
116 138 0.009121105 ubox
116 141 0.034547656 ubox
116 221 0.004834003 ubox
116 225 0.185389663 ubox
116 227 0.006808595 ubox
116 230 0.009864069 ubox
116 237 0.003170435 ubox
116 335 0.226953219 ubox
116 365 0.006918628 ubox
117 126 0.030624984 ubox
117 135 0.006934272 ubox
117 137 0.009052309 ubox
117 138 0.024916721 ubox
117 140 0.034600584 ubox
117 141 0.008206244 ubox
117 224 0.186588675 ubox
117 225 0.021178987 ubox
117 227 0.031065450 ubox
117 229 0.009487832 ubox
117 236 0.003177690 ubox
117 334 0.199612695 ubox
117 335 0.005699739 ubox
117 364 0.006900620 ubox
118 125 0.036264717 ubox
118 133 0.076694098 ubox
118 134 0.006420755 ubox
118 137 0.006464055 ubox
118 138 0.034633917 ubox
118 141 0.008760041 ubox
118 162 0.003755374 ubox
118 219 0.007127221 ubox
118 224 0.019851602 ubox
118 225 0.016450739 ubox
118 226 0.045389678 ubox
118 235 0.003174867 ubox
118 292 0.003526496 ubox
118 301 0.068920817 ubox
118 333 0.118102503 ubox
118 363 0.004447437 ubox
119 128 0.018867896 ubox
119 132 0.081961895 ubox
119 137 0.043752846 ubox
119 140 0.013543494 ubox
119 148 0.003250357 ubox
119 161 0.006692442 ubox
119 218 0.007485302 ubox
119 221 0.261997473 ubox
119 224 0.023630052 ubox
119 225 0.046670787 ubox
119 234 0.003164452 ubox
119 291 0.003744690 ubox
119 294 0.055419619 ubox
119 300 0.073701869 ubox
119 303 0.046276232 ubox
119 331 0.006902764 ubox
119 363 0.005412703 ubox
120 127 0.014390279 ubox
120 129 0.031081382 ubox
120 131 0.080044399 ubox
120 136 0.044357045 ubox
120 139 0.013964616 ubox
120 142 0.007475554 ubox
120 160 0.006754595 ubox
120 220 0.264060631 ubox
120 222 0.003291649 ubox
120 223 0.022856887 ubox
120 277 0.003603965 ubox
120 290 0.003246498 ubox
120 293 0.056516489 ubox
120 299 0.073731261 ubox
120 302 0.046658051 ubox
120 304 0.003536768 ubox
120 330 0.005362316 ubox
120 362 0.005382050 ubox
121 126 0.006750120 ubox
121 128 0.032197858 ubox
121 133 0.004048291 ubox
121 134 0.004754769 ubox
121 135 0.044023315 ubox
121 138 0.013911007 ubox
121 141 0.007439604 ubox
121 218 0.005809355 ubox
121 219 0.262710472 ubox
121 225 0.014942165 ubox
121 226 0.005488422 ubox
121 276 0.003591785 ubox
121 292 0.056201615 ubox
121 298 0.073625752 ubox
121 301 0.046648656 ubox
121 303 0.003272236 ubox
122 128 0.016796464 ubox
122 132 0.004256996 ubox
122 133 0.005095203 ubox
122 134 0.040468734 ubox
122 137 0.007650486 ubox
122 140 0.006113839 ubox
122 217 0.003423992 ubox
122 218 0.258911075 ubox
122 224 0.023631608 ubox
122 225 0.005163893 ubox
122 291 0.055073377 ubox
122 297 0.071137195 ubox
122 300 0.045276568 ubox
123 127 0.014401182 ubox
123 223 0.026171452 ubox
123 290 0.052306639 ubox
123 296 0.063780523 ubox
123 299 0.042602717 ubox
124 222 0.027249388 ubox
124 223 0.005436721 ubox
125 155 0.042905044 ubox
125 165 0.010296909 ubox
125 222 0.005446403 ubox
125 240 0.003249620 ubox
125 286 0.031816445 ubox
125 296 0.042976647 ubox
125 306 0.005823404 ubox
126 136 0.014934890 ubox
126 139 0.005832549 ubox
126 154 0.047022966 ubox
126 164 0.011617521 ubox
126 212 0.007199386 ubox
126 216 0.010995512 ubox
126 220 0.021153998 ubox
126 222 0.003648479 ubox
126 239 0.003616873 ubox
126 285 0.033440018 ubox
126 293 0.041267754 ubox
126 295 0.048401449 ubox
126 304 0.003347806 ubox
126 305 0.007270606 ubox
127 135 0.014846617 ubox
127 137 0.031656788 ubox
127 138 0.004139980 ubox
127 140 0.007544233 ubox
127 150 0.007110884 ubox
127 153 0.047050307 ubox
127 211 0.008010427 ubox
127 215 0.010833097 ubox
127 217 0.296738279 ubox
127 219 0.015093378 ubox
127 238 0.003602070 ubox
127 284 0.027354982 ubox
127 291 0.008475292 ubox
127 292 0.023915475 ubox
127 294 0.045105094 ubox
128 136 0.097891234 ubox
128 139 0.008659835 ubox
128 149 0.007228981 ubox
128 152 0.047065583 ubox
128 163 0.013285897 ubox
128 210 0.008098083 ubox
128 216 0.302539615 ubox
128 228 0.003231513 ubox
128 283 0.025998253 ubox
128 290 0.020349052 ubox
128 293 0.043946999 ubox
128 295 0.007293593 ubox
128 304 0.008361621 ubox
129 135 0.098459710 ubox
129 138 0.008649634 ubox
129 141 0.003165579 ubox
129 148 0.007225498 ubox
129 151 0.047061522 ubox
129 162 0.013230484 ubox
129 215 0.302805677 ubox
129 227 0.004153934 ubox
129 236 0.003620914 ubox
129 289 0.021385473 ubox
129 294 0.007267114 ubox
129 303 0.008364136 ubox
130 134 0.087985480 ubox
130 137 0.006184313 ubox
130 150 0.046420008 ubox
130 162 0.006621580 ubox
130 214 0.290597551 ubox
130 226 0.004841417 ubox
130 235 0.003619571 ubox
130 288 0.019830785 ubox
130 292 0.031239568 ubox
130 301 0.007471068 ubox
131 137 0.014017772 ubox
131 140 0.004585377 ubox
131 148 0.024837919 ubox
131 161 0.018718163 ubox
131 208 0.003845166 ubox
131 225 0.004890292 ubox
131 234 0.003605736 ubox
131 291 0.031261850 ubox
131 300 0.007527413 ubox
132 136 0.016024858 ubox
132 139 0.004542146 ubox
132 146 0.026313179 ubox
132 147 0.014667610 ubox
132 156 0.006947984 ubox
132 160 0.019107083 ubox
132 207 0.003790210 ubox
132 290 0.025177961 ubox
132 299 0.006676950 ubox
133 145 0.026096647 ubox
133 155 0.007039252 ubox
133 159 0.019100658 ubox
133 223 0.004037796 ubox
134 147 0.004649642 ubox
134 155 0.004182813 ubox
134 158 0.019029204 ubox
134 222 0.003793309 ubox
134 286 0.008190579 ubox
135 142 0.033470000 ubox
135 146 0.004571924 ubox
135 149 0.029034780 ubox
135 152 0.034479958 ubox
135 154 0.004276178 ubox
135 157 0.017986373 ubox
135 206 0.008489356 ubox
135 209 0.324441799 ubox
135 285 0.008357505 ubox
136 141 0.033629205 ubox
136 148 0.029069857 ubox
136 151 0.035111556 ubox
136 171 0.004218393 ubox
136 195 0.003657898 ubox
136 205 0.008534697 ubox
136 208 0.325269089 ubox
137 143 0.008987225 ubox
137 146 0.003406007 ubox
137 147 0.028634948 ubox
137 155 0.009409996 ubox
137 156 0.007801042 ubox
137 170 0.004343326 ubox
137 194 0.003677768 ubox
137 204 0.008535456 ubox
137 207 0.325288227 ubox
137 210 0.019232235 ubox
137 281 0.011027481 ubox
138 142 0.008826593 ubox
138 146 0.028129965 ubox
138 149 0.046623926 ubox
138 152 0.015534150 ubox
138 154 0.009516523 ubox
138 155 0.004678009 ubox
138 169 0.004382684 ubox
138 193 0.003680258 ubox
138 203 0.008525457 ubox
138 206 0.325296403 ubox
138 209 0.019621152 ubox
138 280 0.011215232 ubox
139 148 0.046853759 ubox
139 151 0.015545829 ubox
139 168 0.004375286 ubox
139 171 0.003742961 ubox
139 191 0.003943857 ubox
139 199 0.009631779 ubox
139 205 0.325248680 ubox
139 208 0.019626439 ubox
139 279 0.011219316 ubox
140 146 0.003748789 ubox
140 147 0.046223436 ubox
140 164 0.007295348 ubox
140 170 0.003868262 ubox
140 190 0.003959874 ubox
140 194 0.003967828 ubox
140 198 0.017039278 ubox
140 203 0.005858501 ubox
140 204 0.324819697 ubox
140 207 0.019626068 ubox
140 278 0.011218006 ubox
141 145 0.003212594 ubox
141 146 0.044992053 ubox
141 149 0.017944743 ubox
141 152 0.012449454 ubox
141 163 0.008344379 ubox
141 169 0.004363603 ubox
141 189 0.003888817 ubox
141 193 0.004113225 ubox
141 197 0.070331280 ubox
141 202 0.004235797 ubox
141 203 0.317200970 ubox
141 206 0.019615524 ubox
141 277 0.011169965 ubox
142 148 0.018191432 ubox
142 151 0.012661835 ubox
142 162 0.008535059 ubox
142 167 0.028559195 ubox
142 168 0.005143511 ubox
142 196 0.197152030 ubox
142 205 0.016707213 ubox
142 237 0.007159022 ubox
143 161 0.008520362 ubox
143 166 0.028639838 ubox
143 167 0.005107673 ubox
143 195 0.196902243 ubox
143 199 0.145345527 ubox
143 236 0.007159327 ubox
144 165 0.027844266 ubox
144 189 0.008878656 ubox
144 197 0.077216631 ubox
144 198 0.129419799 ubox
144 202 0.023029862 ubox
145 188 0.005957562 ubox
145 192 0.190951976 ubox
145 196 0.099924855 ubox
145 200 0.054822731 ubox
145 201 0.023188130 ubox
145 235 0.006968435 ubox
146 162 0.027323649 ubox
146 191 0.193243676 ubox
146 195 0.102340925 ubox
146 196 0.081196772 ubox
146 199 0.057235040 ubox
146 234 0.006983559 ubox
147 161 0.027410880 ubox
147 188 0.296252338 ubox
147 191 0.006574021 ubox
147 195 0.058719353 ubox
148 160 0.027378390 ubox
148 163 0.010631477 ubox
148 184 0.006200064 ubox
148 187 0.323304093 ubox
148 194 0.022053102 ubox
148 197 0.004520942 ubox
148 233 0.009697952 ubox
149 162 0.010625596 ubox
149 166 0.007958750 ubox
149 183 0.007153499 ubox
149 186 0.323952129 ubox
149 196 0.004622580 ubox
149 232 0.010427892 ubox
150 158 0.025961556 ubox
150 159 0.008191415 ubox
150 165 0.007981770 ubox
150 182 0.005745123 ubox
150 185 0.322786846 ubox
150 231 0.010405058 ubox
151 157 0.026549559 ubox
151 158 0.006899591 ubox
151 163 0.006331335 ubox
151 164 0.006878978 ubox
151 182 0.071382031 ubox
151 184 0.315690290 ubox
152 162 0.007513013 ubox
152 181 0.077292938 ubox
152 183 0.315036694 ubox
152 229 0.010434731 ubox
153 180 0.083204715 ubox
153 182 0.313173962 ubox
153 228 0.010443102 ubox
154 162 0.003884527 ubox
154 179 0.088728403 ubox
154 181 0.311184558 ubox
154 227 0.010445998 ubox
155 161 0.003576994 ubox
155 168 0.008197351 ubox
155 178 0.090185350 ubox
155 226 0.010443680 ubox
156 161 0.003627598 ubox
156 162 0.008956202 ubox
156 167 0.009917076 ubox
156 168 0.005234137 ubox
156 225 0.010439145 ubox
157 161 0.008915049 ubox
157 166 0.009944348 ubox
157 167 0.005274846 ubox
157 179 0.135881510 ubox
157 224 0.010346097 ubox
158 166 0.005194059 ubox
158 178 0.126718863 ubox
158 179 0.024790111 ubox
158 201 0.006762272 ubox
159 178 0.029201739 ubox
159 200 0.007862620 ubox
160 171 0.318302969 ubox
160 173 0.016975889 ubox
160 199 0.007945448 ubox
160 208 0.008019282 ubox
160 221 0.007694400 ubox
161 170 0.320872155 ubox
161 172 0.003247277 ubox
161 175 0.045405831 ubox
161 198 0.007911368 ubox
161 207 0.008233246 ubox
161 220 0.007344762 ubox
162 169 0.320902270 ubox
162 172 0.006728934 ubox
162 174 0.045682631 ubox
162 180 0.004534687 ubox
162 197 0.007945565 ubox
162 206 0.008305314 ubox
162 216 0.004072510 ubox
163 168 0.319696602 ubox
163 171 0.006816474 ubox
163 173 0.045646501 ubox
163 179 0.004362832 ubox
163 196 0.007855916 ubox
163 205 0.008251052 ubox
163 215 0.004058122 ubox
164 179 0.003896645 ubox
164 195 0.007733231 ubox
164 218 0.005551080 ubox
165 171 0.034919428 ubox
165 178 0.004187273 ubox
165 217 0.005536666 ubox
166 170 0.033999856 ubox
166 172 0.005119744 ubox
166 177 0.003880868 ubox
166 194 0.007545611 ubox
166 204 0.005280025 ubox
166 216 0.005460510 ubox
167 175 0.006363895 ubox
167 193 0.007539700 ubox
167 198 0.010952252 ubox
167 203 0.005281379 ubox
167 210 0.005389317 ubox
168 174 0.006435275 ubox
168 197 0.031469666 ubox
168 209 0.005399687 ubox
169 173 0.006416398 ubox
169 196 0.033109916 ubox
169 208 0.005335576 ubox
170 191 0.006100535 ubox
170 195 0.033124793 ubox
171 189 0.005313907 ubox
171 190 0.005948588 ubox
171 194 0.033098848 ubox
171 206 0.005021119 ubox
172 176 0.003635968 ubox
172 178 0.008198945 ubox
172 179 0.006155065 ubox
172 188 0.007940813 ubox
172 205 0.004863956 ubox
173 177 0.007372861 ubox
173 187 0.008044323 ubox
173 193 0.033380309 ubox
173 204 0.004786566 ubox
174 179 0.003314745 ubox
174 186 0.006195324 ubox
174 192 0.033390983 ubox
174 200 0.004458546 ubox
175 181 0.003977814 ubox
175 183 0.004064442 ubox
175 186 0.005322715 ubox
175 191 0.033346829 ubox
175 199 0.004532729 ubox
176 180 0.003741566 ubox
176 182 0.004117723 ubox
176 184 0.004844988 ubox
176 185 0.005384567 ubox
176 189 0.005849028 ubox
176 198 0.004222132 ubox
177 181 0.003839281 ubox
177 183 0.005153098 ubox
177 188 0.005811697 ubox
178 182 0.004293984 ubox
178 185 0.003266540 ubox
179 187 0.012662535 ubox
179 189 0.062927083 ubox
179 220 0.007643268 ubox
179 391 0.008443258 ubox
180 186 0.012464878 ubox
180 188 0.065026776 ubox
180 195 0.004156604 ubox
180 219 0.007617513 ubox
180 390 0.009495443 ubox
181 185 0.005514799 ubox
181 187 0.065373229 ubox
181 189 0.011968138 ubox
181 190 0.005089102 ubox
181 194 0.004529295 ubox
182 186 0.060751295 ubox
182 188 0.013157999 ubox
182 191 0.004141705 ubox
182 217 0.007751497 ubox
182 388 0.010758781 ubox
183 187 0.013227595 ubox
183 189 0.004055779 ubox
183 190 0.009782179 ubox
183 193 0.014353939 ubox
183 202 0.003946387 ubox
183 216 0.007799431 ubox
183 220 0.003423176 ubox
183 387 0.010947830 ubox
184 188 0.006965724 ubox
184 192 0.018311398 ubox
184 201 0.004228346 ubox
184 215 0.007760084 ubox
184 218 0.012376094 ubox
184 386 0.007827204 ubox
185 191 0.032994883 ubox
185 200 0.004379977 ubox
185 214 0.007423980 ubox
185 217 0.026412478 ubox
185 386 0.025433934 ubox
186 190 0.046361952 ubox
186 216 0.028531382 ubox
186 385 0.029059479 ubox
187 199 0.004482991 ubox
187 215 0.028495399 ubox
187 384 0.029614047 ubox
187 392 0.006306017 ubox
188 197 0.035444175 ubox
188 198 0.004154544 ubox
188 202 0.010820152 ubox
188 212 0.003814036 ubox
188 383 0.028792769 ubox
188 391 0.006324614 ubox
189 196 0.046753306 ubox
189 200 0.180498604 ubox
189 201 0.011011364 ubox
189 211 0.003908272 ubox
189 390 0.006321223 ubox
190 195 0.049892169 ubox
190 199 0.185711196 ubox
190 208 0.009738383 ubox
190 381 0.029431144 ubox
190 384 0.006105931 ubox
190 389 0.006045318 ubox
191 198 0.176197254 ubox
191 207 0.009849618 ubox
191 380 0.029612296 ubox
191 383 0.007197298 ubox
192 197 0.148673322 ubox
192 379 0.028741737 ubox
192 382 0.007315493 ubox
193 381 0.007161471 ubox
194 205 0.034251684 ubox
194 208 0.033801306 ubox
195 204 0.036970353 ubox
195 207 0.034428510 ubox
195 246 0.003508493 ubox
195 374 0.026865966 ubox
195 375 0.006843101 ubox
195 379 0.007529747 ubox
195 380 0.003197768 ubox
195 434 0.004417086 ubox
196 202 0.009896949 ubox
196 203 0.037014448 ubox
196 206 0.034551672 ubox
196 245 0.003661747 ubox
196 373 0.027014377 ubox
196 374 0.007143370 ubox
196 378 0.009269620 ubox
196 433 0.004512747 ubox
197 201 0.010943941 ubox
197 205 0.029968867 ubox
197 244 0.003973036 ubox
197 372 0.026370907 ubox
197 377 0.009241628 ubox
197 432 0.004494519 ubox
198 205 0.065827230 ubox
198 208 0.010495740 ubox
198 211 0.010611710 ubox
198 221 0.003848335 ubox
198 243 0.004362169 ubox
198 284 0.003264570 ubox
198 369 0.105823270 ubox
198 371 0.015135547 ubox
198 376 0.005209809 ubox
198 431 0.004363487 ubox
199 204 0.110751747 ubox
199 207 0.023714964 ubox
199 210 0.013190392 ubox
199 216 0.003170648 ubox
199 220 0.006427212 ubox
199 242 0.004479199 ubox
199 283 0.003896364 ubox
199 368 0.138928036 ubox
199 403 0.004247443 ubox
199 404 0.011630411 ubox
199 430 0.010284312 ubox
199 435 0.005013348 ubox
200 222 0.003840971 ubox
200 223 0.004407127 ubox
200 282 0.003733230 ubox
200 367 0.139478200 ubox
200 402 0.004873782 ubox
200 403 0.011603485 ubox
200 435 0.003907602 ubox
201 212 0.007327788 ubox
201 222 0.005410926 ubox
201 366 0.139601760 ubox
201 401 0.004922464 ubox
201 402 0.010589589 ubox
201 435 0.003892945 ubox
202 211 0.007852254 ubox
202 219 0.044334340 ubox
202 221 0.004060199 ubox
202 226 0.050991910 ubox
202 235 0.017331889 ubox
202 238 0.010552056 ubox
202 365 0.139603608 ubox
202 400 0.004304443 ubox
202 432 0.097320648 ubox
203 218 0.046947684 ubox
203 225 0.052366881 ubox
203 230 0.017146588 ubox
203 234 0.017903751 ubox
203 237 0.010978239 ubox
203 364 0.139730809 ubox
203 431 0.104984904 ubox
204 221 0.009160230 ubox
204 224 0.052391018 ubox
204 229 0.017196735 ubox
204 232 0.027781943 ubox
204 234 0.003744528 ubox
204 236 0.010941415 ubox
204 363 0.139708099 ubox
204 400 0.009709022 ubox
204 426 0.005570475 ubox
204 428 0.633081497 ubox
204 431 0.088802351 ubox
205 216 0.086390801 ubox
205 220 0.009458907 ubox
205 222 0.010924333 ubox
205 223 0.048803660 ubox
205 228 0.017154481 ubox
205 231 0.033863229 ubox
205 233 0.004294501 ubox
205 360 0.005136582 ubox
205 362 0.137634440 ubox
205 399 0.009702215 ubox
205 424 0.004601825 ubox
205 425 0.004285721 ubox
205 427 0.641566213 ubox
205 429 0.318042586 ubox
205 430 0.117467998 ubox
206 215 0.087343710 ubox
206 221 0.014794714 ubox
206 225 0.006655547 ubox
206 227 0.017120774 ubox
206 230 0.035452607 ubox
206 359 0.007954182 ubox
206 423 0.004604539 ubox
206 426 0.640038245 ubox
206 428 0.232940112 ubox
207 221 0.047341856 ubox
207 224 0.006721640 ubox
207 229 0.035454503 ubox
207 232 0.014073419 ubox
207 359 0.076553407 ubox
207 363 0.003253392 ubox
207 423 0.006969730 ubox
207 426 0.059991790 ubox
207 428 0.576593510 ubox
207 431 0.022101410 ubox
208 216 0.113310346 ubox
208 220 0.045159992 ubox
208 222 0.009409939 ubox
208 223 0.004961470 ubox
208 228 0.035119378 ubox
208 231 0.016248685 ubox
208 358 0.076174663 ubox
208 360 0.045007319 ubox
208 362 0.003489829 ubox
208 396 0.005935867 ubox
208 422 0.005232179 ubox
208 424 0.624781547 ubox
208 425 0.055691919 ubox
208 427 0.623842192 ubox
208 429 0.163253915 ubox
208 430 0.008108029 ubox
209 215 0.114019671 ubox
209 221 0.010046690 ubox
209 225 0.029656253 ubox
209 227 0.034358136 ubox
209 230 0.016761578 ubox
209 359 0.045672051 ubox
209 395 0.005907588 ubox
209 423 0.610957097 ubox
209 426 0.606995289 ubox
209 428 0.165677731 ubox
210 224 0.031283004 ubox
210 229 0.016776038 ubox
210 300 0.033646289 ubox
210 303 0.007846600 ubox
210 414 0.003187888 ubox
210 423 0.106944728 ubox
210 426 0.210709581 ubox
210 431 0.018006375 ubox
211 222 0.005577054 ubox
211 223 0.029447166 ubox
211 228 0.016677406 ubox
211 299 0.033804660 ubox
211 302 0.007860323 ubox
211 357 0.033473883 ubox
211 360 0.006650591 ubox
211 413 0.003173640 ubox
211 422 0.120722571 ubox
211 425 0.247615808 ubox
211 430 0.018163021 ubox
212 221 0.006804586 ubox
212 224 0.017398099 ubox
212 227 0.015432560 ubox
212 298 0.032195456 ubox
212 301 0.007480619 ubox
212 307 0.008458586 ubox
212 356 0.032912861 ubox
212 359 0.006623665 ubox
212 423 0.526724869 ubox
212 426 0.014228276 ubox
212 431 0.007955386 ubox
213 223 0.016615214 ubox
213 306 0.010046737 ubox
213 353 0.077277236 ubox
213 354 0.017416563 ubox
213 422 0.815050231 ubox
213 425 0.026001949 ubox
213 430 0.010989919 ubox
214 222 0.015163415 ubox
214 223 0.044345286 ubox
214 296 0.034873696 ubox
214 306 0.006819814 ubox
214 352 0.080859492 ubox
214 353 0.017703712 ubox
214 354 0.010575977 ubox
214 402 0.003387777 ubox
214 421 0.842302211 ubox
214 422 0.014799746 ubox
214 425 0.341496974 ubox
214 430 0.007046699 ubox
215 222 0.055907916 ubox
215 290 0.005640681 ubox
215 295 0.036142507 ubox
215 304 0.097049372 ubox
215 305 0.006628823 ubox
215 344 0.005141508 ubox
215 351 0.080732478 ubox
215 352 0.016911910 ubox
215 353 0.008564694 ubox
215 360 0.007967733 ubox
215 401 0.003499867 ubox
215 420 0.845972419 ubox
215 421 0.004143453 ubox
215 424 0.350642792 ubox
215 427 0.094803194 ubox
215 429 0.007064168 ubox
216 221 0.057031973 ubox
216 224 0.020544881 ubox
216 289 0.006408160 ubox
216 291 0.012637900 ubox
216 294 0.035894484 ubox
216 303 0.097707482 ubox
216 343 0.005199615 ubox
216 350 0.080186474 ubox
216 359 0.008191283 ubox
216 400 0.003489154 ubox
216 414 0.007212892 ubox
216 419 0.844276617 ubox
216 423 0.350632348 ubox
216 426 0.095344587 ubox
216 428 0.006759244 ubox
216 431 0.004406062 ubox
217 223 0.020239517 ubox
217 286 0.007149786 ubox
217 290 0.013150792 ubox
217 296 0.011532110 ubox
217 302 0.097116217 ubox
217 346 0.012563871 ubox
217 352 0.006045422 ubox
217 353 0.007547615 ubox
217 354 0.034494861 ubox
217 402 0.003865168 ubox
217 403 0.104082450 ubox
217 409 0.005277438 ubox
217 413 0.008713175 ubox
217 421 0.030485774 ubox
217 422 0.344345433 ubox
217 425 0.095380443 ubox
217 430 0.004796140 ubox
218 222 0.013543011 ubox
218 250 0.004405860 ubox
218 285 0.008933956 ubox
218 295 0.025326838 ubox
218 305 0.006358244 ubox
218 341 0.005330773 ubox
218 345 0.012688305 ubox
218 347 0.022244328 ubox
218 351 0.004050159 ubox
218 352 0.007493685 ubox
218 353 0.042624651 ubox
218 354 0.028509457 ubox
218 355 0.030826978 ubox
218 358 0.006825498 ubox
218 361 0.095708998 ubox
218 401 0.003365117 ubox
218 402 0.125001959 ubox
218 403 0.005093634 ubox
218 404 0.007263528 ubox
218 408 0.005209394 ubox
218 410 0.012416986 ubox
218 420 0.042020384 ubox
218 421 0.272743762 ubox
218 422 0.044085220 ubox
218 424 0.094808887 ubox
218 429 0.004929549 ubox
219 228 0.005549264 ubox
219 249 0.004316795 ubox
219 290 0.040974399 ubox
219 340 0.005709397 ubox
219 346 0.021307674 ubox
219 352 0.043840032 ubox
219 353 0.031509806 ubox
219 354 0.029874643 ubox
219 357 0.006638741 ubox
219 360 0.095983416 ubox
219 401 0.128953600 ubox
219 402 0.004049951 ubox
219 403 0.005535990 ubox
219 409 0.012291088 ubox
219 421 0.071658903 ubox
220 227 0.006332625 ubox
220 289 0.044772036 ubox
220 291 0.009367662 ubox
220 294 0.042374957 ubox
220 300 0.121003406 ubox
220 303 0.013547576 ubox
220 339 0.005799475 ubox
220 343 0.007777667 ubox
220 359 0.096005177 ubox
220 400 0.130249517 ubox
220 414 0.469007771 ubox
220 423 0.053093063 ubox
220 428 0.005277103 ubox
221 277 0.004750897 ubox
221 285 0.045881200 ubox
221 290 0.008309507 ubox
221 293 0.042837423 ubox
221 299 0.122089369 ubox
221 302 0.013551386 ubox
221 338 0.005789717 ubox
221 342 0.007716135 ubox
221 344 0.009732956 ubox
221 351 0.092475422 ubox
221 358 0.085919934 ubox
221 399 0.130016624 ubox
221 407 0.012978852 ubox
221 413 0.457953753 ubox
221 416 0.204697601 ubox
221 420 0.353310446 ubox
221 422 0.014420001 ubox
221 427 0.005249416 ubox
222 276 0.004922284 ubox
222 284 0.043128280 ubox
222 288 0.031096015 ubox
222 289 0.004211270 ubox
222 292 0.041812484 ubox
222 298 0.122767415 ubox
222 301 0.013577047 ubox
222 337 0.005138896 ubox
222 343 0.008620562 ubox
222 350 0.097232117 ubox
222 356 0.007129053 ubox
222 398 0.111300603 ubox
222 406 0.009342401 ubox
222 412 0.323811079 ubox
222 415 0.199175708 ubox
222 419 0.354961893 ubox
222 426 0.004527545 ubox
223 247 0.008792466 ubox
223 254 0.004115379 ubox
223 275 0.004057649 ubox
223 284 0.095893520 ubox
223 287 0.033286147 ubox
223 288 0.003499843 ubox
223 291 0.035083643 ubox
223 297 0.122495521 ubox
223 300 0.012055319 ubox
223 349 0.128331899 ubox
223 356 0.073747282 ubox
223 398 0.042012501 ubox
223 406 0.025390537 ubox
223 412 0.761127379 ubox
223 414 0.113403760 ubox
223 418 0.354656423 ubox
224 246 0.009503758 ubox
224 251 0.108740173 ubox
224 252 0.005349638 ubox
224 278 0.003436093 ubox
224 281 0.012652866 ubox
224 282 0.087465506 ubox
224 283 0.104970395 ubox
224 286 0.032422536 ubox
224 290 0.020954794 ubox
224 293 0.003810736 ubox
224 296 0.122064709 ubox
224 299 0.007106707 ubox
224 305 0.008449111 ubox
224 342 0.004165222 ubox
224 345 0.003603520 ubox
224 348 0.130900021 ubox
224 354 0.006155481 ubox
224 355 0.075526286 ubox
224 397 0.059351015 ubox
224 405 0.028506608 ubox
224 408 0.007693278 ubox
224 409 0.010954165 ubox
224 410 0.021936515 ubox
224 411 0.847275679 ubox
224 413 0.008978792 ubox
224 417 0.354834168 ubox
225 245 0.009210139 ubox
225 246 0.006113347 ubox
225 250 0.134993195 ubox
225 277 0.003229717 ubox
225 280 0.010839548 ubox
225 281 0.121329536 ubox
225 282 0.092937400 ubox
225 283 0.121230321 ubox
225 285 0.027426875 ubox
225 295 0.120821605 ubox
225 304 0.008489335 ubox
225 305 0.003303512 ubox
225 341 0.003443814 ubox
225 344 0.003206820 ubox
225 347 0.130803872 ubox
225 353 0.016845393 ubox
225 354 0.063465271 ubox
225 355 0.005999546 ubox
225 396 0.045292723 ubox
225 404 0.028502732 ubox
225 407 0.007630769 ubox
225 408 0.013819089 ubox
225 409 0.019281038 ubox
225 410 0.847491727 ubox
225 416 0.352843072 ubox
226 245 0.005991437 ubox
226 249 0.136150631 ubox
226 282 0.126499819 ubox
226 286 0.012703510 ubox
226 296 0.007079243 ubox
226 346 0.126744054 ubox
226 352 0.022880980 ubox
226 353 0.055328388 ubox
226 354 0.006507102 ubox
226 403 0.027459941 ubox
226 409 0.844347919 ubox
227 242 0.044580053 ubox
227 248 0.136620684 ubox
227 280 0.390088839 ubox
227 281 0.092002198 ubox
227 285 0.014459031 ubox
227 293 0.039339530 ubox
227 295 0.007797947 ubox
227 344 0.008669607 ubox
227 345 0.070647079 ubox
227 351 0.027112302 ubox
227 352 0.015754885 ubox
227 399 0.021793440 ubox
227 402 0.004565201 ubox
227 407 0.590036626 ubox
227 408 0.596007198 ubox
227 413 0.304276164 ubox
227 416 0.028302680 ubox
228 241 0.045235184 ubox
228 247 0.136941701 ubox
228 279 0.407236387 ubox
228 284 0.014125970 ubox
228 287 0.015609825 ubox
228 289 0.004546082 ubox
228 291 0.003282431 ubox
228 292 0.038192519 ubox
228 294 0.007708687 ubox
228 297 0.004419976 ubox
228 343 0.011731859 ubox
228 349 0.031913311 ubox
228 350 0.018711684 ubox
228 398 0.026055724 ubox
228 406 0.831747696 ubox
228 412 0.304911971 ubox
228 415 0.052846969 ubox
228 418 0.003434245 ubox
229 240 0.045363987 ubox
229 246 0.136993310 ubox
229 251 0.005959875 ubox
229 278 0.414148592 ubox
229 281 0.033282973 ubox
229 283 0.010495200 ubox
229 286 0.016085321 ubox
229 290 0.007755086 ubox
229 293 0.007503969 ubox
229 296 0.004721804 ubox
229 342 0.010025305 ubox
229 345 0.013173225 ubox
229 348 0.035835515 ubox
229 352 0.008881738 ubox
229 397 0.026168908 ubox
229 404 0.011732097 ubox
229 405 0.834966898 ubox
229 408 0.051376631 ubox
229 410 0.004141101 ubox
229 411 0.304579116 ubox
229 417 0.003916698 ubox
230 239 0.045501773 ubox
230 242 0.006799833 ubox
230 245 0.135209011 ubox
230 250 0.008851997 ubox
230 277 0.414354240 ubox
230 280 0.034740351 ubox
230 281 0.003812161 ubox
230 282 0.007831124 ubox
230 285 0.015536598 ubox
230 290 0.020602663 ubox
230 295 0.004928535 ubox
230 341 0.005472480 ubox
230 344 0.014474792 ubox
230 347 0.035783741 ubox
230 351 0.010341824 ubox
230 396 0.025776048 ubox
230 399 0.014613394 ubox
230 401 0.004264752 ubox
230 403 0.011092706 ubox
230 404 0.832618757 ubox
230 407 0.058189550 ubox
230 408 0.005409340 ubox
230 409 0.004901543 ubox
230 410 0.303583124 ubox
230 413 0.065791234 ubox
230 416 0.003924669 ubox
231 238 0.045179968 ubox
231 241 0.007343317 ubox
231 243 0.108306541 ubox
231 244 0.099061182 ubox
231 247 0.003723692 ubox
231 274 0.018801496 ubox
231 276 0.402265912 ubox
231 279 0.035190709 ubox
231 284 0.014474023 ubox
231 287 0.202969501 ubox
231 289 0.019588998 ubox
231 291 0.003221670 ubox
231 292 0.003235557 ubox
231 294 0.004968685 ubox
231 343 0.014357385 ubox
231 349 0.137543148 ubox
231 350 0.009805317 ubox
231 395 0.022196654 ubox
231 398 0.025537529 ubox
231 400 0.135788635 ubox
231 406 0.058965823 ubox
231 412 0.066333457 ubox
231 415 0.003664793 ubox
232 239 0.020905758 ubox
232 240 0.003622391 ubox
232 242 0.143099114 ubox
232 246 0.003873610 ubox
232 248 0.048317952 ubox
232 273 0.024099208 ubox
232 277 0.017736662 ubox
232 278 0.034584063 ubox
232 280 0.013837709 ubox
232 283 0.012590498 ubox
232 285 0.824849362 ubox
232 286 0.048586860 ubox
232 293 0.004554032 ubox
232 342 0.013505776 ubox
232 344 0.011684023 ubox
232 348 0.142748013 ubox
232 351 0.003682088 ubox
232 397 0.022143734 ubox
232 399 0.139650832 ubox
232 401 0.016117972 ubox
232 405 0.054518921 ubox
232 407 0.184067389 ubox
232 411 0.066359644 ubox
233 238 0.020922817 ubox
233 241 0.142974003 ubox
233 243 0.018459644 ubox
233 247 0.052249360 ubox
233 254 0.032100135 ubox
233 274 0.367165342 ubox
233 276 0.017425989 ubox
233 279 0.013661579 ubox
233 284 0.835379227 ubox
233 343 0.011607113 ubox
233 349 0.017269726 ubox
233 350 0.003525480 ubox
233 356 0.003332135 ubox
233 398 0.134696625 ubox
233 400 0.014251948 ubox
233 406 0.183212290 ubox
234 240 0.137693588 ubox
234 242 0.020118512 ubox
234 246 0.052865367 ubox
234 249 0.004839688 ubox
234 250 0.016577289 ubox
234 252 0.020647236 ubox
234 253 0.038295191 ubox
234 270 0.125804384 ubox
234 273 0.406581890 ubox
234 278 0.010351010 ubox
234 283 0.837161727 ubox
234 342 0.011302149 ubox
234 347 0.159397380 ubox
234 348 0.012948056 ubox
234 355 0.003350792 ubox
234 397 0.127355576 ubox
234 399 0.016061149 ubox
234 402 0.005128309 ubox
234 403 0.007093878 ubox
234 404 0.042731049 ubox
234 405 0.178803623 ubox
234 410 0.067466197 ubox
235 245 0.052093276 ubox
235 248 0.008857733 ubox
235 249 0.018989869 ubox
235 251 0.053423989 ubox
235 252 0.059293155 ubox
235 253 0.003201315 ubox
235 269 0.130587331 ubox
235 272 0.411679663 ubox
235 273 0.003419037 ubox
235 282 0.837314719 ubox
235 341 0.010139895 ubox
235 346 0.162686876 ubox
235 354 0.003196356 ubox
235 401 0.005391885 ubox
235 402 0.007973913 ubox
235 403 0.045796403 ubox
235 409 0.069480162 ubox
236 246 0.009359407 ubox
236 248 0.017564485 ubox
236 250 0.058809941 ubox
236 251 0.070138657 ubox
236 252 0.003417730 ubox
236 268 0.131505439 ubox
236 271 0.412460304 ubox
236 278 0.014978413 ubox
236 281 0.837449071 ubox
236 340 0.007014785 ubox
236 342 0.006221587 ubox
236 345 0.163179742 ubox
236 346 0.004021048 ubox
236 347 0.003529989 ubox
236 348 0.041998423 ubox
236 362 0.005334997 ubox
236 397 0.010838653 ubox
236 401 0.006842906 ubox
236 402 0.038383483 ubox
236 403 0.114692038 ubox
236 404 0.109474392 ubox
236 405 0.045406567 ubox
236 408 0.069499344 ubox
237 245 0.007117320 ubox
237 246 0.062431656 ubox
237 249 0.056762872 ubox
237 250 0.075216331 ubox
237 252 0.004038839 ubox
237 267 0.131517010 ubox
237 270 0.412388711 ubox
237 277 0.015858789 ubox
237 280 0.835673068 ubox
237 341 0.006585893 ubox
237 344 0.161634433 ubox
237 345 0.004557476 ubox
237 347 0.042290818 ubox
237 361 0.005399702 ubox
237 396 0.010383773 ubox
237 401 0.025800643 ubox
237 402 0.129831268 ubox
237 403 0.103283893 ubox
237 404 0.048143310 ubox
237 407 0.069317120 ubox
238 245 0.073327784 ubox
238 248 0.055514765 ubox
238 249 0.074157338 ubox
238 251 0.018155634 ubox
238 252 0.014306991 ubox
238 265 0.007450237 ubox
238 266 0.128004751 ubox
238 269 0.398451562 ubox
238 290 0.011193360 ubox
238 340 0.010910735 ubox
238 341 0.003967136 ubox
238 346 0.040147538 ubox
238 360 0.005391367 ubox
238 401 0.134221624 ubox
238 402 0.092540162 ubox
238 403 0.046844743 ubox
239 255 0.029838933 ubox
239 256 0.007264603 ubox
239 262 0.029009397 ubox
239 289 0.012910299 ubox
239 339 0.010891918 ubox
239 359 0.005314247 ubox
239 395 0.006407997 ubox
239 400 0.135424365 ubox
240 254 0.034833673 ubox
240 255 0.007101594 ubox
240 261 0.028501160 ubox
240 274 0.070735484 ubox
240 287 0.005669257 ubox
240 288 0.011950796 ubox
240 291 0.003258332 ubox
240 394 0.005143406 ubox
241 253 0.035825942 ubox
241 260 0.023078941 ubox
241 273 0.072969559 ubox
241 286 0.006212930 ubox
241 290 0.004760434 ubox
241 296 0.003392088 ubox
241 340 0.066312886 ubox
241 401 0.058776214 ubox
242 261 0.065825709 ubox
242 289 0.005048267 ubox
242 291 0.005295013 ubox
242 300 0.003597758 ubox
242 303 0.024462910 ubox
242 337 0.007453547 ubox
242 339 0.066685060 ubox
242 400 0.060455189 ubox
243 249 0.068662760 ubox
243 252 0.078514143 ubox
243 253 0.070371835 ubox
243 260 0.050609716 ubox
243 266 0.049135478 ubox
243 273 0.059391349 ubox
243 290 0.005286071 ubox
243 299 0.003437539 ubox
243 302 0.017743703 ubox
243 336 0.006310314 ubox
243 341 0.004983435 ubox
243 402 0.010677419 ubox
244 248 0.058150789 ubox
244 251 0.085107228 ubox
244 252 0.086623096 ubox
244 260 0.121334571 ubox
244 265 0.050956026 ubox
244 272 0.033448552 ubox
244 302 0.092480035 ubox
244 340 0.004958985 ubox
244 401 0.012278116 ubox
245 256 0.013722390 ubox
245 257 0.022599700 ubox
245 259 0.131057248 ubox
245 262 0.358015370 ubox
245 264 0.037878033 ubox
245 292 0.080668168 ubox
245 301 0.104590263 ubox
245 339 0.004455343 ubox
245 393 0.007386070 ubox
245 400 0.011642734 ubox
245 415 0.005986766 ubox
246 255 0.016300249 ubox
246 256 0.022669593 ubox
246 258 0.130482808 ubox
246 261 0.396171446 ubox
246 291 0.085028682 ubox
246 300 0.105466675 ubox
246 303 0.010248185 ubox
246 337 0.006698943 ubox
246 392 0.007572740 ubox
246 414 0.006555604 ubox
247 260 0.391627836 ubox
247 290 0.084752229 ubox
247 299 0.105188333 ubox
247 302 0.010357957 ubox
247 336 0.004990847 ubox
247 391 0.007512914 ubox
247 413 0.006522896 ubox
248 255 0.014970962 ubox
248 256 0.024748884 ubox
248 257 0.113340046 ubox
248 258 0.154189634 ubox
248 259 0.304302033 ubox
248 275 0.030226104 ubox
248 276 0.065659873 ubox
248 289 0.075604345 ubox
248 292 0.015871732 ubox
248 298 0.103431303 ubox
248 301 0.010137962 ubox
248 390 0.006872433 ubox
248 412 0.006155255 ubox
249 254 0.016371829 ubox
249 255 0.021292949 ubox
249 256 0.116189077 ubox
249 257 0.220311078 ubox
249 258 0.186725467 ubox
249 259 0.210937412 ubox
249 262 0.003727453 ubox
249 274 0.027090213 ubox
249 275 0.063170550 ubox
249 288 0.048106381 ubox
249 291 0.016913747 ubox
249 292 0.043593380 ubox
249 297 0.087749009 ubox
249 300 0.009067954 ubox
249 301 0.003527519 ubox
249 389 0.005758969 ubox
249 390 0.003248035 ubox
250 255 0.117563697 ubox
250 256 0.240646923 ubox
250 258 0.284884872 ubox
250 261 0.003985046 ubox
250 289 0.051971606 ubox
250 291 0.046687499 ubox
250 300 0.004066425 ubox
250 389 0.004343360 ubox
251 255 0.214168928 ubox
251 257 0.283228564 ubox
251 258 0.007849066 ubox
251 259 0.004997973 ubox
251 275 0.291132347 ubox
251 276 0.436560371 ubox
251 288 0.045193537 ubox
251 289 0.087667797 ubox
251 298 0.003690257 ubox
251 388 0.003737154 ubox
252 256 0.247987282 ubox
252 257 0.014168226 ubox
252 258 0.006272262 ubox
252 259 0.004500927 ubox
252 274 0.278977498 ubox
252 275 0.485985585 ubox
252 276 0.064988822 ubox
252 287 0.034949861 ubox
252 288 0.150554401 ubox
252 289 0.004740899 ubox
252 297 0.003450243 ubox
252 298 0.003678422 ubox
252 415 0.005301890 ubox
253 257 0.006762258 ubox
253 258 0.005038645 ubox
253 274 0.485316024 ubox
253 275 0.064033341 ubox
253 287 0.171007868 ubox
253 288 0.005773322 ubox
253 297 0.003948135 ubox
253 349 0.004155525 ubox
253 414 0.005767593 ubox
254 269 0.105045033 ubox
254 272 0.761479032 ubox
254 273 0.378864797 ubox
254 282 0.004064747 ubox
254 286 0.175140256 ubox
254 296 0.003418491 ubox
254 346 0.004470328 ubox
254 413 0.005803330 ubox
255 267 0.003987951 ubox
255 268 0.126812351 ubox
255 269 0.007743604 ubox
255 270 0.005653535 ubox
255 271 0.843261295 ubox
255 272 0.227635940 ubox
255 278 0.008100023 ubox
255 281 0.004632686 ubox
255 285 0.175563683 ubox
255 286 0.012043926 ubox
255 345 0.004984048 ubox
255 348 0.034219769 ubox
255 405 0.018559468 ubox
255 411 0.012159946 ubox
256 266 0.004130820 ubox
256 267 0.126969622 ubox
256 268 0.010306697 ubox
256 269 0.005251940 ubox
256 270 0.844462306 ubox
256 271 0.224665933 ubox
256 272 0.003313999 ubox
256 273 0.034349220 ubox
256 277 0.008120031 ubox
256 280 0.004605760 ubox
256 283 0.146047851 ubox
256 285 0.014860678 ubox
256 344 0.004868929 ubox
256 347 0.034459846 ubox
256 404 0.018872576 ubox
256 410 0.012224871 ubox
257 265 0.006765030 ubox
257 266 0.125659470 ubox
257 269 0.844089899 ubox
257 272 0.038393334 ubox
257 282 0.146194769 ubox
257 286 0.003320979 ubox
257 346 0.034364160 ubox
257 403 0.018858879 ubox
257 409 0.012224026 ubox
258 265 0.083921165 ubox
258 266 0.024720268 ubox
258 267 0.342819428 ubox
258 268 0.765307497 ubox
258 270 0.218372044 ubox
258 271 0.039202303 ubox
258 281 0.143227438 ubox
258 283 0.100839545 ubox
258 285 0.003845715 ubox
258 342 0.004064166 ubox
258 345 0.032966749 ubox
258 347 0.004415251 ubox
258 402 0.018757603 ubox
258 408 0.012164789 ubox
259 265 0.068959997 ubox
259 266 0.473089429 ubox
259 269 0.214845389 ubox
259 272 0.003606060 ubox
259 282 0.099609627 ubox
259 341 0.003963880 ubox
259 346 0.004386809 ubox
259 401 0.018600951 ubox
260 264 0.068746618 ubox
260 279 0.137119591 ubox
260 343 0.005206874 ubox
260 398 0.006446685 ubox
260 400 0.017408202 ubox
260 406 0.011823710 ubox
261 267 0.181142205 ubox
261 268 0.228589144 ubox
261 269 0.009206686 ubox
261 270 0.007687598 ubox
261 271 0.011525291 ubox
261 272 0.005736061 ubox
261 278 0.143333004 ubox
261 281 0.113844904 ubox
261 305 0.018247661 ubox
261 342 0.005224275 ubox
261 345 0.008591195 ubox
261 397 0.008096231 ubox
261 399 0.014823283 ubox
261 405 0.012003315 ubox
262 266 0.118435851 ubox
262 267 0.229102799 ubox
262 268 0.013578014 ubox
262 269 0.006474953 ubox
262 270 0.011712387 ubox
262 271 0.007357664 ubox
262 277 0.142568562 ubox
262 280 0.115579077 ubox
262 304 0.018591843 ubox
262 338 0.004105709 ubox
262 341 0.003456719 ubox
262 344 0.009508003 ubox
262 396 0.008229313 ubox
262 404 0.011966236 ubox
263 279 0.115543448 ubox
263 303 0.018615240 ubox
263 337 0.004113137 ubox
263 343 0.009452198 ubox
263 395 0.008138757 ubox
264 302 0.018530288 ubox
265 275 0.029027122 ubox
265 276 0.038635002 ubox
265 301 0.016445935 ubox
265 394 0.004481732 ubox
266 274 0.028081557 ubox
266 275 0.042554675 ubox
266 300 0.014530419 ubox
266 301 0.003948478 ubox
266 393 0.004513892 ubox
267 300 0.005449259 ubox
267 392 0.004484749 ubox
269 292 0.005321481 ubox
269 301 0.008296621 ubox
269 390 0.004100532 ubox
270 291 0.006317888 ubox
270 300 0.009550002 ubox
270 389 0.004128464 ubox
271 289 0.021945330 ubox
272 288 0.023034038 ubox
272 298 0.014956548 ubox
272 301 0.015514136 ubox
273 287 0.023578895 ubox
273 297 0.019866929 ubox
273 300 0.020583155 ubox
273 303 0.004983372 ubox
274 286 0.022987787 ubox
274 296 0.020439946 ubox
274 299 0.020303571 ubox
274 302 0.005319163 ubox
274 403 0.019138305 ubox
275 341 0.004359354 ubox
275 402 0.023256885 ubox
275 403 0.006940793 ubox
276 290 0.008367321 ubox
276 340 0.004994405 ubox
276 366 0.003364405 ubox
276 401 0.024440402 ubox
276 402 0.007432111 ubox
277 289 0.009429299 ubox
277 339 0.004480449 ubox
277 364 0.004422291 ubox
277 365 0.003359735 ubox
277 400 0.022734588 ubox
278 291 0.050619043 ubox
278 294 0.045719460 ubox
278 300 0.011336593 ubox
278 303 0.005033137 ubox
278 339 0.006024239 ubox
278 343 0.006860515 ubox
278 363 0.004535426 ubox
278 364 0.003269467 ubox
278 400 0.017775995 ubox
279 290 0.055193970 ubox
279 293 0.048008411 ubox
279 295 0.232079069 ubox
279 304 0.034580099 ubox
279 338 0.006639276 ubox
279 342 0.006452005 ubox
279 344 0.003795636 ubox
279 351 0.003779704 ubox
279 362 0.004535359 ubox
279 396 0.007272807 ubox
279 399 0.020075463 ubox
279 401 0.005346590 ubox
280 289 0.055729004 ubox
280 294 0.236425529 ubox
280 303 0.035226198 ubox
280 337 0.006543303 ubox
280 343 0.003806224 ubox
280 350 0.003754785 ubox
280 395 0.007227498 ubox
280 400 0.005785522 ubox
281 289 0.029051189 ubox
281 350 0.006475038 ubox
282 288 0.029769356 ubox
282 292 0.369856851 ubox
282 301 0.061903664 ubox
282 349 0.006664466 ubox
282 415 0.017571649 ubox
283 291 0.387105036 ubox
283 300 0.065157198 ubox
283 303 0.013721489 ubox
283 414 0.018510826 ubox
284 290 0.386520450 ubox
284 299 0.062969911 ubox
284 302 0.013392658 ubox
284 401 0.006543764 ubox
284 413 0.017454332 ubox
285 289 0.381228029 ubox
285 350 0.016813171 ubox
285 400 0.007485084 ubox
286 297 0.048533133 ubox
286 300 0.010974533 ubox
286 349 0.022166290 ubox
287 296 0.041781542 ubox
287 299 0.010644822 ubox
287 302 0.003328872 ubox
287 353 0.090955306 ubox
287 354 0.006824463 ubox
287 402 0.020295346 ubox
287 403 0.014202240 ubox
288 296 0.071181369 ubox
288 306 0.008507339 ubox
288 311 0.004229887 ubox
288 346 0.148312070 ubox
288 352 0.122628337 ubox
288 353 0.006159472 ubox
288 401 0.022410115 ubox
288 402 0.015272604 ubox
288 403 0.007172369 ubox
288 409 0.009650095 ubox
289 295 0.082546264 ubox
289 299 0.012216517 ubox
289 302 0.007954339 ubox
289 304 0.021103154 ubox
289 305 0.010611945 ubox
289 308 0.004386839 ubox
289 310 0.005523551 ubox
289 344 0.766319933 ubox
289 345 0.123299993 ubox
289 351 0.130385459 ubox
289 357 0.011971960 ubox
289 399 0.070952483 ubox
289 401 0.010410417 ubox
289 402 0.004552302 ubox
289 407 0.033244116 ubox
289 408 0.008951421 ubox
290 294 0.076736834 ubox
290 297 0.009470426 ubox
290 298 0.012874914 ubox
290 301 0.008376501 ubox
290 303 0.020944195 ubox
290 307 0.005206020 ubox
290 309 0.005624908 ubox
290 343 0.774085958 ubox
290 349 0.118556200 ubox
290 350 0.123315529 ubox
290 356 0.012451411 ubox
290 398 0.070361005 ubox
290 400 0.008774582 ubox
290 406 0.033393190 ubox
291 296 0.009409292 ubox
291 302 0.012675446 ubox
291 306 0.005490279 ubox
291 308 0.005604416 ubox
291 341 0.135242785 ubox
291 342 0.772581764 ubox
291 347 0.380657749 ubox
291 348 0.101947801 ubox
291 355 0.012486864 ubox
291 361 0.004465364 ubox
291 397 0.067687125 ubox
291 399 0.009346912 ubox
291 402 0.032244103 ubox
291 403 0.003494540 ubox
291 404 0.005921980 ubox
291 405 0.031614368 ubox
292 340 0.564009760 ubox
292 341 0.546837969 ubox
292 346 0.386278210 ubox
292 354 0.012027163 ubox
292 360 0.004511362 ubox
292 401 0.041378730 ubox
292 402 0.003410970 ubox
292 403 0.007128757 ubox
293 300 0.061032810 ubox
293 303 0.029301207 ubox
293 331 0.003300252 ubox
293 339 0.785428849 ubox
293 343 0.062374395 ubox
293 359 0.004523249 ubox
293 400 0.042766996 ubox
294 299 0.042519824 ubox
294 302 0.023755431 ubox
294 304 0.118629371 ubox
294 313 0.007568196 ubox
294 330 0.003273184 ubox
294 338 0.786113289 ubox
294 340 0.015343461 ubox
294 342 0.061968246 ubox
294 344 0.467463572 ubox
294 351 0.013073899 ubox
294 358 0.003887468 ubox
294 396 0.004114665 ubox
294 399 0.038760158 ubox
294 401 0.003231692 ubox
295 303 0.124051136 ubox
295 312 0.007537548 ubox
295 329 0.003253882 ubox
295 337 0.784358782 ubox
295 339 0.015389389 ubox
295 343 0.470197652 ubox
295 350 0.013159452 ubox
295 395 0.004132948 ubox
295 400 0.003312866 ubox
296 303 0.016156123 ubox
296 307 0.003659812 ubox
296 312 0.004935702 ubox
296 337 0.018773584 ubox
296 349 0.012976556 ubox
297 302 0.022436019 ubox
297 306 0.004721115 ubox
297 311 0.009250260 ubox
297 336 0.036639568 ubox
297 341 0.458816611 ubox
297 402 0.008464542 ubox
298 310 0.010021222 ubox
298 336 0.016016303 ubox
298 340 0.505392087 ubox
298 360 0.005202267 ubox
298 401 0.010152423 ubox
299 307 0.003314117 ubox
299 309 0.010096785 ubox
299 312 0.003495337 ubox
299 335 0.003903570 ubox
299 337 0.006583144 ubox
299 339 0.506467358 ubox
299 343 0.021276132 ubox
299 359 0.005392860 ubox
299 400 0.010264876 ubox
300 306 0.004270814 ubox
300 308 0.010078612 ubox
300 311 0.008345222 ubox
300 336 0.015603262 ubox
300 338 0.506031022 ubox
300 341 0.025281656 ubox
300 342 0.025447001 ubox
300 347 0.003801568 ubox
300 358 0.005493085 ubox
300 399 0.010254435 ubox
300 402 0.003669437 ubox
301 310 0.009862305 ubox
301 336 0.017961409 ubox
301 340 0.029797023 ubox
301 341 0.023424900 ubox
301 346 0.003734941 ubox
301 357 0.005495328 ubox
301 401 0.004317854 ubox
302 309 0.010046611 ubox
302 333 0.004866981 ubox
302 335 0.004089421 ubox
302 337 0.471489009 ubox
302 339 0.030509070 ubox
302 356 0.005464845 ubox
302 398 0.004020535 ubox
302 400 0.004350154 ubox
303 308 0.010012898 ubox
303 313 0.003220443 ubox
303 332 0.005813951 ubox
303 336 0.947857921 ubox
303 338 0.025126447 ubox
303 355 0.005347158 ubox
303 397 0.003971139 ubox
303 399 0.004231295 ubox
304 312 0.003235030 ubox
304 331 0.005809145 ubox
304 335 0.973424677 ubox
304 337 0.018946314 ubox
305 334 0.979683003 ubox
305 335 0.006786320 ubox
306 331 0.016346096 ubox
306 333 0.990498524 ubox
306 334 0.004207770 ubox
307 330 0.019340355 ubox
307 332 0.997148621 ubox
308 329 0.020166248 ubox
308 331 0.999527283 ubox
308 371 0.004312286 ubox
309 328 0.018757006 ubox
309 330 0.997846191 ubox
309 370 0.004295081 ubox
310 329 0.918695008 ubox
310 369 0.003933166 ubox
311 329 0.027900425 ubox
312 327 0.993614102 ubox
312 328 0.024022377 ubox
312 330 0.004832673 ubox
313 326 0.935163256 ubox
313 329 0.005748277 ubox
314 325 0.872065972 ubox
314 326 0.353857181 ubox
314 365 0.006793900 ubox
315 324 0.803198279 ubox
315 325 0.489224309 ubox
315 326 0.003354399 ubox
315 364 0.006946635 ubox
316 324 0.594409777 ubox
316 325 0.003866475 ubox
316 363 0.007059585 ubox
317 323 0.676976575 ubox
317 362 0.007169090 ubox
318 322 0.656880280 ubox
318 361 0.007168023 ubox
319 360 0.007014194 ubox
320 358 0.005479935 ubox
321 357 0.005315502 ubox
323 356 0.004265628 ubox
324 353 0.004983070 ubox
324 355 0.004299412 ubox
325 352 0.006839581 ubox
326 351 0.007677731 ubox
327 350 0.007690404 ubox
328 349 0.007670025 ubox
329 348 0.007640321 ubox
333 346 0.008101935 ubox
334 345 0.008798131 ubox
335 344 0.009014501 ubox
336 343 0.009573175 ubox
337 342 0.010031333 ubox
337 344 0.082746504 ubox
337 351 0.005928001 ubox
337 401 0.013748033 ubox
338 343 0.084261495 ubox
338 350 0.006025659 ubox
338 400 0.015287600 ubox
339 399 0.015311915 ubox
340 398 0.014777937 ubox
342 400 0.016273534 ubox
342 428 0.003622004 ubox
343 351 0.020724670 ubox
343 396 0.008136795 ubox
343 399 0.016345327 ubox
343 401 0.021890141 ubox
343 427 0.003652343 ubox
344 350 0.021164496 ubox
344 395 0.008040464 ubox
344 400 0.023825655 ubox
344 426 0.003634997 ubox
345 395 0.004686739 ubox
346 394 0.004281774 ubox
347 364 0.003712717 ubox
348 363 0.004499918 ubox
348 371 0.007810332 ubox
348 384 0.003635254 ubox
348 414 0.006222597 ubox
348 423 0.040779029 ubox
348 426 0.014623722 ubox
349 367 0.016172157 ubox
349 370 0.007638744 ubox
349 375 0.008089413 ubox
349 379 0.025669578 ubox
349 383 0.003658493 ubox
349 402 0.040407535 ubox
349 403 0.008476978 ubox
349 409 0.006587782 ubox
349 413 0.006189985 ubox
349 421 0.065853494 ubox
349 422 0.029224074 ubox
349 425 0.019667960 ubox
350 360 0.024930934 ubox
350 366 0.020667759 ubox
350 374 0.009420304 ubox
350 378 0.028658111 ubox
350 382 0.003668631 ubox
350 396 0.930053575 ubox
350 401 0.051780581 ubox
350 402 0.003495445 ubox
350 408 0.007246734 ubox
350 420 0.078771547 ubox
350 421 0.005125765 ubox
350 424 0.021190668 ubox
351 359 0.026075039 ubox
351 364 0.003210777 ubox
351 365 0.021030208 ubox
351 381 0.003446134 ubox
351 395 0.928976027 ubox
351 400 0.052781139 ubox
351 419 0.078926095 ubox
351 423 0.021059154 ubox
352 364 0.020294045 ubox
352 372 0.003766686 ubox
352 377 0.029025163 ubox
352 393 0.004541242 ubox
352 394 0.757510804 ubox
352 395 0.142662370 ubox
352 418 0.075570068 ubox
353 363 0.016182975 ubox
353 365 0.004281555 ubox
353 371 0.003780167 ubox
353 376 0.030249477 ubox
353 377 0.005273785 ubox
353 389 0.003973290 ubox
353 392 0.003257042 ubox
353 393 0.536461651 ubox
353 394 0.567114893 ubox
353 395 0.006153768 ubox
353 415 0.003912067 ubox
353 418 0.004638818 ubox
353 419 0.005384572 ubox
354 364 0.006339349 ubox
354 365 0.005206555 ubox
354 372 0.015366585 ubox
354 376 0.005625710 ubox
354 388 0.004823241 ubox
354 389 0.003267452 ubox
354 390 0.015615514 ubox
354 392 0.098376328 ubox
354 393 0.792394045 ubox
354 394 0.008290370 ubox
354 415 0.066602809 ubox
354 418 0.006220132 ubox
355 363 0.008677487 ubox
355 364 0.006207322 ubox
355 371 0.016038560 ubox
355 384 0.023992316 ubox
355 389 0.017605590 ubox
355 392 0.957550095 ubox
355 414 0.068073403 ubox
356 366 0.021629595 ubox
356 370 0.015150023 ubox
356 373 0.054770267 ubox
356 383 0.023341398 ubox
356 385 0.011874680 ubox
356 391 0.961673083 ubox
356 401 0.013473371 ubox
356 413 0.067670426 ubox
357 364 0.009285745 ubox
357 365 0.023555897 ubox
357 369 0.013028324 ubox
357 372 0.058501652 ubox
357 384 0.009238920 ubox
357 390 0.962013604 ubox
357 393 0.075546784 ubox
357 400 0.003884871 ubox
357 412 0.065493368 ubox
357 415 0.033546707 ubox
358 363 0.012384612 ubox
358 364 0.024980237 ubox
358 371 0.058793956 ubox
358 381 0.022495443 ubox
358 384 0.072511602 ubox
358 389 0.960695903 ubox
358 392 0.081600226 ubox
358 400 0.111658768 ubox
358 414 0.034368437 ubox
358 423 0.003330329 ubox
359 370 0.058099149 ubox
359 373 0.008162138 ubox
359 378 0.016092270 ubox
359 380 0.022761275 ubox
359 382 0.025186172 ubox
359 383 0.098662254 ubox
359 385 0.060897992 ubox
359 387 0.716316249 ubox
359 391 0.083040399 ubox
359 399 0.112727720 ubox
359 407 0.006131139 ubox
359 413 0.034154222 ubox
359 416 0.011369436 ubox
359 420 0.003367567 ubox
359 422 0.003258588 ubox
360 369 0.057201138 ubox
360 372 0.008579452 ubox
360 377 0.015878077 ubox
360 384 0.057694105 ubox
360 386 0.688891498 ubox
360 390 0.083494061 ubox
360 398 0.105688568 ubox
360 406 0.005911170 ubox
360 412 0.033171937 ubox
360 415 0.011437518 ubox
360 419 0.003284692 ubox
361 371 0.008049425 ubox
361 389 0.083465903 ubox
361 414 0.011370936 ubox
362 371 0.006568573 ubox
362 381 0.950066145 ubox
362 384 0.150462511 ubox
362 400 0.029166171 ubox
362 423 0.003949485 ubox
363 370 0.006689558 ubox
363 374 0.006947857 ubox
363 375 0.047303176 ubox
363 379 0.008698978 ubox
363 380 0.968299115 ubox
363 383 0.087873203 ubox
363 397 0.118455095 ubox
363 399 0.029346776 ubox
363 405 0.003814522 ubox
363 408 0.003918462 ubox
363 409 0.034592723 ubox
363 410 0.006242985 ubox
363 411 0.005077849 ubox
363 417 0.003981460 ubox
363 422 0.004057667 ubox
364 373 0.006874906 ubox
364 374 0.053795931 ubox
364 375 0.013515306 ubox
364 378 0.014323630 ubox
364 379 0.969901938 ubox
364 380 0.028977807 ubox
364 382 0.041752107 ubox
364 383 0.016331246 ubox
364 396 0.118940580 ubox
364 397 0.036766113 ubox
364 404 0.003777633 ubox
364 405 0.004708538 ubox
364 407 0.003872085 ubox
364 408 0.036106214 ubox
364 410 0.004964845 ubox
364 411 0.004612185 ubox
364 416 0.003875519 ubox
364 417 0.023981572 ubox
364 421 0.004143620 ubox
365 373 0.054093574 ubox
365 374 0.015562582 ubox
365 378 0.971524143 ubox
365 379 0.008004410 ubox
365 382 0.007770904 ubox
365 385 0.007749183 ubox
365 387 0.039151848 ubox
365 396 0.036896545 ubox
365 403 0.003474167 ubox
365 404 0.004692264 ubox
365 407 0.036116848 ubox
365 408 0.003299074 ubox
365 409 0.003572779 ubox
365 410 0.004598181 ubox
365 416 0.024083100 ubox
365 420 0.004174822 ubox
366 372 0.054218821 ubox
366 377 0.967161753 ubox
366 384 0.006569764 ubox
366 386 0.036665887 ubox
366 394 0.118966695 ubox
366 395 0.032586511 ubox
366 406 0.033795999 ubox
366 415 0.017260334 ubox
366 419 0.004149141 ubox
367 371 0.048145387 ubox
367 376 0.927610658 ubox
367 393 0.122006770 ubox
367 394 0.025752489 ubox
367 414 0.004002211 ubox
367 415 0.017999583 ubox
368 384 0.043503173 ubox
368 392 0.123383297 ubox
368 414 0.024756160 ubox
369 382 0.084190919 ubox
369 383 0.032296591 ubox
369 385 0.007644209 ubox
369 391 0.118192728 ubox
369 401 0.010766698 ubox
369 413 0.024927281 ubox
370 376 0.039906581 ubox
370 381 0.097876296 ubox
370 384 0.008693418 ubox
370 388 0.012272712 ubox
370 390 0.103982529 ubox
370 392 0.003670549 ubox
370 398 0.007025641 ubox
370 400 0.011734293 ubox
370 406 0.003201615 ubox
370 412 0.024895699 ubox
371 375 0.044414684 ubox
371 380 0.101549074 ubox
371 383 0.011249363 ubox
371 387 0.014207270 ubox
371 391 0.006136330 ubox
371 397 0.007456018 ubox
371 399 0.011858650 ubox
371 402 0.019669090 ubox
371 403 0.003758550 ubox
371 404 0.008881143 ubox
371 405 0.003993276 ubox
371 410 0.004697321 ubox
371 411 0.024361838 ubox
372 379 0.095985245 ubox
372 382 0.011748684 ubox
372 385 0.006692637 ubox
372 391 0.093608436 ubox
372 401 0.020754473 ubox
372 402 0.003998670 ubox
372 403 0.008810760 ubox
372 409 0.006104149 ubox
373 381 0.011365335 ubox
373 384 0.006411194 ubox
373 390 0.113635869 ubox
373 393 0.003374907 ubox
373 400 0.019979629 ubox
374 389 0.117310186 ubox
374 392 0.003477720 ubox
374 395 0.019832032 ubox
375 384 0.030525109 ubox
375 386 0.035956489 ubox
375 388 0.113326598 ubox
375 394 0.019653336 ubox
376 383 0.033011583 ubox
376 385 0.031949598 ubox
376 391 0.003497030 ubox
376 402 0.009930307 ubox
376 403 0.003404569 ubox
377 382 0.026046556 ubox
377 385 0.128195196 ubox
377 401 0.011453013 ubox
377 402 0.003847787 ubox
378 384 0.134097287 ubox
378 389 0.019983546 ubox
378 395 0.037276388 ubox
378 400 0.011457536 ubox
378 419 0.007117119 ubox
379 388 0.019815926 ubox
379 390 0.028571190 ubox
379 393 0.058879157 ubox
379 394 0.026444348 ubox
379 415 0.005108448 ubox
379 418 0.007133278 ubox
380 389 0.030500731 ubox
380 392 0.066778633 ubox
380 400 0.020944886 ubox
380 414 0.005381078 ubox
380 428 0.003224536 ubox
381 387 0.025921606 ubox
381 391 0.067818141 ubox
381 396 0.006130885 ubox
381 399 0.021300636 ubox
381 413 0.005247258 ubox
381 416 0.013875182 ubox
381 427 0.003250298 ubox
382 386 0.023986867 ubox
382 389 0.003840967 ubox
382 390 0.068205842 ubox
382 393 0.004314061 ubox
382 395 0.006163291 ubox
382 398 0.020690137 ubox
382 412 0.004299685 ubox
382 415 0.014237321 ubox
383 388 0.008967981 ubox
383 389 0.067332864 ubox
383 392 0.004771009 ubox
383 394 0.006064429 ubox
383 398 0.003181734 ubox
383 406 0.005020867 ubox
383 412 0.004532247 ubox
383 414 0.014120600 ubox
384 391 0.008386662 ubox
384 396 0.020597430 ubox
384 397 0.004130538 ubox
384 405 0.006422126 ubox
384 407 0.008284349 ubox
384 411 0.005691717 ubox
384 413 0.013822904 ubox
384 416 0.003683013 ubox
384 429 0.007002973 ubox
385 390 0.008619997 ubox
385 395 0.020241995 ubox
385 406 0.008250848 ubox
385 412 0.013585361 ubox
385 415 0.003697541 ubox
385 428 0.006949428 ubox
386 391 0.003755987 ubox
386 401 0.003636315 ubox
387 400 0.003997671 ubox
387 414 0.004100218 ubox
387 426 0.010863608 ubox
388 403 0.027497133 ubox
388 409 0.018043279 ubox
388 413 0.003812006 ubox
388 425 0.010931341 ubox
388 430 0.003244369 ubox
389 402 0.034770011 ubox
389 404 0.006617020 ubox
389 408 0.019145899 ubox
389 410 0.008249760 ubox
389 424 0.010870839 ubox
389 429 0.003324941 ubox
390 401 0.036059728 ubox
390 403 0.006288290 ubox
390 409 0.007988089 ubox
391 398 0.008036243 ubox
391 400 0.036191192 ubox
391 406 0.017562014 ubox
391 423 0.004241652 ubox
392 397 0.008922406 ubox
392 399 0.035794230 ubox
392 403 0.007929264 ubox
392 404 0.122029931 ubox
392 405 0.014446347 ubox
393 402 0.009825678 ubox
393 403 0.124668838 ubox
393 422 0.012361754 ubox
394 401 0.011803437 ubox
394 402 0.128021840 ubox
394 403 0.007363773 ubox
394 409 0.003698171 ubox
394 421 0.021046049 ubox
394 425 0.012104380 ubox
394 430 0.005330233 ubox
395 401 0.130933036 ubox
395 402 0.007899270 ubox
395 408 0.004342082 ubox
395 420 0.024866625 ubox
395 424 0.016934316 ubox
395 429 0.006143155 ubox
396 400 0.130448158 ubox
396 419 0.024861825 ubox
396 423 0.015145873 ubox
396 428 0.006141511 ubox
397 414 0.019386173 ubox
397 423 0.077918922 ubox
397 426 0.006801625 ubox
398 413 0.017235511 ubox
398 422 0.077743714 ubox
398 425 0.007482933 ubox
399 414 0.059128257 ubox
399 423 0.016533616 ubox
399 428 0.004044903 ubox
400 407 0.082526339 ubox
400 413 0.057859801 ubox
400 416 0.062293249 ubox
400 420 0.083081860 ubox
400 422 0.013669821 ubox
400 424 0.015470347 ubox
400 427 0.004125853 ubox
401 406 0.077062816 ubox
401 412 0.055525295 ubox
401 415 0.063252910 ubox
401 419 0.082603443 ubox
401 423 0.015378111 ubox
401 426 0.004021257 ubox
402 414 0.061415640 ubox
402 415 0.008162494 ubox
402 418 0.070362557 ubox
402 419 0.006172054 ubox
403 414 0.007860486 ubox
403 415 0.053183968 ubox
403 418 0.007206597 ubox
404 414 0.052299561 ubox
405 414 0.086396961 ubox
405 423 0.018184625 ubox
406 413 0.077893803 ubox
406 422 0.017266000 ubox
408 419 0.032540671 ubox
409 415 0.037755021 ubox
409 418 0.032096735 ubox
410 414 0.039233084 ubox
411 423 0.036052130 ubox
411 431 0.004796485 ubox
412 422 0.035355000 ubox
412 430 0.004704418 ubox
412 435 0.003318544 ubox
413 423 0.006888803 ubox
413 428 0.004560421 ubox
414 422 0.010831276 ubox
414 427 0.005043773 ubox
414 435 0.004041716 ubox
415 421 0.011614632 ubox
415 435 0.005658321 ubox
417 423 0.032138860 ubox
417 426 0.055286796 ubox
417 431 0.326384435 ubox
418 422 0.025776747 ubox
418 425 0.065113396 ubox
418 430 0.329017753 ubox
418 435 0.003790503 ubox
419 424 0.067541768 ubox
419 427 0.046593826 ubox
419 429 0.329931565 ubox
419 434 0.004834403 ubox
420 426 0.047368691 ubox
420 428 0.329539418 ubox
421 432 0.003884295 ubox
422 428 0.003758829 ubox
422 431 0.003767511 ubox
423 427 0.021237603 ubox
423 429 0.011749364 ubox
424 428 0.011900877 ubox
