1 11 0.054944715 ubox
1 13 0.017594333 ubox
1 14 0.097782049 ubox
1 18 0.033323288 ubox
1 24 0.005705188 ubox
1 83 0.011358718 ubox
1 199 0.005670368 ubox
1 221 0.004951356 ubox
1 389 0.003811131 ubox
1 414 0.005089171 ubox
1 431 0.014199236 ubox
2 11 0.193368102 ubox
2 13 0.097949517 ubox
2 18 0.119221675 ubox
2 23 0.005714040 ubox
2 82 0.011579331 ubox
2 205 0.007425092 ubox
2 221 0.079271998 ubox
2 400 0.004384655 ubox
2 414 0.009886569 ubox
2 428 0.011420600 ubox
2 431 0.008773211 ubox
3 9 0.048118983 ubox
3 10 0.179199926 ubox
3 15 0.011830746 ubox
3 17 0.120623892 ubox
3 22 0.005259607 ubox
3 42 0.047388908 ubox
3 81 0.011485192 ubox
3 202 0.003438377 ubox
3 204 0.007226596 ubox
3 206 0.008188013 ubox
3 207 0.003162540 ubox
3 220 0.081220540 ubox
3 387 0.005685440 ubox
3 399 0.004462370 ubox
3 413 0.009624440 ubox
3 416 0.333195530 ubox
3 427 0.011412688 ubox
3 429 0.010754162 ubox
3 430 0.006580518 ubox
3 433 0.131725830 ubox
4 8 0.046696609 ubox
4 12 0.149217096 ubox
4 14 0.004821813 ubox
4 19 0.004034081 ubox
4 41 0.047555739 ubox
4 200 0.004193266 ubox
4 201 0.003878182 ubox
4 205 0.008078268 ubox
4 219 0.081254048 ubox
4 226 0.004934365 ubox
4 386 0.005601889 ubox
4 398 0.003755345 ubox
4 412 0.009054360 ubox
4 415 0.335349600 ubox
4 426 0.010298023 ubox
4 428 0.006128430 ubox
4 432 0.132326260 ubox
5 11 0.154126768 ubox
5 13 0.005690110 ubox
5 14 0.153624209 ubox
5 18 0.004226517 ubox
5 40 0.047328307 ubox
5 199 0.003766660 ubox
5 218 0.081114029 ubox
5 225 0.005055123 ubox
5 414 0.324518479 ubox
5 431 0.129935333 ubox
6 13 0.153764676 ubox
6 40 0.004694813 ubox
6 199 0.009349774 ubox
6 224 0.005060204 ubox
6 384 0.006224464 ubox
6 414 0.097173739 ubox
6 423 0.004825982 ubox
6 431 0.021403511 ubox
7 38 0.044419024 ubox
7 39 0.005841326 ubox
7 96 0.006267705 ubox
7 198 0.009518137 ubox
7 223 0.005037479 ubox
7 383 0.006232525 ubox
7 413 0.108951327 ubox
7 422 0.004812534 ubox
7 430 0.026133474 ubox
8 15 0.004594240 ubox
8 37 0.046787742 ubox
8 38 0.005368772 ubox
8 93 0.023283053 ubox
8 95 0.014230041 ubox
8 197 0.009389462 ubox
8 212 0.004805332 ubox
8 222 0.004960673 ubox
8 245 0.010085932 ubox
8 382 0.006139481 ubox
8 413 0.233882848 ubox
8 421 0.004442406 ubox
8 435 0.004549608 ubox
9 14 0.004491226 ubox
9 19 0.012094795 ubox
9 33 0.008619584 ubox
9 36 0.046394666 ubox
9 75 0.011042831 ubox
9 92 0.017357487 ubox
9 196 0.009137865 ubox
9 211 0.004685510 ubox
9 214 0.076991362 ubox
9 221 0.004562828 ubox
9 244 0.011104301 ubox
9 381 0.004936154 ubox
9 412 0.260469044 ubox
9 415 0.008183008 ubox
9 432 0.004382028 ubox
10 18 0.013551049 ubox
10 30 0.010092142 ubox
10 32 0.011039494 ubox
10 34 0.003537759 ubox
10 35 0.044330275 ubox
10 74 0.011918222 ubox
10 92 0.100509448 ubox
10 195 0.007184408 ubox
10 205 0.040006979 ubox
10 208 0.011254752 ubox
10 211 0.017313915 ubox
10 213 0.077857684 ubox
10 243 0.011296897 ubox
10 284 0.003523136 ubox
10 381 0.003657967 ubox
10 412 0.041533621 ubox
10 414 0.008389563 ubox
10 431 0.004191101 ubox
11 17 0.014118257 ubox
11 27 0.003784046 ubox
11 29 0.011460276 ubox
11 31 0.011691039 ubox
11 73 0.012041828 ubox
11 78 0.003796592 ubox
11 80 0.006138942 ubox
11 91 0.111067173 ubox
11 203 0.028920178 ubox
11 204 0.052881889 ubox
11 207 0.020226218 ubox
11 210 0.018090405 ubox
11 212 0.077213351 ubox
11 242 0.011285310 ubox
11 283 0.003797224 ubox
11 347 0.003645940 ubox
11 380 0.005147095 ubox
11 410 0.356682330 ubox
11 411 0.031850861 ubox
11 430 0.003188556 ubox
11 435 0.029667312 ubox
12 26 0.003773051 ubox
12 27 0.009256183 ubox
12 72 0.012057500 ubox
12 77 0.003798621 ubox
12 79 0.006172118 ubox
12 90 0.111062524 ubox
12 95 0.003667029 ubox
12 202 0.028933104 ubox
12 282 0.003798735 ubox
12 346 0.003696655 ubox
12 375 0.004674649 ubox
12 379 0.005034651 ubox
12 409 0.358725500 ubox
12 430 0.005739551 ubox
12 435 0.680862004 ubox
13 22 0.013117558 ubox
13 26 0.009711417 ubox
13 27 0.006163077 ubox
13 71 0.012059137 ubox
13 76 0.003757694 ubox
13 78 0.006142930 ubox
13 89 0.110717323 ubox
13 94 0.003879560 ubox
13 194 0.010813072 ubox
13 203 0.132277146 ubox
13 204 0.170077258 ubox
13 207 0.035580108 ubox
13 210 0.078728698 ubox
13 240 0.011105055 ubox
13 281 0.003798084 ubox
13 345 0.003698661 ubox
13 374 0.005104724 ubox
13 378 0.004784476 ubox
13 408 0.358820155 ubox
13 417 0.006979179 ubox
13 429 0.005841496 ubox
13 430 0.004045797 ubox
13 434 0.872832919 ubox
13 435 0.004016749 ubox
14 21 0.013180103 ubox
14 25 0.009525730 ubox
14 26 0.005547582 ubox
14 29 0.022489941 ubox
14 31 0.037288314 ubox
14 70 0.012056559 ubox
14 76 0.005178433 ubox
14 88 0.110991072 ubox
14 93 0.003795127 ubox
14 193 0.011113573 ubox
14 202 0.132882591 ubox
14 203 0.171483461 ubox
14 206 0.036242342 ubox
14 209 0.078733086 ubox
14 239 0.011482473 ubox
14 280 0.003755281 ubox
14 344 0.003673754 ubox
14 373 0.005515236 ubox
14 407 0.358770982 ubox
14 416 0.007544563 ubox
14 429 0.004323437 ubox
14 433 0.873644562 ubox
14 434 0.004127563 ubox
15 20 0.012223392 ubox
15 28 0.022260447 ubox
15 30 0.037059856 ubox
15 69 0.011368847 ubox
15 75 0.004893776 ubox
15 87 0.111024669 ubox
15 92 0.003553945 ubox
15 192 0.011103497 ubox
15 200 0.091195210 ubox
15 201 0.132027423 ubox
15 205 0.035339046 ubox
15 208 0.077053377 ubox
15 226 0.013818398 ubox
15 238 0.011612771 ubox
15 279 0.003353321 ubox
15 372 0.005807728 ubox
15 406 0.339396950 ubox
15 415 0.007547986 ubox
15 432 0.870903473 ubox
16 24 0.074141993 ubox
16 83 0.005374889 ubox
16 86 0.108179115 ubox
16 191 0.008195747 ubox
16 196 0.014204784 ubox
16 199 0.094600244 ubox
16 225 0.014909307 ubox
16 237 0.011651430 ubox
16 371 0.005997222 ubox
16 414 0.007453843 ubox
16 431 0.862829789 ubox
17 23 0.074404343 ubox
17 82 0.005453900 ubox
17 86 0.021023725 ubox
17 191 0.012266382 ubox
17 195 0.014381798 ubox
17 199 0.455306229 ubox
17 205 0.146871735 ubox
17 208 0.012982909 ubox
17 221 0.003601178 ubox
17 224 0.014925120 ubox
17 236 0.011604471 ubox
17 371 0.003822925 ubox
17 381 0.005727674 ubox
17 400 0.025968986 ubox
17 428 0.038720393 ubox
17 431 0.065048663 ubox
18 22 0.070019595 ubox
18 27 0.009860340 ubox
18 39 0.003371928 ubox
18 81 0.005293283 ubox
18 85 0.026508996 ubox
18 190 0.014364989 ubox
18 194 0.014296472 ubox
18 198 0.340979432 ubox
18 203 0.081830856 ubox
18 204 0.146868152 ubox
18 207 0.014139012 ubox
18 220 0.003708970 ubox
18 223 0.014276648 ubox
18 368 0.005433273 ubox
18 370 0.003444800 ubox
18 374 0.003378972 ubox
18 380 0.005840098 ubox
18 399 0.025977234 ubox
18 402 0.014300884 ubox
18 403 0.255159250 ubox
18 404 0.096749921 ubox
18 427 0.037351965 ubox
18 430 0.076099790 ubox
19 26 0.009932366 ubox
19 38 0.003307621 ubox
19 189 0.013760503 ubox
19 197 0.241297926 ubox
19 198 0.775611481 ubox
19 202 0.077742376 ubox
19 222 0.012852571 ubox
19 367 0.005444782 ubox
19 373 0.003287427 ubox
19 379 0.005551689 ubox
19 401 0.014354501 ubox
19 402 0.261126774 ubox
19 403 0.091445804 ubox
20 25 0.007879391 ubox
20 85 0.014836672 ubox
20 197 0.906544802 ubox
20 366 0.005344263 ubox
20 401 0.262191175 ubox
20 402 0.075727081 ubox
21 83 0.122230337 ubox
21 84 0.012486643 ubox
21 196 0.950592585 ubox
21 364 0.003539668 ubox
21 365 0.004501480 ubox
21 400 0.260880780 ubox
22 40 0.008206148 ubox
22 45 0.033865017 ubox
22 82 0.123162068 ubox
22 83 0.009215606 ubox
22 104 0.007551367 ubox
22 186 0.009726460 ubox
22 191 0.039548164 ubox
22 195 0.950635128 ubox
22 279 0.008077812 ubox
22 363 0.004660494 ubox
22 364 0.003239501 ubox
22 400 0.060131084 ubox
23 38 0.015864211 ubox
23 39 0.007151910 ubox
23 44 0.034106524 ubox
23 47 0.012593568 ubox
23 77 0.006031640 ubox
23 81 0.123454875 ubox
23 103 0.012014011 ubox
23 185 0.009553603 ubox
23 190 0.040110009 ubox
23 194 0.950638169 ubox
23 278 0.008212789 ubox
23 362 0.005505128 ubox
23 397 0.257469759 ubox
23 399 0.057628538 ubox
23 434 0.004744127 ubox
24 31 0.017583235 ubox
24 37 0.028756322 ubox
24 38 0.005987078 ubox
24 42 0.043306254 ubox
24 44 0.005892830 ubox
24 46 0.013064563 ubox
24 76 0.007747864 ubox
24 80 0.123091724 ubox
24 102 0.012133915 ubox
24 184 0.004849717 ubox
24 187 0.019480096 ubox
24 189 0.039760635 ubox
24 193 0.950587287 ubox
24 277 0.008217535 ubox
24 361 0.005492982 ubox
24 396 0.258033427 ubox
24 399 0.012243772 ubox
24 433 0.004793509 ubox
25 30 0.016657421 ubox
25 33 0.007092629 ubox
25 34 0.020454102 ubox
25 35 0.019591306 ubox
25 36 0.035230831 ubox
25 41 0.043456663 ubox
25 43 0.006065961 ubox
25 45 0.013001230 ubox
25 75 0.008928652 ubox
25 101 0.011135755 ubox
25 186 0.022637767 ubox
25 188 0.040890752 ubox
25 192 0.944187819 ubox
25 276 0.008193320 ubox
25 394 0.006995870 ubox
25 395 0.247036988 ubox
25 398 0.011845502 ubox
25 432 0.003190737 ubox
26 32 0.007507504 ubox
26 33 0.022930244 ubox
26 34 0.022424718 ubox
26 35 0.037693854 ubox
26 36 0.007484807 ubox
26 40 0.041283881 ubox
26 41 0.015168058 ubox
26 74 0.007835977 ubox
26 75 0.007925497 ubox
26 191 0.889250447 ubox
26 192 0.072602883 ubox
26 275 0.008072277 ubox
26 393 0.008975560 ubox
26 394 0.172409651 ubox
26 395 0.009957823 ubox
27 32 0.021147569 ubox
27 33 0.022403870 ubox
27 34 0.036552744 ubox
27 35 0.008578715 ubox
27 40 0.015861576 ubox
27 74 0.009494507 ubox
27 181 0.004106377 ubox
27 183 0.196009803 ubox
27 186 0.446374614 ubox
27 191 0.101836609 ubox
27 274 0.007632469 ubox
27 386 0.004165505 ubox
27 392 0.010525872 ubox
27 393 0.106446621 ubox
27 394 0.008087211 ubox
28 39 0.015095126 ubox
28 73 0.009092532 ubox
28 180 0.004194957 ubox
28 182 0.199132452 ubox
28 184 0.790758784 ubox
28 185 0.320309418 ubox
28 273 0.006620790 ubox
28 385 0.005092174 ubox
28 391 0.008743379 ubox
29 40 0.075759637 ubox
29 53 0.008374287 ubox
29 179 0.004209156 ubox
29 181 0.199504638 ubox
29 183 0.867596745 ubox
29 186 0.149259456 ubox
29 384 0.005107459 ubox
29 392 0.071375253 ubox
30 39 0.074018437 ubox
30 52 0.008554409 ubox
30 180 0.199359526 ubox
30 182 0.867641502 ubox
30 184 0.147550688 ubox
30 185 0.110259402 ubox
30 383 0.004701110 ubox
30 385 0.005282651 ubox
30 391 0.060394150 ubox
31 40 0.206790911 ubox
31 51 0.008630111 ubox
31 179 0.198717562 ubox
31 181 0.867786785 ubox
31 183 0.180083192 ubox
31 186 0.269527421 ubox
31 384 0.006091190 ubox
31 392 0.019440912 ubox
32 38 0.016551103 ubox
32 39 0.203467557 ubox
32 50 0.008076571 ubox
32 96 0.004084173 ubox
32 180 0.854338853 ubox
32 182 0.177317014 ubox
32 185 0.269367265 ubox
32 383 0.006033541 ubox
32 391 0.016255608 ubox
33 37 0.014657425 ubox
33 38 0.177265492 ubox
33 39 0.010688941 ubox
33 95 0.004384617 ubox
33 96 0.009605360 ubox
33 184 0.255547486 ubox
33 185 0.019372679 ubox
33 382 0.005643993 ubox
34 38 0.010813565 ubox
34 90 0.008504405 ubox
34 95 0.009879778 ubox
34 96 0.012940545 ubox
34 184 0.019443872 ubox
34 185 0.006203083 ubox
35 89 0.009546621 ubox
35 95 0.012461786 ubox
35 96 0.061607130 ubox
35 184 0.006518767 ubox
36 88 0.009803467 ubox
36 93 0.008744657 ubox
36 95 0.067551261 ubox
36 177 0.062324482 ubox
36 180 0.254897223 ubox
36 182 0.028161626 ubox
36 391 0.051208817 ubox
37 87 0.009741072 ubox
37 92 0.007024296 ubox
37 176 0.039717718 ubox
37 179 0.281128910 ubox
37 181 0.025858002 ubox
37 390 0.077584438 ubox
38 55 0.003559516 ubox
38 86 0.005332649 ubox
38 178 0.251227969 ubox
38 179 0.037360437 ubox
38 389 0.077958535 ubox
39 45 0.008848226 ubox
39 54 0.004047695 ubox
39 92 0.096855091 ubox
39 98 0.005607240 ubox
39 176 0.937697676 ubox
39 178 0.015703674 ubox
39 388 0.078080871 ubox
40 44 0.010492250 ubox
40 89 0.008269244 ubox
40 90 0.019600779 ubox
40 91 0.101580870 ubox
40 94 0.003866386 ubox
40 97 0.006621540 ubox
40 175 0.953566840 ubox
40 177 0.003393140 ubox
40 361 0.004975669 ubox
40 387 0.077997106 ubox
40 404 0.011841875 ubox
41 52 0.013975503 ubox
41 88 0.010598101 ubox
41 89 0.027925496 ubox
41 90 0.098374576 ubox
41 93 0.003851842 ubox
41 96 0.006422575 ubox
41 174 0.953541274 ubox
41 360 0.005110716 ubox
41 385 0.076728408 ubox
41 403 0.011894971 ubox
42 51 0.015827114 ubox
42 53 0.034266172 ubox
42 86 0.013500072 ubox
42 173 0.953641345 ubox
42 359 0.005094316 ubox
42 384 0.076944658 ubox
43 50 0.014228462 ubox
43 52 0.035023359 ubox
43 85 0.012740127 ubox
43 172 0.953447194 ubox
43 360 0.004346261 ubox
43 382 0.047616222 ubox
43 383 0.058703316 ubox
43 385 0.005226445 ubox
43 401 0.013871587 ubox
44 51 0.035335033 ubox
44 53 0.008877013 ubox
44 82 0.006967742 ubox
44 84 0.010675056 ubox
44 86 0.220772817 ubox
44 101 0.027293470 ubox
44 171 0.953217267 ubox
44 359 0.005397997 ubox
44 381 0.067329977 ubox
44 384 0.005364262 ubox
44 400 0.014464829 ubox
45 50 0.023361253 ubox
45 52 0.009453975 ubox
45 60 0.005769486 ubox
45 81 0.007065099 ubox
45 85 0.223104878 ubox
45 100 0.027512592 ubox
45 169 0.627999262 ubox
45 170 0.717125176 ubox
45 358 0.005388327 ubox
45 380 0.066756635 ubox
45 383 0.004314742 ubox
45 399 0.014372417 ubox
46 51 0.009597773 ubox
46 54 0.003693876 ubox
46 55 0.051160526 ubox
46 56 0.181277969 ubox
46 59 0.005797696 ubox
46 83 0.009146347 ubox
46 84 0.223406023 ubox
46 99 0.027006526 ubox
46 167 0.010910999 ubox
46 168 0.887560944 ubox
47 53 0.003695283 ubox
47 54 0.051210028 ubox
47 55 0.182372689 ubox
47 56 0.017278421 ubox
47 58 0.005781769 ubox
47 82 0.009095446 ubox
47 83 0.222732840 ubox
47 84 0.029781367 ubox
47 166 0.011885782 ubox
47 167 0.887267829 ubox
47 168 0.347318239 ubox
48 53 0.050973894 ubox
48 54 0.182383035 ubox
48 55 0.017654029 ubox
48 56 0.006857793 ubox
48 82 0.220921147 ubox
48 83 0.034541971 ubox
48 84 0.048621305 ubox
48 162 0.017131098 ubox
48 166 0.885649890 ubox
48 167 0.348480405 ubox
48 168 0.007964770 ubox
49 53 0.181132004 ubox
49 54 0.017654182 ubox
49 55 0.007077049 ubox
49 56 0.004652401 ubox
49 82 0.038234000 ubox
49 83 0.050044376 ubox
49 161 0.023965863 ubox
49 162 0.701483081 ubox
49 166 0.348246470 ubox
49 167 0.008125149 ubox
50 54 0.006395651 ubox
50 55 0.004589597 ubox
50 82 0.050753751 ubox
50 98 0.003325032 ubox
50 161 0.703160094 ubox
50 166 0.007496094 ubox
51 76 0.036454574 ubox
51 81 0.079176905 ubox
51 97 0.003334022 ubox
51 160 0.701295295 ubox
51 163 0.593722117 ubox
51 165 0.008592400 ubox
52 74 0.031851987 ubox
52 75 0.029435424 ubox
52 82 0.025432927 ubox
52 161 0.264630813 ubox
52 162 0.563439856 ubox
53 72 0.005458829 ubox
53 73 0.038579901 ubox
53 77 0.058568905 ubox
53 78 0.146245049 ubox
53 79 0.069794188 ubox
53 80 0.051120252 ubox
53 81 0.136443809 ubox
53 156 0.015536598 ubox
53 157 0.130774734 ubox
53 158 0.148461974 ubox
53 159 0.668354079 ubox
53 160 0.312101336 ubox
53 164 0.022502115 ubox
53 165 0.006243791 ubox
54 71 0.007106130 ubox
54 72 0.043817533 ubox
54 76 0.063362305 ubox
54 77 0.145859830 ubox
54 78 0.074605415 ubox
54 79 0.049838081 ubox
54 80 0.136884323 ubox
54 81 0.013645168 ubox
54 155 0.015702688 ubox
54 156 0.130909177 ubox
54 157 0.139852042 ubox
54 158 0.842453313 ubox
54 159 0.222166040 ubox
54 160 0.304828856 ubox
54 163 0.021909760 ubox
54 164 0.006227234 ubox
55 70 0.007099151 ubox
55 71 0.044480862 ubox
55 76 0.145435469 ubox
55 77 0.073716813 ubox
55 78 0.051652626 ubox
55 79 0.136044009 ubox
55 80 0.013667197 ubox
55 81 0.005103377 ubox
55 154 0.021942205 ubox
55 155 0.129953810 ubox
55 156 0.125462043 ubox
55 157 0.930089751 ubox
55 158 0.034760116 ubox
55 159 0.049175986 ubox
55 160 0.020643548 ubox
55 163 0.005737977 ubox
55 348 0.005962333 ubox
56 70 0.044314214 ubox
56 73 0.168122831 ubox
56 76 0.070950580 ubox
56 77 0.030470377 ubox
56 78 0.133886455 ubox
56 79 0.007577951 ubox
56 80 0.005181932 ubox
56 119 0.005437570 ubox
56 154 0.138351668 ubox
56 155 0.091244859 ubox
56 156 0.934071407 ubox
56 157 0.026427637 ubox
56 158 0.011441019 ubox
56 159 0.023821047 ubox
56 160 0.004912262 ubox
56 347 0.006110949 ubox
57 68 0.006613998 ubox
57 72 0.268083040 ubox
57 73 0.014299960 ubox
57 77 0.111948389 ubox
57 79 0.004398187 ubox
57 118 0.005456407 ubox
57 155 0.936229926 ubox
57 158 0.026642451 ubox
57 159 0.004882933 ubox
57 165 0.018298363 ubox
57 346 0.006140030 ubox
58 67 0.005933285 ubox
58 68 0.043659906 ubox
58 71 0.293828212 ubox
58 72 0.003198161 ubox
58 76 0.061096875 ubox
58 117 0.005461322 ubox
58 154 0.935516484 ubox
58 155 0.003697093 ubox
58 156 0.005935104 ubox
58 157 0.027385176 ubox
58 158 0.004862175 ubox
58 164 0.018935462 ubox
58 345 0.006145930 ubox
58 362 0.011436383 ubox
59 67 0.051409512 ubox
59 70 0.298659133 ubox
59 71 0.004058794 ubox
59 116 0.005448243 ubox
59 149 0.746868550 ubox
59 152 0.586442298 ubox
59 154 0.003972551 ubox
59 156 0.025261620 ubox
59 157 0.004730045 ubox
59 163 0.018941412 ubox
59 344 0.006143408 ubox
59 361 0.011591011 ubox
60 66 0.051506320 ubox
60 69 0.298673540 ubox
60 148 0.748424425 ubox
60 151 0.584714554 ubox
60 162 0.018929564 ubox
60 343 0.006109353 ubox
61 65 0.041891239 ubox
61 68 0.268391827 ubox
61 121 0.003380735 ubox
61 147 0.748237327 ubox
61 360 0.012533818 ubox
62 69 0.004890941 ubox
62 113 0.004297088 ubox
62 120 0.003749994 ubox
62 132 0.003384729 ubox
62 148 0.327140307 ubox
62 161 0.018741003 ubox
62 224 0.006019958 ubox
62 359 0.012787831 ubox
63 68 0.005046743 ubox
63 112 0.003350355 ubox
63 119 0.003756900 ubox
63 131 0.003401603 ubox
63 146 0.947149840 ubox
63 147 0.062278685 ubox
63 156 0.005709607 ubox
63 160 0.018783373 ubox
63 223 0.006071986 ubox
63 358 0.012795912 ubox
64 112 0.003532222 ubox
64 118 0.003639747 ubox
64 130 0.003352856 ubox
64 145 0.949293911 ubox
64 155 0.006836040 ubox
64 159 0.018684818 ubox
64 222 0.006093336 ubox
64 357 0.012791727 ubox
65 111 0.003947974 ubox
65 115 0.003402258 ubox
65 140 0.005306518 ubox
65 144 0.945062809 ubox
65 153 0.047906290 ubox
65 221 0.006091671 ubox
65 356 0.012773110 ubox
66 100 0.004031342 ubox
66 114 0.003585559 ubox
66 129 0.003318655 ubox
66 139 0.006993562 ubox
66 142 0.676463516 ubox
66 143 0.668583726 ubox
66 152 0.048517855 ubox
66 220 0.006092808 ubox
66 355 0.012442660 ubox
67 99 0.004142687 ubox
67 110 0.007592000 ubox
67 113 0.003205641 ubox
67 128 0.003295967 ubox
67 138 0.007331956 ubox
67 141 0.951006740 ubox
67 151 0.048524415 ubox
67 218 0.006210863 ubox
67 350 0.003207144 ubox
68 86 0.003785057 ubox
68 98 0.004139335 ubox
68 109 0.008327163 ubox
68 137 0.007335475 ubox
68 140 0.950405964 ubox
68 150 0.048514566 ubox
68 217 0.006212029 ubox
68 349 0.003203975 ubox
69 85 0.007173450 ubox
69 97 0.004112983 ubox
69 108 0.008462873 ubox
69 136 0.007365029 ubox
69 139 0.951092601 ubox
69 142 0.011873877 ubox
69 149 0.048515221 ubox
69 216 0.006213379 ubox
69 348 0.003194218 ubox
70 83 0.006626439 ubox
70 84 0.010273512 ubox
70 107 0.008492802 ubox
70 126 0.003306122 ubox
70 135 0.007019438 ubox
70 138 0.950914258 ubox
70 141 0.011916950 ubox
70 148 0.048206736 ubox
70 215 0.005375449 ubox
71 82 0.008044771 ubox
71 83 0.013314391 ubox
71 84 0.013912832 ubox
71 106 0.008500342 ubox
71 126 0.007484436 ubox
71 135 0.012077038 ubox
71 137 0.940107059 ubox
71 138 0.013356439 ubox
71 140 0.009993328 ubox
72 82 0.013865111 ubox
72 83 0.024265758 ubox
72 84 0.005582345 ubox
72 87 0.241664329 ubox
72 105 0.008470892 ubox
72 124 0.042398759 ubox
72 125 0.006842569 ubox
72 133 0.014714813 ubox
72 134 0.023000298 ubox
72 135 0.095704492 ubox
72 137 0.016646432 ubox
72 214 0.004376660 ubox
72 372 0.006382946 ubox
73 82 0.027780017 ubox
73 83 0.009040379 ubox
73 86 0.252231474 ubox
73 104 0.007966687 ubox
73 123 0.046270999 ubox
73 124 0.005064310 ubox
73 128 0.004740449 ubox
73 132 0.013137436 ubox
73 133 0.019247672 ubox
73 134 0.072331711 ubox
73 137 0.003285024 ubox
73 213 0.004352156 ubox
73 371 0.009275431 ubox
73 376 0.004616470 ubox
74 85 0.181350846 ubox
74 89 0.041736395 ubox
74 90 0.061063600 ubox
74 122 0.046863547 ubox
74 127 0.005601872 ubox
74 212 0.004230485 ubox
74 367 0.018934599 ubox
74 370 0.009081767 ubox
74 375 0.004709634 ubox
75 85 0.670989007 ubox
75 88 0.040719467 ubox
75 89 0.065037513 ubox
75 121 0.046975988 ubox
75 127 0.069868820 ubox
75 366 0.021676590 ubox
76 83 0.184102105 ubox
76 84 0.762000868 ubox
76 99 0.011982579 ubox
76 106 0.009773093 ubox
76 107 0.006983520 ubox
76 110 0.003186485 ubox
76 120 0.045822177 ubox
76 126 0.074607571 ubox
76 135 0.062109054 ubox
76 141 0.009872770 ubox
76 365 0.021440118 ubox
77 82 0.167722527 ubox
77 83 0.727277957 ubox
77 84 0.150780464 ubox
77 87 0.120930527 ubox
77 98 0.011733325 ubox
77 105 0.009793630 ubox
77 107 0.010979092 ubox
77 125 0.072391378 ubox
77 133 0.026653070 ubox
77 134 0.056073959 ubox
77 140 0.005569685 ubox
77 141 0.034090127 ubox
77 364 0.009489983 ubox
77 372 0.009056098 ubox
78 82 0.704014279 ubox
78 83 0.328903977 ubox
78 84 0.050353955 ubox
78 86 0.125252231 ubox
78 99 0.049046372 ubox
78 104 0.009517922 ubox
78 106 0.020768492 ubox
78 107 0.008131245 ubox
78 126 0.010638114 ubox
78 132 0.028026959 ubox
78 135 0.029744255 ubox
78 140 0.038002890 ubox
78 141 0.008596429 ubox
78 151 0.006327443 ubox
78 363 0.008130028 ubox
78 365 0.026165530 ubox
78 371 0.009404400 ubox
79 83 0.046045496 ubox
79 87 0.041994868 ubox
79 98 0.048765899 ubox
79 105 0.020832103 ubox
79 106 0.007864767 ubox
79 107 0.004009736 ubox
79 125 0.010261106 ubox
79 133 0.024750060 ubox
79 134 0.027921293 ubox
79 140 0.008454704 ubox
79 150 0.006204680 ubox
79 168 0.004870566 ubox
79 364 0.003276310 ubox
79 365 0.050294221 ubox
80 86 0.043917239 ubox
80 104 0.015324611 ubox
80 106 0.006182037 ubox
80 107 0.004464967 ubox
80 132 0.024381474 ubox
80 138 0.042607859 ubox
80 141 0.003620809 ubox
80 167 0.006366077 ubox
80 364 0.077124580 ubox
80 365 0.005367137 ubox
81 101 0.010663888 ubox
81 104 0.021674177 ubox
81 106 0.004458886 ubox
81 120 0.083153742 ubox
81 132 0.027952872 ubox
81 137 0.043416543 ubox
81 140 0.003614352 ubox
81 148 0.007584058 ubox
81 166 0.006376171 ubox
81 363 0.077680273 ubox
81 364 0.005100717 ubox
81 400 0.005126068 ubox
82 89 0.014764425 ubox
82 90 0.011248404 ubox
82 91 0.112594364 ubox
82 94 0.005999597 ubox
82 95 0.225939964 ubox
82 96 0.009242674 ubox
82 97 0.009053527 ubox
82 100 0.010589992 ubox
82 103 0.029430589 ubox
82 118 0.057209990 ubox
82 119 0.083685732 ubox
82 131 0.027764304 ubox
82 136 0.046447433 ubox
82 139 0.003581990 ubox
82 147 0.013276028 ubox
82 165 0.006385991 ubox
82 362 0.077831094 ubox
82 399 0.005362727 ubox
82 405 0.005580366 ubox
83 88 0.017142986 ubox
83 89 0.013851552 ubox
83 90 0.109827434 ubox
83 91 0.092225722 ubox
83 93 0.015402112 ubox
83 94 0.303167476 ubox
83 95 0.010233634 ubox
83 96 0.007013091 ubox
83 97 0.011326637 ubox
83 102 0.029400227 ubox
83 103 0.022734755 ubox
83 117 0.103179855 ubox
83 118 0.010256044 ubox
83 130 0.016763559 ubox
83 146 0.013373389 ubox
83 164 0.006415769 ubox
83 358 0.007783571 ubox
83 361 0.077759056 ubox
83 362 0.004972019 ubox
83 397 0.007591650 ubox
83 404 0.005599654 ubox
84 88 0.010487720 ubox
84 89 0.099214148 ubox
84 90 0.087977337 ubox
84 93 0.475003836 ubox
84 94 0.012483991 ubox
84 95 0.006082619 ubox
84 96 0.009801477 ubox
84 100 0.027724233 ubox
84 102 0.023094722 ubox
84 116 0.103457498 ubox
84 117 0.007339196 ubox
84 129 0.015619352 ubox
84 136 0.006836926 ubox
84 145 0.013369097 ubox
84 154 0.003408252 ubox
84 163 0.006404171 ubox
84 357 0.010444530 ubox
84 360 0.073975686 ubox
84 361 0.005061289 ubox
84 396 0.007638315 ubox
84 399 0.058603620 ubox
85 92 0.513564530 ubox
85 98 0.059600334 ubox
85 99 0.016693065 ubox
85 101 0.022792638 ubox
85 115 0.103686632 ubox
85 128 0.013632347 ubox
85 135 0.003313345 ubox
85 144 0.013372454 ubox
85 153 0.003415353 ubox
85 162 0.004767368 ubox
85 356 0.011655598 ubox
85 359 0.072712935 ubox
85 395 0.007132475 ubox
85 398 0.059360129 ubox
86 91 0.529702176 ubox
86 94 0.044330149 ubox
86 97 0.071955531 ubox
86 100 0.021964064 ubox
86 114 0.103673540 ubox
86 127 0.007650604 ubox
86 136 0.014283414 ubox
86 143 0.013334830 ubox
86 152 0.003407747 ubox
86 160 0.003781642 ubox
86 355 0.011695266 ubox
86 358 0.076537185 ubox
86 397 0.059495126 ubox
87 93 0.069204239 ubox
87 95 0.005578218 ubox
87 96 0.073334416 ubox
87 112 0.012732433 ubox
87 127 0.004561689 ubox
87 159 0.003676488 ubox
87 354 0.011421435 ubox
87 357 0.076262109 ubox
88 92 0.064122149 ubox
88 99 0.011929825 ubox
88 111 0.012346821 ubox
88 125 0.010454679 ubox
88 126 0.004563366 ubox
88 135 0.004267702 ubox
88 141 0.006729057 ubox
88 356 0.071983825 ubox
88 394 0.006679665 ubox
88 395 0.071703941 ubox
89 98 0.011896042 ubox
89 110 0.011965138 ubox
89 111 0.096675160 ubox
89 124 0.010512182 ubox
89 125 0.004476809 ubox
89 134 0.004665748 ubox
89 140 0.006216365 ubox
89 393 0.005545154 ubox
89 394 0.105017177 ubox
90 109 0.010945534 ubox
90 110 0.096430887 ubox
90 111 0.011938409 ubox
90 123 0.009886272 ubox
90 124 0.004184128 ubox
90 133 0.004667029 ubox
90 137 0.003906834 ubox
90 138 0.004954480 ubox
90 393 0.123113368 ubox
91 109 0.096018675 ubox
91 110 0.014794389 ubox
91 113 0.032507787 ubox
91 132 0.004644333 ubox
91 137 0.013913293 ubox
91 392 0.127229287 ubox
92 112 0.032539109 ubox
92 121 0.007043945 ubox
92 357 0.004035854 ubox
92 391 0.127225554 ubox
93 107 0.065840640 ubox
93 111 0.032529520 ubox
93 120 0.006698570 ubox
93 133 0.012446053 ubox
93 356 0.006819129 ubox
93 390 0.127265341 ubox
94 106 0.066357805 ubox
94 107 0.071965823 ubox
94 110 0.032487616 ubox
94 126 0.003991799 ubox
94 132 0.012772242 ubox
94 135 0.900360239 ubox
94 389 0.127252629 ubox
94 395 0.003380574 ubox
95 105 0.059708172 ubox
95 106 0.072238898 ubox
95 109 0.027245901 ubox
95 125 0.004007528 ubox
95 133 0.033468685 ubox
95 134 0.916692065 ubox
95 135 0.008411374 ubox
95 168 0.009359394 ubox
95 388 0.115863698 ubox
95 394 0.003268948 ubox
95 432 0.005390191 ubox
96 104 0.050750294 ubox
96 105 0.077880226 ubox
96 107 0.003533956 ubox
96 124 0.003819750 ubox
96 132 0.039656953 ubox
96 133 0.934746035 ubox
96 134 0.010797316 ubox
96 167 0.016456379 ubox
96 388 0.004738805 ubox
96 432 0.119390858 ubox
97 104 0.082959282 ubox
97 106 0.003772734 ubox
97 109 0.003574246 ubox
97 110 0.003292414 ubox
97 132 0.936059736 ubox
97 148 0.004729188 ubox
97 166 0.032895162 ubox
97 384 0.066306123 ubox
97 431 0.125658691 ubox
98 122 0.003752163 ubox
98 130 0.938102274 ubox
98 147 0.005107401 ubox
98 165 0.036047128 ubox
98 352 0.222446075 ubox
98 353 0.010917680 ubox
98 354 0.010304184 ubox
98 383 0.064857741 ubox
98 402 0.010834637 ubox
98 430 0.125763350 ubox
99 108 0.026903948 ubox
99 114 0.011360021 ubox
99 121 0.004065473 ubox
99 127 0.004949466 ubox
99 129 0.945392637 ubox
99 136 0.009948838 ubox
99 142 0.009941691 ubox
99 146 0.005221580 ubox
99 164 0.037277543 ubox
99 351 0.254679734 ubox
99 352 0.009668685 ubox
99 353 0.013592713 ubox
99 382 0.062485276 ubox
99 385 0.008772028 ubox
99 401 0.014620000 ubox
99 429 0.125849490 ubox
100 107 0.026922649 ubox
100 109 0.040504458 ubox
100 113 0.011393379 ubox
100 120 0.003720431 ubox
100 126 0.005609599 ubox
100 128 0.945423246 ubox
100 135 0.010011450 ubox
100 137 0.004473184 ubox
100 140 0.021339508 ubox
100 141 0.007076344 ubox
100 350 0.254795118 ubox
100 381 0.062004601 ubox
100 384 0.008936109 ubox
100 400 0.015053085 ubox
100 428 0.125847884 ubox
101 108 0.041701677 ubox
101 112 0.011282213 ubox
101 121 0.010246759 ubox
101 127 0.944964857 ubox
101 136 0.005263504 ubox
101 139 0.022931734 ubox
101 142 0.007960436 ubox
101 163 0.038201499 ubox
101 169 0.008735287 ubox
101 351 0.043686106 ubox
101 380 0.057170517 ubox
101 383 0.006595933 ubox
101 399 0.014986063 ubox
101 427 0.125743354 ubox
102 107 0.041684586 ubox
102 110 0.011623864 ubox
102 120 0.007810669 ubox
102 126 0.944890298 ubox
102 135 0.005249493 ubox
102 138 0.022949822 ubox
102 141 0.007996854 ubox
102 162 0.038231092 ubox
102 168 0.008800591 ubox
102 350 0.046098024 ubox
102 364 0.003809881 ubox
102 426 0.121430237 ubox
103 109 0.011644986 ubox
103 120 0.937609793 ubox
103 132 0.011122192 ubox
103 137 0.022951534 ubox
103 140 0.007996852 ubox
103 161 0.038228540 ubox
103 167 0.008800048 ubox
103 363 0.003833882 ubox
103 381 0.005491234 ubox
103 423 0.010100330 ubox
103 426 0.006056266 ubox
104 108 0.010958195 ubox
104 119 0.939190485 ubox
104 122 0.006840316 ubox
104 131 0.011221593 ubox
104 136 0.022898431 ubox
104 139 0.007988035 ubox
104 160 0.038118026 ubox
104 283 0.005474471 ubox
104 347 0.299071917 ubox
104 380 0.005534066 ubox
104 410 0.004646141 ubox
104 422 0.003639631 ubox
105 118 0.939081543 ubox
105 121 0.006282619 ubox
105 122 0.006668998 ubox
105 130 0.011075318 ubox
105 158 0.012203996 ubox
105 159 0.036057967 ubox
105 165 0.008799541 ubox
105 282 0.005517227 ubox
105 346 0.300277834 ubox
105 379 0.005554023 ubox
105 409 0.004668558 ubox
106 117 0.938982205 ubox
106 119 0.006192354 ubox
106 121 0.005294735 ubox
106 122 0.097418673 ubox
106 129 0.010282581 ubox
106 157 0.017138946 ubox
106 158 0.033319433 ubox
106 164 0.008832870 ubox
106 281 0.005545351 ubox
106 345 0.300488528 ubox
106 378 0.005538230 ubox
106 408 0.004672481 ubox
107 114 0.128316745 ubox
107 116 0.929598508 ubox
107 118 0.006096785 ubox
107 121 0.109291862 ubox
107 127 0.007942838 ubox
107 129 0.004201097 ubox
107 136 0.020047229 ubox
107 149 0.020286445 ubox
107 156 0.015873623 ubox
107 157 0.027761802 ubox
107 163 0.008831220 ubox
107 280 0.005545924 ubox
107 344 0.300500652 ubox
107 407 0.004672149 ubox
108 113 0.173415240 ubox
108 120 0.110597000 ubox
108 126 0.008386649 ubox
108 128 0.005581164 ubox
108 132 0.028078353 ubox
108 135 0.020197931 ubox
108 148 0.023105622 ubox
108 162 0.008754336 ubox
108 279 0.005545854 ubox
108 343 0.300496834 ubox
109 117 0.016014260 ubox
109 118 0.010719888 ubox
109 119 0.108959930 ubox
109 127 0.005391235 ubox
109 131 0.027092476 ubox
109 147 0.023135887 ubox
109 155 0.013134080 ubox
109 156 0.011255900 ubox
109 157 0.004077577 ubox
109 278 0.005545321 ubox
109 342 0.300464253 ubox
109 375 0.005430680 ubox
109 405 0.004672276 ubox
110 116 0.017237539 ubox
110 117 0.061085718 ubox
110 118 0.081308628 ubox
110 119 0.012524663 ubox
110 122 0.007541725 ubox
110 130 0.021621078 ubox
110 131 0.042762895 ubox
110 146 0.023179936 ubox
110 154 0.013537210 ubox
110 155 0.007750176 ubox
110 156 0.004408066 ubox
110 160 0.007163853 ubox
110 277 0.005534342 ubox
110 341 0.300281568 ubox
110 374 0.005448742 ubox
110 404 0.004672550 ubox
111 118 0.015865513 ubox
111 121 0.008197789 ubox
111 130 0.043018043 ubox
111 145 0.023174007 ubox
111 155 0.004162511 ubox
111 159 0.006944777 ubox
111 340 0.300411815 ubox
111 373 0.005236189 ubox
111 403 0.004618067 ubox
112 120 0.008253773 ubox
112 144 0.023124147 ubox
112 150 0.005767983 ubox
112 153 0.011669461 ubox
112 339 0.300267512 ubox
112 369 0.003276213 ubox
112 372 0.004358507 ubox
113 119 0.008108225 ubox
113 121 0.009787945 ubox
113 129 0.055889814 ubox
113 136 0.003360313 ubox
113 142 0.008708685 ubox
113 143 0.021400971 ubox
113 149 0.005834333 ubox
113 152 0.011685476 ubox
113 338 0.300467092 ubox
113 368 0.003796392 ubox
113 401 0.004353066 ubox
114 120 0.010141920 ubox
114 128 0.056068011 ubox
114 135 0.003372857 ubox
114 141 0.012198312 ubox
114 148 0.005834827 ubox
114 151 0.011634617 ubox
114 224 0.003187402 ubox
114 232 0.003927881 ubox
114 337 0.299947003 ubox
114 400 0.004473029 ubox
115 121 0.006638980 ubox
115 127 0.056051203 ubox
115 147 0.005706896 ubox
115 223 0.003522552 ubox
115 228 0.004700973 ubox
115 231 0.004110795 ubox
115 336 0.257533298 ubox
115 366 0.004873066 ubox
116 120 0.007864507 ubox
116 126 0.053777967 ubox
116 138 0.004584674 ubox
116 141 0.018826068 ubox
116 225 0.208845199 ubox
116 227 0.005373647 ubox
116 230 0.004257929 ubox
116 335 0.188064173 ubox
116 365 0.005069767 ubox
117 126 0.025815022 ubox
117 135 0.004560272 ubox
117 137 0.004564914 ubox
117 138 0.010333565 ubox
117 140 0.018852958 ubox
117 141 0.004443068 ubox
117 224 0.209857800 ubox
117 225 0.019483080 ubox
117 227 0.022373974 ubox
117 229 0.004160575 ubox
117 334 0.160486439 ubox
117 335 0.004301513 ubox
117 364 0.005057480 ubox
118 125 0.029154282 ubox
118 133 0.080111645 ubox
118 134 0.004849363 ubox
118 138 0.018934928 ubox
118 141 0.004384283 ubox
118 219 0.005061353 ubox
118 224 0.018211391 ubox
118 225 0.011639490 ubox
118 226 0.031990049 ubox
118 301 0.042498572 ubox
118 333 0.082674733 ubox
119 128 0.014726247 ubox
119 132 0.084030599 ubox
119 137 0.022278854 ubox
119 140 0.006946992 ubox
119 161 0.004115574 ubox
119 218 0.005256585 ubox
119 221 0.263417156 ubox
119 224 0.015628750 ubox
119 225 0.032617460 ubox
119 294 0.029526580 ubox
119 300 0.044889298 ubox
119 303 0.027547321 ubox
119 331 0.003993980 ubox
119 363 0.004342745 ubox
120 127 0.011156930 ubox
120 129 0.027290310 ubox
120 131 0.082756366 ubox
120 136 0.022652325 ubox
120 139 0.007125426 ubox
120 142 0.003436293 ubox
120 160 0.004151365 ubox
120 220 0.264672028 ubox
120 223 0.015122763 ubox
120 293 0.030304491 ubox
120 299 0.044889270 ubox
120 302 0.027701359 ubox
120 362 0.004321939 ubox
121 126 0.005276325 ubox
121 128 0.028173843 ubox
121 135 0.022519573 ubox
121 138 0.007110170 ubox
121 141 0.003425751 ubox
121 218 0.004049342 ubox
121 219 0.264094657 ubox
121 225 0.009815846 ubox
121 226 0.003694035 ubox
121 292 0.030184849 ubox
121 298 0.044857573 ubox
121 301 0.027686765 ubox
122 128 0.016342468 ubox
122 134 0.020847657 ubox
122 137 0.004361864 ubox
122 218 0.262015857 ubox
122 224 0.014735847 ubox
122 225 0.003421769 ubox
122 291 0.029849167 ubox
122 297 0.043880880 ubox
122 300 0.026939467 ubox
123 127 0.014073514 ubox
123 223 0.015840346 ubox
123 290 0.028608065 ubox
123 296 0.040535138 ubox
123 299 0.025537269 ubox
124 222 0.015933070 ubox
125 155 0.021487107 ubox
125 165 0.007101220 ubox
125 286 0.016753023 ubox
125 296 0.023017684 ubox
126 136 0.011166335 ubox
126 154 0.023497562 ubox
126 164 0.007859403 ubox
126 212 0.005043930 ubox
126 216 0.009086120 ubox
126 220 0.011986869 ubox
126 285 0.017423449 ubox
126 293 0.025266178 ubox
126 295 0.025729942 ubox
126 305 0.003600331 ubox
127 135 0.011111165 ubox
127 137 0.020222340 ubox
127 150 0.003855288 ubox
127 153 0.023508004 ubox
127 211 0.005522585 ubox
127 215 0.008990370 ubox
127 217 0.280138814 ubox
127 219 0.008573205 ubox
127 284 0.013388211 ubox
127 291 0.004358480 ubox
127 292 0.012404669 ubox
127 294 0.023484741 ubox
128 136 0.091601290 ubox
128 139 0.003790238 ubox
128 149 0.003912300 ubox
128 152 0.023513629 ubox
128 163 0.008764187 ubox
128 210 0.005566113 ubox
128 216 0.283191273 ubox
128 283 0.012634577 ubox
128 290 0.010144588 ubox
128 293 0.022888343 ubox
128 295 0.003506248 ubox
128 304 0.004051374 ubox
129 135 0.091933924 ubox
129 138 0.003791085 ubox
129 148 0.003911291 ubox
129 151 0.023512499 ubox
129 162 0.008732811 ubox
129 215 0.283262970 ubox
129 289 0.010495140 ubox
129 294 0.003494909 ubox
129 303 0.004052437 ubox
130 134 0.082975575 ubox
130 150 0.023272441 ubox
130 162 0.004634380 ubox
130 214 0.273535071 ubox
130 288 0.009779977 ubox
130 292 0.015372781 ubox
130 301 0.003482660 ubox
131 137 0.007986016 ubox
131 148 0.012436943 ubox
131 161 0.012481341 ubox
131 291 0.015377619 ubox
131 300 0.003499805 ubox
132 136 0.010263163 ubox
132 146 0.013354074 ubox
132 147 0.006771340 ubox
132 156 0.004497966 ubox
132 160 0.012734225 ubox
132 290 0.011844453 ubox
133 145 0.013232035 ubox
133 155 0.004498007 ubox
133 159 0.012731343 ubox
134 158 0.012703600 ubox
134 286 0.004839847 ubox
135 142 0.016827191 ubox
135 149 0.015056079 ubox
135 152 0.024297448 ubox
135 157 0.012074514 ubox
135 206 0.005675137 ubox
135 209 0.299786508 ubox
135 285 0.004941873 ubox
136 141 0.016912304 ubox
136 148 0.015071202 ubox
136 151 0.024706397 ubox
136 205 0.005698137 ubox
136 208 0.300260651 ubox
137 143 0.004317453 ubox
137 147 0.014927888 ubox
137 155 0.006663224 ubox
137 156 0.005271830 ubox
137 204 0.005698763 ubox
137 207 0.300268777 ubox
137 210 0.016015034 ubox
137 281 0.006457019 ubox
138 142 0.004264626 ubox
138 146 0.014811222 ubox
138 149 0.029858596 ubox
138 152 0.010072342 ubox
138 154 0.006734971 ubox
138 155 0.003635508 ubox
138 203 0.005693891 ubox
138 206 0.300273715 ubox
138 209 0.016212919 ubox
138 280 0.006547493 ubox
139 148 0.029960853 ubox
139 151 0.010085375 ubox
139 199 0.006727787 ubox
139 205 0.300242263 ubox
139 208 0.016214413 ubox
139 279 0.006548952 ubox
140 147 0.029645628 ubox
140 164 0.003864592 ubox
140 194 0.003435423 ubox
140 198 0.013973346 ubox
140 203 0.004069701 ubox
140 204 0.299915008 ubox
140 207 0.016214203 ubox
140 278 0.006548527 ubox
141 146 0.029145973 ubox
141 149 0.011307394 ubox
141 152 0.008811245 ubox
141 163 0.004321881 ubox
141 193 0.003500653 ubox
141 197 0.058509490 ubox
141 203 0.294259521 ubox
141 206 0.016208409 ubox
141 277 0.006528645 ubox
142 148 0.011501832 ubox
142 151 0.009053200 ubox
142 162 0.004468508 ubox
142 167 0.025721907 ubox
142 168 0.003239501 ubox
142 196 0.174677728 ubox
142 205 0.013525033 ubox
142 237 0.004403214 ubox
143 161 0.004463342 ubox
143 166 0.025778770 ubox
143 167 0.003223485 ubox
143 195 0.174508926 ubox
143 199 0.147168628 ubox
143 236 0.004405143 ubox
144 165 0.025037635 ubox
144 189 0.005886268 ubox
144 197 0.073471616 ubox
144 198 0.131489560 ubox
144 202 0.017424608 ubox
145 188 0.004114361 ubox
145 192 0.171623262 ubox
145 196 0.097329236 ubox
145 200 0.049909388 ubox
145 201 0.017493156 ubox
145 235 0.004309559 ubox
146 162 0.024862119 ubox
146 191 0.173880537 ubox
146 195 0.099554383 ubox
146 196 0.089121768 ubox
146 199 0.051435239 ubox
146 234 0.004306012 ubox
147 161 0.024917865 ubox
147 188 0.272762132 ubox
147 191 0.004490167 ubox
147 195 0.065033868 ubox
148 160 0.024884486 ubox
148 163 0.008271925 ubox
148 184 0.004179373 ubox
148 187 0.298327444 ubox
148 194 0.023218488 ubox
148 197 0.004255512 ubox
148 233 0.005876051 ubox
149 162 0.008267324 ubox
149 166 0.006417681 ubox
149 183 0.005022878 ubox
149 186 0.298947130 ubox
149 196 0.004355616 ubox
149 232 0.006306318 ubox
150 158 0.023690652 ubox
150 159 0.006109200 ubox
150 165 0.006424015 ubox
150 182 0.004112467 ubox
150 185 0.298161980 ubox
150 231 0.006300317 ubox
151 157 0.024097819 ubox
151 158 0.005033549 ubox
151 163 0.004478510 ubox
151 164 0.005513330 ubox
151 182 0.056420515 ubox
151 184 0.293557922 ubox
152 162 0.005555669 ubox
152 181 0.060454748 ubox
152 183 0.293228873 ubox
152 229 0.006311355 ubox
153 180 0.064569152 ubox
153 182 0.292147018 ubox
153 228 0.006312426 ubox
154 179 0.068365138 ubox
154 181 0.291096235 ubox
154 227 0.006313789 ubox
155 168 0.006437790 ubox
155 178 0.069576300 ubox
155 226 0.006313295 ubox
156 162 0.006212098 ubox
156 167 0.007733564 ubox
156 168 0.003567402 ubox
156 225 0.006312994 ubox
157 161 0.006190823 ubox
157 166 0.007751863 ubox
157 167 0.003587155 ubox
157 179 0.128153910 ubox
157 224 0.006284811 ubox
158 166 0.003547996 ubox
158 178 0.119661642 ubox
158 179 0.019340082 ubox
158 201 0.006080171 ubox
159 178 0.023039397 ubox
159 200 0.006870735 ubox
160 171 0.293878770 ubox
160 173 0.013121914 ubox
160 199 0.006918304 ubox
160 208 0.004464660 ubox
160 221 0.005343083 ubox
161 170 0.295558192 ubox
161 175 0.046603247 ubox
161 198 0.006898348 ubox
161 207 0.004592992 ubox
161 220 0.005165515 ubox
162 169 0.295574086 ubox
162 172 0.004272296 ubox
162 174 0.046783273 ubox
162 180 0.003330592 ubox
162 197 0.006917462 ubox
162 206 0.004642551 ubox
163 168 0.294641854 ubox
163 171 0.004333238 ubox
163 173 0.046766526 ubox
163 179 0.003188014 ubox
163 196 0.006847219 ubox
163 205 0.004621950 ubox
164 179 0.003288143 ubox
164 195 0.006759930 ubox
164 218 0.003958304 ubox
165 171 0.038264776 ubox
165 178 0.003491924 ubox
165 217 0.003955557 ubox
166 170 0.037268334 ubox
166 172 0.003860993 ubox
166 177 0.003299884 ubox
166 194 0.006512571 ubox
166 216 0.003916114 ubox
167 175 0.005150650 ubox
167 193 0.006505677 ubox
167 198 0.008342123 ubox
167 210 0.004080124 ubox
168 174 0.005190403 ubox
168 197 0.026995177 ubox
168 209 0.004085571 ubox
169 173 0.005183050 ubox
169 196 0.028268738 ubox
169 208 0.004060597 ubox
170 191 0.005286736 ubox
170 195 0.028276567 ubox
171 189 0.004528810 ubox
171 190 0.005187072 ubox
171 194 0.028263813 ubox
171 206 0.003915602 ubox
172 178 0.007352433 ubox
172 179 0.005274294 ubox
172 188 0.006835917 ubox
172 205 0.003784606 ubox
173 177 0.006565795 ubox
173 187 0.006912574 ubox
173 193 0.028477168 ubox
173 204 0.003739443 ubox
174 186 0.005260450 ubox
174 192 0.028481649 ubox
174 200 0.003614489 ubox
175 186 0.004564678 ubox
175 191 0.028464259 ubox
175 199 0.003662425 ubox
176 184 0.004241372 ubox
176 185 0.004610375 ubox
176 189 0.004796239 ubox
176 198 0.003533286 ubox
177 183 0.004399445 ubox
177 188 0.004778403 ubox
178 182 0.003690897 ubox
179 187 0.009253343 ubox
179 189 0.046302742 ubox
179 220 0.010479269 ubox
179 391 0.010669109 ubox
180 186 0.009129919 ubox
180 188 0.047648400 ubox
180 195 0.003435542 ubox
180 219 0.010472554 ubox
180 390 0.012149347 ubox
181 185 0.004292184 ubox
181 187 0.047854893 ubox
181 189 0.007268866 ubox
181 190 0.003379850 ubox
181 194 0.003682043 ubox
182 186 0.044827957 ubox
182 188 0.008205092 ubox
182 217 0.010589429 ubox
182 388 0.013890074 ubox
183 187 0.008362051 ubox
183 190 0.008499774 ubox
183 193 0.015238171 ubox
183 216 0.010622989 ubox
183 220 0.003857647 ubox
183 387 0.014090019 ubox
184 188 0.005178906 ubox
184 192 0.018512761 ubox
184 215 0.010580247 ubox
184 218 0.015724004 ubox
184 219 0.003358291 ubox
184 386 0.010059197 ubox
185 191 0.028141282 ubox
185 214 0.010227867 ubox
185 217 0.037066491 ubox
185 386 0.033806516 ubox
185 388 0.003708035 ubox
186 190 0.042196633 ubox
186 216 0.039715750 ubox
186 385 0.037994055 ubox
186 387 0.003793483 ubox
187 215 0.039680807 ubox
187 384 0.038519631 ubox
187 392 0.008524839 ubox
188 197 0.024683718 ubox
188 202 0.008382053 ubox
188 212 0.004622839 ubox
188 383 0.037830748 ubox
188 391 0.008537728 ubox
189 196 0.032262204 ubox
189 200 0.170324501 ubox
189 201 0.008825521 ubox
189 211 0.004745929 ubox
189 390 0.008534376 ubox
190 195 0.034164785 ubox
190 199 0.174267107 ubox
190 208 0.012949394 ubox
190 381 0.038363964 ubox
190 384 0.007812584 ubox
190 389 0.008158123 ubox
191 198 0.165615430 ubox
191 207 0.013073289 ubox
191 380 0.038510001 ubox
191 383 0.009698553 ubox
192 197 0.145075174 ubox
192 379 0.037616606 ubox
192 382 0.009784264 ubox
193 381 0.009649259 ubox
194 205 0.041481118 ubox
194 208 0.043968647 ubox
194 381 0.003305672 ubox
195 204 0.043602125 ubox
195 207 0.044543994 ubox
195 246 0.003456823 ubox
195 374 0.035484963 ubox
195 375 0.009220254 ubox
195 379 0.010018234 ubox
195 380 0.003612631 ubox
195 434 0.004834616 ubox
196 202 0.006470546 ubox
196 203 0.043628221 ubox
196 206 0.044607681 ubox
196 245 0.003575889 ubox
196 373 0.035581286 ubox
196 374 0.009500709 ubox
196 378 0.011777411 ubox
196 433 0.004913194 ubox
197 201 0.007828738 ubox
197 205 0.038950452 ubox
197 244 0.003897595 ubox
197 372 0.034833042 ubox
197 377 0.011735056 ubox
197 432 0.004907190 ubox
198 205 0.058186211 ubox
198 208 0.007199069 ubox
198 211 0.006914311 ubox
198 221 0.004029185 ubox
198 225 0.003251519 ubox
198 243 0.004158695 ubox
198 369 0.118946073 ubox
198 371 0.021130430 ubox
198 376 0.006406539 ubox
198 431 0.004780373 ubox
199 204 0.111686223 ubox
199 207 0.022419234 ubox
199 210 0.009140569 ubox
199 220 0.007682701 ubox
199 223 0.003498930 ubox
199 242 0.004246034 ubox
199 283 0.003661913 ubox
199 368 0.164968069 ubox
199 403 0.003397247 ubox
199 404 0.011338803 ubox
199 430 0.008536306 ubox
199 435 0.008197736 ubox
200 222 0.004127239 ubox
200 223 0.005095743 ubox
200 282 0.003536890 ubox
200 367 0.165338769 ubox
200 402 0.003807461 ubox
200 403 0.011313921 ubox
200 435 0.004704434 ubox
201 212 0.006423410 ubox
201 222 0.005700076 ubox
201 366 0.165400364 ubox
201 401 0.003805750 ubox
201 402 0.010421466 ubox
201 435 0.004723029 ubox
202 211 0.006844513 ubox
202 219 0.062977857 ubox
202 221 0.004081690 ubox
202 226 0.070203077 ubox
202 235 0.014873572 ubox
202 238 0.008888513 ubox
202 365 0.165389490 ubox
202 432 0.153361886 ubox
203 218 0.065820636 ubox
203 225 0.071497703 ubox
203 230 0.015378345 ubox
203 234 0.015207558 ubox
203 237 0.009157655 ubox
203 364 0.165493835 ubox
203 431 0.159698641 ubox
204 221 0.009748059 ubox
204 224 0.071511809 ubox
204 229 0.015405250 ubox
204 232 0.023381159 ubox
204 236 0.009142676 ubox
204 363 0.165475477 ubox
204 400 0.009292864 ubox
204 426 0.003277149 ubox
204 428 0.644247536 ubox
204 431 0.100482540 ubox
205 216 0.111740132 ubox
205 220 0.010147557 ubox
205 222 0.013641403 ubox
205 223 0.067370555 ubox
205 228 0.015378971 ubox
205 231 0.029483521 ubox
205 360 0.004171354 ubox
205 362 0.162916455 ubox
205 399 0.009272525 ubox
205 427 0.651310474 ubox
205 429 0.346756113 ubox
205 430 0.124432337 ubox
206 215 0.112663914 ubox
206 221 0.018762470 ubox
206 225 0.006150330 ubox
206 227 0.015358891 ubox
206 230 0.030898032 ubox
206 359 0.006606448 ubox
206 426 0.650496374 ubox
206 428 0.250471609 ubox
207 221 0.066564421 ubox
207 224 0.006189998 ubox
207 229 0.030899465 ubox
207 232 0.011153245 ubox
207 359 0.078523199 ubox
207 423 0.004162916 ubox
207 426 0.046545665 ubox
207 428 0.569769039 ubox
207 431 0.019965421 ubox
208 216 0.146562663 ubox
208 220 0.064307275 ubox
208 222 0.009577273 ubox
208 223 0.004477309 ubox
208 228 0.030704177 ubox
208 231 0.012816146 ubox
208 358 0.078219827 ubox
208 360 0.044392790 ubox
208 396 0.005489417 ubox
208 424 0.641923519 ubox
208 425 0.042539042 ubox
208 427 0.624007032 ubox
208 429 0.147101229 ubox
208 430 0.005808830 ubox
209 215 0.147128716 ubox
209 221 0.010137056 ubox
209 225 0.028983907 ubox
209 227 0.030341226 ubox
209 230 0.013222585 ubox
209 359 0.045073815 ubox
209 395 0.005466677 ubox
209 423 0.630927682 ubox
209 426 0.610212631 ubox
209 428 0.148570842 ubox
210 224 0.029685984 ubox
210 229 0.013226225 ubox
210 300 0.030665100 ubox
210 303 0.005474376 ubox
210 423 0.090208495 ubox
210 426 0.193427045 ubox
210 431 0.015910581 ubox
211 222 0.004911382 ubox
211 223 0.028102442 ubox
211 228 0.013178865 ubox
211 299 0.030749073 ubox
211 302 0.005480061 ubox
211 357 0.034807278 ubox
211 360 0.005516144 ubox
211 422 0.103703445 ubox
211 425 0.229326375 ubox
211 430 0.015916992 ubox
212 221 0.006273672 ubox
212 224 0.016522620 ubox
212 227 0.012485275 ubox
212 298 0.029936654 ubox
212 301 0.005278386 ubox
212 307 0.006770270 ubox
212 356 0.034209741 ubox
212 359 0.005497629 ubox
212 423 0.568023819 ubox
212 426 0.008951371 ubox
212 431 0.005590714 ubox
213 223 0.015433946 ubox
213 306 0.007824242 ubox
213 353 0.078863409 ubox
213 354 0.016429313 ubox
213 422 0.849646136 ubox
213 425 0.017575446 ubox
213 430 0.007229750 ubox
214 222 0.013988466 ubox
214 223 0.034251951 ubox
214 296 0.031045423 ubox
214 306 0.004571398 ubox
214 352 0.081414278 ubox
214 353 0.016515051 ubox
214 354 0.009782537 ubox
214 421 0.871208833 ubox
214 422 0.011012205 ubox
214 425 0.273764224 ubox
214 430 0.004034598 ubox
215 222 0.042263637 ubox
215 290 0.003369800 ubox
215 295 0.031706104 ubox
215 304 0.089723901 ubox
215 305 0.004703394 ubox
215 344 0.003998818 ubox
215 351 0.081185442 ubox
215 352 0.015937344 ubox
215 353 0.007558013 ubox
215 360 0.008180138 ubox
215 420 0.873624811 ubox
215 424 0.278895670 ubox
215 427 0.070230151 ubox
215 429 0.003996000 ubox
216 221 0.043104903 ubox
216 224 0.013574129 ubox
216 289 0.003708744 ubox
216 291 0.005968514 ubox
216 294 0.031612755 ubox
216 303 0.090126593 ubox
216 343 0.004031846 ubox
216 350 0.080791010 ubox
216 359 0.008359898 ubox
216 414 0.004907423 ubox
216 419 0.872518426 ubox
216 423 0.278884169 ubox
216 426 0.070501672 ubox
216 428 0.003841446 ubox
217 223 0.013358461 ubox
217 286 0.005314536 ubox
217 290 0.006413515 ubox
217 296 0.007192648 ubox
217 302 0.089657289 ubox
217 346 0.010632330 ubox
217 352 0.004885595 ubox
217 353 0.005798303 ubox
217 354 0.035093989 ubox
217 403 0.109463384 ubox
217 409 0.003918128 ubox
217 413 0.005997065 ubox
217 421 0.021712859 ubox
217 422 0.274328062 ubox
217 425 0.070518919 ubox
218 222 0.009427343 ubox
218 285 0.006266383 ubox
218 295 0.016085358 ubox
218 305 0.004048592 ubox
218 341 0.004165921 ubox
218 345 0.010747830 ubox
218 347 0.019621600 ubox
218 352 0.005656650 ubox
218 353 0.043927287 ubox
218 354 0.031563411 ubox
218 355 0.031746661 ubox
218 358 0.006255127 ubox
218 361 0.129753637 ubox
218 402 0.133745820 ubox
218 403 0.004752694 ubox
218 404 0.006450237 ubox
218 408 0.003873157 ubox
218 410 0.012817960 ubox
218 420 0.030094234 ubox
218 421 0.212739383 ubox
218 422 0.037040059 ubox
218 424 0.070276447 ubox
219 228 0.005615939 ubox
219 290 0.035962977 ubox
219 340 0.004333225 ubox
219 346 0.018968084 ubox
219 352 0.045073228 ubox
219 353 0.034273025 ubox
219 354 0.030644461 ubox
219 357 0.006101287 ubox
219 360 0.129950477 ubox
219 401 0.136964727 ubox
219 402 0.003686784 ubox
219 403 0.004905111 ubox
219 409 0.012729398 ubox
219 421 0.059273339 ubox
220 227 0.006256899 ubox
220 289 0.038262727 ubox
220 291 0.005937749 ubox
220 294 0.026559785 ubox
220 300 0.108422436 ubox
220 303 0.008239923 ubox
220 339 0.004376932 ubox
220 343 0.006650946 ubox
220 359 0.129967010 ubox
220 400 0.138561467 ubox
220 414 0.487155578 ubox
220 423 0.036669904 ubox
220 428 0.003436967 ubox
221 285 0.039446993 ubox
221 290 0.005346176 ubox
221 293 0.026896747 ubox
221 299 0.109324465 ubox
221 302 0.008231361 ubox
221 338 0.004370128 ubox
221 342 0.006610044 ubox
221 344 0.008369621 ubox
221 351 0.103158677 ubox
221 358 0.118690281 ubox
221 399 0.138377037 ubox
221 407 0.013135680 ubox
221 413 0.475075936 ubox
221 416 0.184836181 ubox
221 420 0.282378265 ubox
221 422 0.008129963 ubox
221 427 0.003418518 ubox
222 284 0.037039375 ubox
222 288 0.024701853 ubox
222 292 0.026397188 ubox
222 298 0.109861018 ubox
222 301 0.008289643 ubox
222 337 0.003831336 ubox
222 343 0.007255026 ubox
222 350 0.108391091 ubox
222 356 0.007384207 ubox
222 398 0.118313010 ubox
222 406 0.009415746 ubox
222 412 0.336038253 ubox
222 415 0.180129224 ubox
222 419 0.283193141 ubox
223 247 0.005963378 ubox
223 284 0.083813963 ubox
223 287 0.026237595 ubox
223 291 0.023079454 ubox
223 297 0.109801220 ubox
223 300 0.007758011 ubox
223 343 0.003287188 ubox
223 349 0.143548946 ubox
223 356 0.107391032 ubox
223 398 0.048484744 ubox
223 406 0.023892584 ubox
223 412 0.790532056 ubox
223 414 0.108892826 ubox
223 418 0.283103123 ubox
224 246 0.006473903 ubox
224 251 0.080521363 ubox
224 252 0.003312291 ubox
224 281 0.010303188 ubox
224 282 0.068281712 ubox
224 283 0.091395418 ubox
224 286 0.025486104 ubox
224 290 0.014863981 ubox
224 296 0.109650452 ubox
224 299 0.005172513 ubox
224 305 0.006119476 ubox
224 342 0.004469026 ubox
224 348 0.146211898 ubox
224 354 0.007631942 ubox
224 355 0.109035566 ubox
224 397 0.068544936 ubox
224 405 0.027484319 ubox
224 408 0.006066685 ubox
224 409 0.007909273 ubox
224 410 0.019993568 ubox
224 411 0.875324700 ubox
224 413 0.007824070 ubox
224 417 0.283251068 ubox
224 434 0.003351405 ubox
225 245 0.006250852 ubox
225 246 0.004267649 ubox
225 250 0.100648666 ubox
225 280 0.008754511 ubox
225 281 0.103985597 ubox
225 282 0.082418815 ubox
225 283 0.115054341 ubox
225 285 0.022065050 ubox
225 295 0.108987381 ubox
225 304 0.006117391 ubox
225 341 0.004038200 ubox
225 347 0.146148978 ubox
225 353 0.021066349 ubox
225 354 0.089993347 ubox
225 355 0.007410642 ubox
225 396 0.051811656 ubox
225 404 0.027483914 ubox
225 407 0.006035636 ubox
225 408 0.010340439 ubox
225 409 0.017923683 ubox
225 410 0.875457474 ubox
225 416 0.282360995 ubox
225 433 0.003364115 ubox
226 245 0.004165912 ubox
226 249 0.101511567 ubox
226 282 0.117579844 ubox
226 286 0.006824601 ubox
226 296 0.004216277 ubox
226 340 0.003851900 ubox
226 346 0.142437291 ubox
226 352 0.028689829 ubox
226 353 0.079921963 ubox
226 354 0.008008222 ubox
226 403 0.026641562 ubox
226 409 0.873445561 ubox
227 242 0.047216002 ubox
227 248 0.101827185 ubox
227 280 0.382899566 ubox
227 281 0.085048970 ubox
227 285 0.007911782 ubox
227 293 0.023910223 ubox
227 295 0.004572989 ubox
227 344 0.008170694 ubox
227 345 0.075888544 ubox
227 351 0.034179577 ubox
227 352 0.017487169 ubox
227 399 0.018191473 ubox
227 402 0.003533823 ubox
227 407 0.612353115 ubox
227 408 0.616447005 ubox
227 413 0.249767956 ubox
227 416 0.016139243 ubox
228 241 0.047596402 ubox
228 247 0.102012559 ubox
228 279 0.398844380 ubox
228 284 0.007754824 ubox
228 287 0.010406437 ubox
228 289 0.003522612 ubox
228 292 0.022608704 ubox
228 294 0.004471156 ubox
228 343 0.010953943 ubox
228 349 0.033757535 ubox
228 350 0.022878748 ubox
228 398 0.021456404 ubox
228 406 0.864194603 ubox
228 412 0.250096883 ubox
228 415 0.028844962 ubox
229 240 0.047648693 ubox
229 246 0.102040646 ubox
229 251 0.004255403 ubox
229 278 0.406544230 ubox
229 281 0.027972650 ubox
229 283 0.005788921 ubox
229 286 0.010620599 ubox
229 290 0.004274025 ubox
229 293 0.004339771 ubox
229 342 0.007882312 ubox
229 345 0.012358720 ubox
229 348 0.038706292 ubox
229 352 0.009415135 ubox
229 397 0.021534237 ubox
229 404 0.007773605 ubox
229 405 0.866339810 ubox
229 408 0.032374061 ubox
229 411 0.249987177 ubox
230 239 0.047707916 ubox
230 242 0.004270146 ubox
230 245 0.101179110 ubox
230 250 0.006707391 ubox
230 277 0.406722326 ubox
230 280 0.028822380 ubox
230 282 0.004441696 ubox
230 285 0.010266248 ubox
230 290 0.013918623 ubox
230 341 0.003452916 ubox
230 344 0.013399652 ubox
230 347 0.038668127 ubox
230 351 0.010665711 ubox
230 396 0.021298311 ubox
230 399 0.011173829 ubox
230 403 0.007237115 ubox
230 404 0.864860402 ubox
230 407 0.036809677 ubox
230 408 0.003249025 ubox
230 409 0.003343207 ubox
230 410 0.249578807 ubox
230 413 0.034029778 ubox
231 238 0.047441703 ubox
231 241 0.004631339 ubox
231 243 0.081815769 ubox
231 244 0.073772993 ubox
231 274 0.016975837 ubox
231 276 0.395660710 ubox
231 279 0.029162868 ubox
231 284 0.009699260 ubox
231 287 0.194097526 ubox
231 289 0.017660843 ubox
231 343 0.013377541 ubox
231 349 0.132110240 ubox
231 350 0.010080154 ubox
231 395 0.018978596 ubox
231 398 0.019485327 ubox
231 400 0.104068033 ubox
231 406 0.037061398 ubox
231 412 0.034173445 ubox
232 239 0.014332683 ubox
232 242 0.107876164 ubox
232 248 0.039978980 ubox
232 273 0.020345244 ubox
232 277 0.013925521 ubox
232 278 0.028829545 ubox
232 280 0.009102332 ubox
232 283 0.008638092 ubox
232 285 0.854384759 ubox
232 286 0.041892584 ubox
232 342 0.013011823 ubox
232 344 0.008677771 ubox
232 348 0.136013919 ubox
232 397 0.016846253 ubox
232 399 0.107338630 ubox
232 401 0.012881705 ubox
232 405 0.034237720 ubox
232 407 0.172032089 ubox
232 411 0.034185389 ubox
233 238 0.014302550 ubox
233 241 0.107748817 ubox
233 243 0.013936646 ubox
233 247 0.043041989 ubox
233 254 0.027636717 ubox
233 274 0.359744752 ubox
233 276 0.013656805 ubox
233 279 0.008986323 ubox
233 284 0.861415971 ubox
233 343 0.008593068 ubox
233 349 0.013178450 ubox
233 398 0.103767606 ubox
233 400 0.011059586 ubox
233 406 0.171704945 ubox
234 240 0.103288771 ubox
234 242 0.014925823 ubox
234 246 0.043442168 ubox
234 249 0.003565779 ubox
234 250 0.014047107 ubox
234 252 0.015062992 ubox
234 253 0.031539485 ubox
234 270 0.103177066 ubox
234 273 0.402678767 ubox
234 278 0.006365542 ubox
234 283 0.862430481 ubox
234 342 0.008272461 ubox
234 347 0.145245117 ubox
234 348 0.009726919 ubox
234 397 0.098454669 ubox
234 399 0.012010449 ubox
234 402 0.003239202 ubox
234 403 0.004078027 ubox
234 404 0.027347645 ubox
234 405 0.169660422 ubox
234 410 0.034756626 ubox
235 245 0.043015372 ubox
235 248 0.006933719 ubox
235 249 0.015739069 ubox
235 251 0.042435537 ubox
235 252 0.045282382 ubox
235 269 0.106605414 ubox
235 272 0.405361065 ubox
235 282 0.862444304 ubox
235 341 0.007312850 ubox
235 346 0.146919539 ubox
235 401 0.003385904 ubox
235 402 0.004468268 ubox
235 403 0.029696364 ubox
235 409 0.035725251 ubox
236 246 0.007184626 ubox
236 248 0.014701375 ubox
236 250 0.047166423 ubox
236 251 0.052873160 ubox
236 268 0.107249694 ubox
236 271 0.405763537 ubox
236 278 0.010764186 ubox
236 281 0.862556118 ubox
236 340 0.004747539 ubox
236 342 0.004622527 ubox
236 345 0.147159622 ubox
236 348 0.029917370 ubox
236 397 0.007168232 ubox
236 401 0.003816279 ubox
236 402 0.024911120 ubox
236 403 0.130483650 ubox
236 404 0.085837143 ubox
236 405 0.028817178 ubox
236 408 0.035731573 ubox
237 245 0.005615489 ubox
237 246 0.055286533 ubox
237 249 0.045969912 ubox
237 250 0.056406016 ubox
237 267 0.107259723 ubox
237 270 0.405726848 ubox
237 277 0.011347486 ubox
237 280 0.861417286 ubox
237 341 0.004854700 ubox
237 344 0.146185271 ubox
237 347 0.030045578 ubox
237 396 0.006736048 ubox
237 401 0.016567239 ubox
237 402 0.142494066 ubox
237 403 0.081039206 ubox
237 404 0.030637403 ubox
237 407 0.035663937 ubox
238 245 0.062067309 ubox
238 248 0.045481160 ubox
238 249 0.055390184 ubox
238 251 0.009994640 ubox
238 252 0.008535620 ubox
238 265 0.005276920 ubox
238 266 0.104970049 ubox
238 269 0.395355892 ubox
238 290 0.006731714 ubox
238 340 0.008108284 ubox
238 346 0.028845115 ubox
238 401 0.145024669 ubox
238 402 0.073512912 ubox
238 403 0.030068888 ubox
239 255 0.022055348 ubox
239 256 0.004838019 ubox
239 262 0.021885392 ubox
239 289 0.007738935 ubox
239 339 0.008115869 ubox
239 395 0.003882113 ubox
239 400 0.145655896 ubox
240 254 0.025494007 ubox
240 255 0.004744234 ubox
240 261 0.021562020 ubox
240 274 0.054015215 ubox
240 287 0.003559787 ubox
240 288 0.007183457 ubox
241 253 0.025962493 ubox
241 260 0.017333105 ubox
241 273 0.055362567 ubox
241 286 0.003867721 ubox
241 290 0.003995930 ubox
241 340 0.067271832 ubox
241 401 0.046335461 ubox
242 261 0.055724277 ubox
242 289 0.004264475 ubox
242 291 0.004206727 ubox
242 303 0.020676894 ubox
242 337 0.005378708 ubox
242 339 0.067580930 ubox
242 400 0.047800504 ubox
243 249 0.045663002 ubox
243 252 0.056156757 ubox
243 253 0.058348051 ubox
243 260 0.041570705 ubox
243 266 0.040932204 ubox
243 273 0.044661571 ubox
243 290 0.004207155 ubox
243 302 0.014952478 ubox
243 336 0.004502314 ubox
243 402 0.005099398 ubox
244 248 0.041251654 ubox
244 251 0.059270621 ubox
244 252 0.068736260 ubox
244 260 0.106139439 ubox
244 265 0.041969389 ubox
244 272 0.024732039 ubox
244 302 0.087282789 ubox
244 401 0.006111936 ubox
245 256 0.009871803 ubox
245 257 0.015205364 ubox
245 259 0.114060717 ubox
245 262 0.360031275 ubox
245 264 0.031833420 ubox
245 292 0.078092309 ubox
245 301 0.097588477 ubox
245 393 0.004493106 ubox
245 400 0.005728491 ubox
245 415 0.004771408 ubox
246 255 0.011873229 ubox
246 256 0.015219986 ubox
246 258 0.113795642 ubox
246 261 0.394585540 ubox
246 291 0.080973326 ubox
246 300 0.098144384 ubox
246 303 0.008460420 ubox
246 337 0.005671769 ubox
246 392 0.004584486 ubox
246 414 0.005325183 ubox
247 260 0.390888774 ubox
247 290 0.080708457 ubox
247 299 0.097955222 ubox
247 302 0.008507546 ubox
247 336 0.004234363 ubox
247 391 0.004556122 ubox
247 413 0.005307955 ubox
248 255 0.009507457 ubox
248 256 0.020065021 ubox
248 257 0.103329063 ubox
248 258 0.140408230 ubox
248 259 0.306761639 ubox
248 275 0.024069922 ubox
248 276 0.057188677 ubox
248 289 0.072877223 ubox
248 292 0.015569178 ubox
248 298 0.096543346 ubox
248 301 0.008319990 ubox
248 390 0.004178717 ubox
248 412 0.005069307 ubox
249 254 0.010132530 ubox
249 255 0.017921725 ubox
249 256 0.104812234 ubox
249 257 0.204284540 ubox
249 258 0.188177801 ubox
249 259 0.211226495 ubox
249 274 0.021730218 ubox
249 275 0.055211427 ubox
249 288 0.044766661 ubox
249 291 0.016089103 ubox
249 292 0.040214506 ubox
249 297 0.083359054 ubox
249 300 0.007625044 ubox
249 389 0.003588172 ubox
250 255 0.105589413 ubox
250 256 0.225739307 ubox
250 258 0.288661343 ubox
250 289 0.053912178 ubox
250 291 0.042558870 ubox
251 255 0.203926276 ubox
251 257 0.287641875 ubox
251 258 0.004892266 ubox
251 275 0.294130185 ubox
251 276 0.484291885 ubox
251 288 0.046144665 ubox
251 289 0.082982191 ubox
252 256 0.260597875 ubox
252 257 0.009863138 ubox
252 258 0.003886868 ubox
252 274 0.284718085 ubox
252 275 0.528690850 ubox
252 276 0.053226860 ubox
252 287 0.035404991 ubox
252 288 0.138202693 ubox
252 289 0.003523473 ubox
252 415 0.004113076 ubox
253 257 0.004450707 ubox
253 258 0.003209900 ubox
253 274 0.526651451 ubox
253 275 0.051621609 ubox
253 287 0.155134529 ubox
253 288 0.004144077 ubox
253 414 0.004383203 ubox
254 269 0.076739322 ubox
254 272 0.767703796 ubox
254 273 0.413751449 ubox
254 286 0.158848658 ubox
254 413 0.004404340 ubox
255 268 0.092890054 ubox
255 269 0.005396895 ubox
255 270 0.004140751 ubox
255 271 0.850112205 ubox
255 272 0.255598649 ubox
255 278 0.005537202 ubox
255 285 0.159076575 ubox
255 286 0.009665672 ubox
255 348 0.026833984 ubox
255 405 0.012186906 ubox
255 411 0.008680096 ubox
256 267 0.092977625 ubox
256 268 0.007206417 ubox
256 269 0.003911459 ubox
256 270 0.851035174 ubox
256 271 0.253289192 ubox
256 273 0.028796035 ubox
256 277 0.005541140 ubox
256 283 0.136609115 ubox
256 285 0.011497796 ubox
256 347 0.026955592 ubox
256 404 0.012317380 ubox
256 410 0.008707688 ubox
257 265 0.004418302 ubox
257 266 0.092295636 ubox
257 269 0.850945135 ubox
257 272 0.030912432 ubox
257 282 0.136688754 ubox
257 346 0.026916989 ubox
257 403 0.012310964 ubox
257 409 0.008706634 ubox
258 265 0.065988693 ubox
258 266 0.020119939 ubox
258 267 0.379202579 ubox
258 268 0.758104563 ubox
258 270 0.248057560 ubox
258 271 0.031327682 ubox
258 281 0.135052410 ubox
258 283 0.084191607 ubox
258 345 0.026223766 ubox
258 402 0.012270372 ubox
258 408 0.008684948 ubox
259 265 0.058482605 ubox
259 266 0.527306252 ubox
259 269 0.244733480 ubox
259 282 0.083247831 ubox
259 401 0.012216170 ubox
260 264 0.059762736 ubox
260 279 0.130343466 ubox
260 343 0.003313484 ubox
260 398 0.003224745 ubox
260 400 0.011638027 ubox
260 406 0.008454723 ubox
261 267 0.165866269 ubox
261 268 0.251978363 ubox
261 269 0.006041339 ubox
261 270 0.004880720 ubox
261 271 0.009049853 ubox
261 272 0.003834776 ubox
261 278 0.135239893 ubox
261 281 0.093695834 ubox
261 305 0.013142983 ubox
261 342 0.003309165 ubox
261 345 0.005684109 ubox
261 397 0.004141630 ubox
261 399 0.009687097 ubox
261 405 0.008545300 ubox
262 266 0.110717630 ubox
262 267 0.251293205 ubox
262 268 0.009260659 ubox
262 269 0.003939570 ubox
262 270 0.009192338 ubox
262 271 0.005039208 ubox
262 277 0.134795904 ubox
262 280 0.094800733 ubox
262 304 0.013323036 ubox
262 344 0.006257676 ubox
262 396 0.004206765 ubox
262 404 0.008523572 ubox
263 279 0.094796032 ubox
263 303 0.013340782 ubox
263 343 0.006236404 ubox
263 395 0.004172411 ubox
264 302 0.013301855 ubox
265 275 0.023940893 ubox
265 276 0.033843776 ubox
265 301 0.012056270 ubox
266 274 0.023563795 ubox
266 275 0.037827788 ubox
266 300 0.010970686 ubox
267 300 0.003756931 ubox
269 292 0.003745532 ubox
269 301 0.005686060 ubox
270 291 0.004333275 ubox
270 300 0.006522764 ubox
271 289 0.020014791 ubox
272 288 0.020519801 ubox
272 298 0.010127255 ubox
272 301 0.011803062 ubox
273 287 0.020676457 ubox
273 297 0.013458255 ubox
273 300 0.015134257 ubox
274 286 0.020086162 ubox
274 296 0.013843263 ubox
274 299 0.014873331 ubox
274 302 0.003335617 ubox
274 403 0.012271538 ubox
275 402 0.014780983 ubox
275 403 0.004661463 ubox
276 290 0.006878945 ubox
276 401 0.015350528 ubox
276 402 0.004936079 ubox
277 289 0.007675044 ubox
277 400 0.014224207 ubox
278 291 0.043461408 ubox
278 294 0.031671652 ubox
278 300 0.008106323 ubox
278 303 0.003250940 ubox
278 343 0.004251447 ubox
278 400 0.011345815 ubox
279 290 0.048342488 ubox
279 293 0.034564958 ubox
279 295 0.209461692 ubox
279 304 0.023941164 ubox
279 338 0.003194225 ubox
279 342 0.003865592 ubox
279 396 0.004192790 ubox
279 399 0.012824792 ubox
280 289 0.049012912 ubox
280 294 0.212796260 ubox
280 303 0.024419288 ubox
280 395 0.004172354 ubox
281 289 0.026763546 ubox
281 350 0.005673132 ubox
282 288 0.026913789 ubox
282 292 0.378002051 ubox
282 301 0.056457097 ubox
282 349 0.005566850 ubox
282 415 0.011089580 ubox
283 291 0.392444987 ubox
283 300 0.059118248 ubox
283 303 0.010874918 ubox
283 414 0.011553261 ubox
284 290 0.392204353 ubox
284 299 0.057729293 ubox
284 302 0.010667581 ubox
284 401 0.003820971 ubox
284 413 0.011001087 ubox
285 289 0.388858099 ubox
285 350 0.015578283 ubox
285 400 0.004408828 ubox
286 297 0.044763020 ubox
286 300 0.008791033 ubox
286 349 0.019525819 ubox
287 296 0.037085494 ubox
287 299 0.008349362 ubox
287 353 0.101273529 ubox
287 354 0.005578997 ubox
287 402 0.018683009 ubox
287 403 0.010976562 ubox
288 296 0.060176890 ubox
288 306 0.005973017 ubox
288 346 0.122998444 ubox
288 352 0.133654589 ubox
288 353 0.004912467 ubox
288 401 0.020081656 ubox
288 402 0.011869692 ubox
288 403 0.004711833 ubox
288 409 0.006046316 ubox
289 295 0.069379581 ubox
289 299 0.008748937 ubox
289 302 0.005227535 ubox
289 304 0.016461670 ubox
289 305 0.007478885 ubox
289 310 0.003360570 ubox
289 344 0.735042593 ubox
289 345 0.102134679 ubox
289 351 0.141636048 ubox
289 357 0.007996336 ubox
289 399 0.070589240 ubox
289 401 0.009057088 ubox
289 407 0.022443094 ubox
289 408 0.005697154 ubox
290 294 0.065001797 ubox
290 297 0.005343874 ubox
290 298 0.009153954 ubox
290 301 0.005466474 ubox
290 303 0.016410836 ubox
290 309 0.003413779 ubox
290 343 0.740441849 ubox
290 349 0.153260955 ubox
290 350 0.133987461 ubox
290 356 0.008307298 ubox
290 398 0.069983923 ubox
290 400 0.007619845 ubox
290 406 0.022487830 ubox
291 296 0.005129226 ubox
291 302 0.010945475 ubox
291 306 0.003274590 ubox
291 308 0.003410042 ubox
291 341 0.105243088 ubox
291 342 0.738762794 ubox
291 347 0.466831366 ubox
291 348 0.129143035 ubox
291 355 0.008322979 ubox
291 397 0.067290571 ubox
291 399 0.007897230 ubox
291 402 0.025492520 ubox
291 404 0.003469895 ubox
291 405 0.021344483 ubox
292 340 0.532508425 ubox
292 341 0.522940528 ubox
292 346 0.474766066 ubox
292 354 0.008023463 ubox
292 401 0.030466174 ubox
292 403 0.004319113 ubox
293 300 0.074684666 ubox
293 303 0.032897146 ubox
293 339 0.745789631 ubox
293 343 0.054526898 ubox
293 400 0.031333360 ubox
294 299 0.047942025 ubox
294 302 0.026919012 ubox
294 304 0.119249615 ubox
294 313 0.005104344 ubox
294 338 0.746143599 ubox
294 340 0.011594767 ubox
294 342 0.054175118 ubox
294 344 0.554836978 ubox
294 351 0.010451646 ubox
294 399 0.027243278 ubox
295 303 0.127795047 ubox
295 312 0.005073330 ubox
295 337 0.744850841 ubox
295 339 0.011603062 ubox
295 343 0.556880912 ubox
295 350 0.010522627 ubox
296 303 0.015064934 ubox
296 312 0.003278525 ubox
296 337 0.013650573 ubox
296 349 0.010444350 ubox
297 302 0.018964783 ubox
297 311 0.006160477 ubox
297 336 0.028448121 ubox
297 341 0.546780660 ubox
297 402 0.005654213 ubox
298 310 0.006523748 ubox
298 336 0.010544280 ubox
298 340 0.581954849 ubox
298 401 0.006502154 ubox
299 309 0.006555870 ubox
299 337 0.003953838 ubox
299 339 0.582560254 ubox
299 343 0.016685396 ubox
299 400 0.006559774 ubox
300 308 0.006548593 ubox
300 311 0.005537974 ubox
300 336 0.010310347 ubox
300 338 0.582493362 ubox
300 341 0.016706884 ubox
300 342 0.019803952 ubox
300 399 0.006566952 ubox
301 310 0.006222603 ubox
301 336 0.012013348 ubox
301 340 0.019330157 ubox
301 341 0.018519148 ubox
302 309 0.006304747 ubox
302 337 0.559786557 ubox
302 339 0.019971768 ubox
303 308 0.006283228 ubox
303 336 0.958443235 ubox
303 338 0.016631074 ubox
304 335 0.981825964 ubox
304 337 0.012646799 ubox
305 334 0.986949340 ubox
305 335 0.004536113 ubox
306 331 0.009063792 ubox
306 333 0.995182323 ubox
307 330 0.010451750 ubox
307 332 0.998679571 ubox
308 329 0.010808419 ubox
308 331 0.999844330 ubox
309 328 0.010027212 ubox
309 330 0.998807822 ubox
310 329 0.937489668 ubox
311 329 0.022988427 ubox
312 327 0.994783565 ubox
312 328 0.021351237 ubox
313 326 0.937102997 ubox
313 329 0.003251005 ubox
314 325 0.875099381 ubox
314 326 0.348889905 ubox
314 365 0.003964439 ubox
315 324 0.807871067 ubox
315 325 0.483870505 ubox
315 364 0.004043581 ubox
316 324 0.588613326 ubox
316 363 0.004099250 ubox
317 323 0.672574522 ubox
317 362 0.004153595 ubox
318 322 0.662456928 ubox
318 361 0.004153241 ubox
319 360 0.004073654 ubox
320 358 0.003551909 ubox
321 357 0.003464437 ubox
324 353 0.003292591 ubox
325 352 0.004090300 ubox
326 351 0.004680573 ubox
327 350 0.004686869 ubox
328 349 0.004678374 ubox
329 348 0.004667624 ubox
333 346 0.004980434 ubox
334 345 0.005559981 ubox
335 344 0.005774834 ubox
336 343 0.006413182 ubox
337 342 0.007090484 ubox
337 344 0.064470708 ubox
337 351 0.004993839 ubox
337 401 0.010332227 ubox
338 343 0.065505468 ubox
338 350 0.005054859 ubox
338 400 0.011554994 ubox
339 399 0.011580298 ubox
340 398 0.011232905 ubox
342 400 0.012798121 ubox
343 351 0.019538923 ubox
343 396 0.005238816 ubox
343 399 0.012846566 ubox
343 401 0.016334464 ubox
344 350 0.019871327 ubox
344 395 0.005196511 ubox
344 400 0.017690912 ubox
348 371 0.005524182 ubox
348 414 0.004071823 ubox
348 423 0.021983559 ubox
348 426 0.008626063 ubox
349 367 0.009602691 ubox
349 370 0.005426128 ubox
349 375 0.005879729 ubox
349 379 0.021330075 ubox
349 402 0.032274691 ubox
349 403 0.005704050 ubox
349 413 0.004053581 ubox
349 421 0.032838176 ubox
349 422 0.015715285 ubox
349 425 0.011172536 ubox
350 360 0.018853798 ubox
350 366 0.012368092 ubox
350 374 0.006723174 ubox
350 378 0.024087807 ubox
350 396 0.930523152 ubox
350 401 0.040116069 ubox
350 408 0.003250801 ubox
350 420 0.039283847 ubox
350 424 0.011846749 ubox
351 359 0.019711164 ubox
351 365 0.012584543 ubox
351 395 0.929664836 ubox
351 400 0.040803183 ubox
351 419 0.039347682 ubox
351 423 0.011780712 ubox
352 364 0.012282952 ubox
352 377 0.025475388 ubox
352 394 0.758742401 ubox
352 395 0.127230686 ubox
352 418 0.037711965 ubox
353 363 0.010352895 ubox
353 365 0.003222901 ubox
353 376 0.026357223 ubox
353 377 0.003643443 ubox
353 389 0.003325712 ubox
353 393 0.538313913 ubox
353 394 0.570962353 ubox
353 395 0.004375271 ubox
354 364 0.004564355 ubox
354 365 0.003626825 ubox
354 372 0.009576708 ubox
354 376 0.003861974 ubox
354 388 0.004050460 ubox
354 390 0.010185951 ubox
354 392 0.091600324 ubox
354 393 0.796745477 ubox
354 394 0.006097435 ubox
354 415 0.033942623 ubox
355 363 0.005995608 ubox
355 364 0.004399988 ubox
355 371 0.009956265 ubox
355 384 0.025916296 ubox
355 389 0.011475346 ubox
355 392 0.961919051 ubox
355 414 0.034653535 ubox
356 366 0.014046693 ubox
356 370 0.009462168 ubox
356 373 0.042005897 ubox
356 383 0.025438852 ubox
356 385 0.009753038 ubox
356 391 0.965750049 ubox
356 401 0.009424527 ubox
356 413 0.034489557 ubox
357 364 0.005786251 ubox
357 365 0.015163553 ubox
357 369 0.008414108 ubox
357 372 0.044696085 ubox
357 384 0.007055394 ubox
357 390 0.965979923 ubox
357 393 0.060673877 ubox
357 412 0.033605258 ubox
357 415 0.015515764 ubox
358 363 0.007422830 ubox
358 364 0.016201503 ubox
358 371 0.044854975 ubox
358 381 0.024958679 ubox
358 384 0.070081254 ubox
358 389 0.965269605 ubox
358 392 0.065234998 ubox
358 400 0.084757674 ubox
358 414 0.015823962 ubox
359 370 0.044537209 ubox
359 373 0.004303494 ubox
359 378 0.011923945 ubox
359 380 0.025030482 ubox
359 382 0.018214081 ubox
359 383 0.091388377 ubox
359 385 0.051838277 ubox
359 387 0.750656238 ubox
359 391 0.066117314 ubox
359 399 0.085402550 ubox
359 413 0.015757330 ubox
359 416 0.005326906 ubox
360 369 0.044165742 ubox
360 372 0.004548432 ubox
360 377 0.011735955 ubox
360 384 0.046145681 ubox
360 386 0.729846792 ubox
360 390 0.066353925 ubox
360 398 0.079991780 ubox
360 412 0.015462385 ubox
360 415 0.005348741 ubox
361 371 0.004251437 ubox
361 389 0.066340565 ubox
361 414 0.005329034 ubox
362 371 0.003887673 ubox
362 381 0.957568987 ubox
362 384 0.137329271 ubox
362 400 0.017991708 ubox
363 370 0.003918754 ubox
363 374 0.004466306 ubox
363 375 0.040989988 ubox
363 379 0.005310019 ubox
363 380 0.971965897 ubox
363 383 0.069056586 ubox
363 397 0.089447620 ubox
363 399 0.018102812 ubox
363 409 0.016009888 ubox
364 373 0.004420647 ubox
364 374 0.045319582 ubox
364 375 0.011837351 ubox
364 378 0.009051703 ubox
364 379 0.972944929 ubox
364 380 0.019923565 ubox
364 382 0.033167704 ubox
364 383 0.008981510 ubox
364 396 0.089742993 ubox
364 397 0.022242980 ubox
364 408 0.016500639 ubox
364 417 0.022023326 ubox
365 373 0.045966220 ubox
365 374 0.015276258 ubox
365 378 0.974442187 ubox
365 379 0.004107259 ubox
365 382 0.004509914 ubox
365 385 0.004545036 ubox
365 387 0.032755389 ubox
365 396 0.022318878 ubox
365 407 0.016502039 ubox
365 416 0.022083464 ubox
366 372 0.046228337 ubox
366 377 0.971733728 ubox
366 384 0.004115133 ubox
366 386 0.031046923 ubox
366 394 0.090350474 ubox
366 395 0.019473587 ubox
366 406 0.015549603 ubox
366 415 0.015750518 ubox
367 371 0.042232096 ubox
367 376 0.944085010 ubox
367 393 0.091697309 ubox
367 394 0.015377297 ubox
367 415 0.016093298 ubox
368 384 0.035812914 ubox
368 392 0.092398685 ubox
368 414 0.022398467 ubox
369 382 0.074454585 ubox
369 383 0.026451630 ubox
369 385 0.009241548 ubox
369 391 0.087936943 ubox
369 401 0.006751647 ubox
369 413 0.022549141 ubox
370 376 0.029443918 ubox
370 381 0.085672254 ubox
370 384 0.010420935 ubox
370 388 0.009087276 ubox
370 390 0.076575430 ubox
370 398 0.005780780 ubox
370 400 0.007561912 ubox
370 412 0.022537712 ubox
371 375 0.033018583 ubox
371 380 0.089059763 ubox
371 383 0.012229688 ubox
371 387 0.010201382 ubox
371 391 0.006279544 ubox
371 397 0.006092458 ubox
371 399 0.007754829 ubox
371 402 0.012373596 ubox
371 404 0.006631988 ubox
371 405 0.003469649 ubox
371 410 0.003448549 ubox
371 411 0.022219854 ubox
372 379 0.084183706 ubox
372 382 0.012507111 ubox
372 385 0.004672961 ubox
372 391 0.122661999 ubox
372 401 0.013166499 ubox
372 403 0.006593437 ubox
372 409 0.004520338 ubox
373 381 0.012235644 ubox
373 384 0.004474826 ubox
373 390 0.138147693 ubox
373 400 0.012802144 ubox
374 389 0.140323913 ubox
374 395 0.015885328 ubox
375 384 0.019575519 ubox
375 386 0.026863366 ubox
375 388 0.135756862 ubox
375 394 0.015744307 ubox
376 383 0.021167071 ubox
376 385 0.023703437 ubox
376 402 0.007996651 ubox
377 382 0.016942184 ubox
377 385 0.141716378 ubox
377 401 0.008996829 ubox
378 384 0.146877283 ubox
378 389 0.020604673 ubox
378 395 0.031080307 ubox
378 400 0.009021703 ubox
378 419 0.006480064 ubox
379 388 0.020484244 ubox
379 390 0.030971216 ubox
379 393 0.046654141 ubox
379 394 0.022015921 ubox
379 415 0.003811411 ubox
379 418 0.006538583 ubox
380 389 0.032690657 ubox
380 392 0.053335230 ubox
380 400 0.018268625 ubox
380 414 0.003969482 ubox
381 387 0.024872806 ubox
381 391 0.054708749 ubox
381 396 0.004246428 ubox
381 399 0.018510340 ubox
381 413 0.003869122 ubox
381 416 0.013372030 ubox
382 386 0.022933710 ubox
382 390 0.055183195 ubox
382 393 0.003840508 ubox
382 395 0.004259644 ubox
382 398 0.018156694 ubox
382 415 0.013743487 ubox
383 388 0.006899951 ubox
383 389 0.054668361 ubox
383 392 0.004244171 ubox
383 394 0.004190221 ubox
383 406 0.004759598 ubox
383 412 0.003328035 ubox
383 414 0.013709656 ubox
384 391 0.008506006 ubox
384 396 0.018175513 ubox
384 405 0.006297392 ubox
384 407 0.004770127 ubox
384 411 0.004204649 ubox
384 413 0.013512244 ubox
384 429 0.006703192 ubox
385 390 0.008753518 ubox
385 395 0.017910946 ubox
385 406 0.004823980 ubox
385 412 0.013292637 ubox
385 428 0.006655986 ubox
387 426 0.009464602 ubox
388 403 0.024158067 ubox
388 409 0.014945511 ubox
388 425 0.009489451 ubox
389 402 0.031023764 ubox
389 404 0.004768339 ubox
389 408 0.015619375 ubox
389 410 0.005418997 ubox
389 424 0.009462302 ubox
390 401 0.031887425 ubox
390 403 0.004539736 ubox
390 409 0.005284803 ubox
391 398 0.006157666 ubox
391 400 0.031996569 ubox
391 406 0.015057452 ubox
391 423 0.003988673 ubox
392 397 0.006922737 ubox
392 399 0.031764416 ubox
392 403 0.007017914 ubox
392 404 0.150161104 ubox
392 405 0.013227374 ubox
393 402 0.008439363 ubox
393 403 0.152151824 ubox
393 422 0.010075830 ubox
394 401 0.010181965 ubox
394 402 0.154968604 ubox
394 403 0.006019592 ubox
394 421 0.015163553 ubox
394 425 0.008162597 ubox
394 430 0.003611968 ubox
395 401 0.157394355 ubox
395 402 0.006547719 ubox
395 420 0.017937562 ubox
395 424 0.011470002 ubox
395 429 0.004142248 ubox
396 400 0.157059889 ubox
396 419 0.017944621 ubox
396 423 0.010118969 ubox
396 428 0.004141988 ubox
397 414 0.014863160 ubox
397 423 0.070057965 ubox
397 426 0.004575194 ubox
398 413 0.013320041 ubox
398 422 0.069959260 ubox
398 425 0.004951594 ubox
399 414 0.050300267 ubox
399 423 0.010050257 ubox
399 428 0.003229085 ubox
400 407 0.068175750 ubox
400 413 0.049304637 ubox
400 416 0.046432252 ubox
400 420 0.073159416 ubox
400 422 0.008115789 ubox
400 424 0.010592448 ubox
400 427 0.003268227 ubox
401 406 0.062621286 ubox
401 412 0.047703756 ubox
401 415 0.047307815 ubox
401 419 0.072828683 ubox
401 423 0.010536658 ubox
401 426 0.003200601 ubox
402 414 0.046311742 ubox
402 415 0.005554214 ubox
402 418 0.062935959 ubox
402 419 0.004182948 ubox
403 414 0.005360558 ubox
403 415 0.042817618 ubox
403 418 0.005130828 ubox
404 414 0.041762074 ubox
405 414 0.078932765 ubox
405 423 0.011833731 ubox
406 413 0.071540907 ubox
406 422 0.011290783 ubox
408 419 0.022716080 ubox
409 415 0.030720447 ubox
409 418 0.022560661 ubox
410 414 0.031712883 ubox
411 423 0.022982878 ubox
411 431 0.003213427 ubox
412 422 0.022627630 ubox
413 423 0.004220931 ubox
414 422 0.005956998 ubox
414 427 0.003377764 ubox
414 435 0.003218561 ubox
415 421 0.006113142 ubox
415 435 0.004368966 ubox
417 423 0.021259668 ubox
417 426 0.044753794 ubox
417 431 0.364267712 ubox
418 422 0.017336302 ubox
418 425 0.050823199 ubox
418 430 0.365956556 ubox
419 424 0.052189739 ubox
419 427 0.041462482 ubox
419 429 0.366461665 ubox
419 434 0.003769242 ubox
420 426 0.042034857 ubox
420 428 0.366201375 ubox
423 427 0.019349609 ubox
423 429 0.008875159 ubox
424 428 0.008965268 ubox
