1 11 0.052509061 ubox
1 13 0.016844775 ubox
1 14 0.086550146 ubox
1 18 0.028292815 ubox
1 24 0.007170000 ubox
1 83 0.012822772 ubox
1 199 0.005121445 ubox
1 221 0.004671964 ubox
1 389 0.003673927 ubox
1 414 0.005113770 ubox
1 431 0.014548866 ubox
2 11 0.181758350 ubox
2 13 0.086734420 ubox
2 18 0.097627741 ubox
2 23 0.007182989 ubox
2 82 0.013057084 ubox
2 86 0.003214915 ubox
2 205 0.007446543 ubox
2 208 0.003276520 ubox
2 221 0.072551526 ubox
2 400 0.004785004 ubox
2 414 0.010260526 ubox
2 428 0.013739641 ubox
2 431 0.009248017 ubox
3 9 0.046406681 ubox
3 10 0.168662485 ubox
3 15 0.011246134 ubox
3 17 0.098886673 ubox
3 22 0.006614175 ubox
3 42 0.049264460 ubox
3 81 0.012939401 ubox
3 202 0.003560086 ubox
3 204 0.007218841 ubox
3 206 0.008567529 ubox
3 207 0.003294269 ubox
3 220 0.074439236 ubox
3 387 0.005655144 ubox
3 399 0.004874513 ubox
3 413 0.010009371 ubox
3 416 0.316034251 ubox
3 427 0.013760173 ubox
3 429 0.011109368 ubox
3 430 0.006972106 ubox
3 433 0.134014907 ubox
4 8 0.044969935 ubox
4 12 0.137878965 ubox
4 14 0.004643709 ubox
4 19 0.004584007 ubox
4 41 0.049469747 ubox
4 200 0.004254032 ubox
4 201 0.003948766 ubox
4 205 0.008459369 ubox
4 219 0.074471192 ubox
4 226 0.005079157 ubox
4 386 0.005571839 ubox
4 398 0.004169711 ubox
4 412 0.009378101 ubox
4 415 0.318247606 ubox
4 426 0.012470710 ubox
4 428 0.006772784 ubox
4 432 0.134664843 ubox
5 11 0.142969522 ubox
5 13 0.005524322 ubox
5 14 0.129080308 ubox
5 18 0.004803853 ubox
5 40 0.049175349 ubox
5 199 0.003855210 ubox
5 218 0.074315902 ubox
5 225 0.005218826 ubox
5 414 0.307867499 ubox
5 431 0.132036389 ubox
6 13 0.129253332 ubox
6 40 0.005493691 ubox
6 199 0.009144818 ubox
6 224 0.005225084 ubox
6 384 0.006349895 ubox
6 414 0.093346851 ubox
6 423 0.005561919 ubox
6 431 0.022026387 ubox
7 38 0.045586615 ubox
7 39 0.006803066 ubox
7 96 0.007526519 ubox
7 198 0.009308952 ubox
7 223 0.005200519 ubox
7 383 0.006361711 ubox
7 413 0.104240730 ubox
7 422 0.005543338 ubox
7 430 0.026706532 ubox
7 435 0.003346945 ubox
8 15 0.005061092 ubox
8 25 0.003190380 ubox
8 37 0.048456177 ubox
8 38 0.006262307 ubox
8 93 0.027394418 ubox
8 95 0.016956340 ubox
8 197 0.009157551 ubox
8 212 0.005446310 ubox
8 222 0.005114547 ubox
8 245 0.010520774 ubox
8 382 0.006260158 ubox
8 413 0.218983092 ubox
8 421 0.005088472 ubox
8 435 0.005128203 ubox
9 14 0.004937760 ubox
9 19 0.012632253 ubox
9 33 0.010201341 ubox
9 35 0.003340515 ubox
9 36 0.047971065 ubox
9 75 0.012273194 ubox
9 92 0.020419481 ubox
9 196 0.008881309 ubox
9 211 0.005321249 ubox
9 214 0.069890145 ubox
9 221 0.004713467 ubox
9 244 0.011520424 ubox
9 381 0.005044226 ubox
9 412 0.243130272 ubox
9 415 0.008581861 ubox
9 432 0.004683467 ubox
10 18 0.014177387 ubox
10 28 0.003587728 ubox
10 30 0.010858318 ubox
10 32 0.012863766 ubox
10 33 0.003434558 ubox
10 34 0.003981865 ubox
10 35 0.045640581 ubox
10 74 0.013317378 ubox
10 92 0.117109682 ubox
10 195 0.006894056 ubox
10 205 0.039565172 ubox
10 208 0.012677586 ubox
10 211 0.018608720 ubox
10 213 0.070804530 ubox
10 243 0.011729721 ubox
10 284 0.004405932 ubox
10 381 0.003725207 ubox
10 412 0.042227058 ubox
10 414 0.008838617 ubox
10 431 0.004413811 ubox
11 17 0.014772105 ubox
11 27 0.004436575 ubox
11 29 0.012283594 ubox
11 31 0.013575011 ubox
11 73 0.013475590 ubox
11 78 0.004567246 ubox
11 80 0.007501645 ubox
11 91 0.129238820 ubox
11 203 0.031148029 ubox
11 204 0.051608333 ubox
11 207 0.021630775 ubox
11 210 0.019542006 ubox
11 212 0.070105493 ubox
11 242 0.011708967 ubox
11 283 0.004753072 ubox
11 347 0.004117891 ubox
11 380 0.005230709 ubox
11 410 0.342448687 ubox
11 411 0.032498423 ubox
11 430 0.003318412 ubox
11 435 0.031411640 ubox
12 26 0.004436325 ubox
12 27 0.009941971 ubox
12 72 0.013498906 ubox
12 77 0.004571418 ubox
12 79 0.007547947 ubox
12 90 0.129242711 ubox
12 95 0.004986433 ubox
12 202 0.031177368 ubox
12 282 0.004755634 ubox
12 346 0.004178998 ubox
12 375 0.004950713 ubox
12 379 0.005109954 ubox
12 409 0.344765788 ubox
12 430 0.006280817 ubox
12 435 0.685142550 ubox
13 22 0.014677053 ubox
13 25 0.003355172 ubox
13 26 0.010464487 ubox
13 27 0.006337759 ubox
13 71 0.013501599 ubox
13 76 0.004516721 ubox
13 78 0.007508904 ubox
13 89 0.128759199 ubox
13 94 0.005280083 ubox
13 194 0.010656003 ubox
13 203 0.127952319 ubox
13 204 0.172760250 ubox
13 207 0.039000329 ubox
13 210 0.071865025 ubox
13 240 0.011514323 ubox
13 281 0.004755043 ubox
13 345 0.004181752 ubox
13 374 0.005423721 ubox
13 378 0.004844115 ubox
13 408 0.344881957 ubox
13 417 0.007842961 ubox
13 429 0.006424688 ubox
13 430 0.004568171 ubox
13 434 0.880939556 ubox
13 435 0.004492383 ubox
14 21 0.014763377 ubox
14 25 0.010268741 ubox
14 26 0.005734157 ubox
14 29 0.024373154 ubox
14 31 0.038176238 ubox
14 42 0.003684203 ubox
14 70 0.013498253 ubox
14 76 0.006318910 ubox
14 77 0.003389194 ubox
14 88 0.129127666 ubox
14 93 0.005161781 ubox
14 193 0.010958314 ubox
14 202 0.128592630 ubox
14 203 0.174338823 ubox
14 206 0.039790506 ubox
14 209 0.071870889 ubox
14 239 0.011954592 ubox
14 280 0.004710997 ubox
14 344 0.004153559 ubox
14 373 0.005830349 ubox
14 407 0.344828399 ubox
14 416 0.008429674 ubox
14 429 0.004915576 ubox
14 433 0.881876762 ubox
14 434 0.004641440 ubox
15 20 0.013714358 ubox
15 28 0.024121739 ubox
15 30 0.037917289 ubox
15 41 0.003767739 ubox
15 69 0.012735927 ubox
15 75 0.005975730 ubox
15 87 0.129190385 ubox
15 92 0.004839813 ubox
15 192 0.010945637 ubox
15 200 0.085712338 ubox
15 201 0.127013464 ubox
15 205 0.038745904 ubox
15 208 0.070267892 ubox
15 226 0.012076697 ubox
15 238 0.012099045 ubox
15 279 0.004229789 ubox
15 343 0.003548406 ubox
15 372 0.006129981 ubox
15 406 0.326782899 ubox
15 415 0.008430178 ubox
15 432 0.878896247 ubox
16 24 0.080590213 ubox
16 40 0.003390658 ubox
16 83 0.006406956 ubox
16 86 0.125618211 ubox
16 191 0.008095215 ubox
16 196 0.013027961 ubox
16 199 0.089699806 ubox
16 225 0.013189254 ubox
16 237 0.012147359 ubox
16 371 0.006315059 ubox
16 414 0.008318078 ubox
16 431 0.869612079 ubox
17 23 0.080889436 ubox
17 40 0.003886038 ubox
17 45 0.003547155 ubox
17 82 0.006519136 ubox
17 86 0.025439938 ubox
17 191 0.012113093 ubox
17 195 0.013247288 ubox
17 199 0.440445318 ubox
17 205 0.144180168 ubox
17 208 0.013942341 ubox
17 221 0.003455182 ubox
17 224 0.013208394 ubox
17 236 0.012091479 ubox
17 371 0.003748699 ubox
17 381 0.006361373 ubox
17 400 0.023587691 ubox
17 428 0.042576526 ubox
17 431 0.067875972 ubox
18 22 0.075208879 ubox
18 27 0.010228195 ubox
18 39 0.004196858 ubox
18 44 0.003562375 ubox
18 81 0.006319965 ubox
18 85 0.032416781 ubox
18 190 0.014169868 ubox
18 194 0.013154505 ubox
18 198 0.329151795 ubox
18 203 0.085909522 ubox
18 204 0.144135597 ubox
18 207 0.015034334 ubox
18 220 0.003556233 ubox
18 223 0.012615055 ubox
18 368 0.006429358 ubox
18 370 0.003380922 ubox
18 374 0.003455826 ubox
18 380 0.006489097 ubox
18 399 0.023585629 ubox
18 402 0.014747703 ubox
18 403 0.245173383 ubox
18 404 0.098843223 ubox
18 427 0.041187323 ubox
18 430 0.079513466 ubox
19 26 0.010342363 ubox
19 38 0.004120430 ubox
19 189 0.013539898 ubox
19 197 0.232990403 ubox
19 198 0.767584803 ubox
19 202 0.081430558 ubox
19 222 0.011306960 ubox
19 367 0.006449111 ubox
19 373 0.003364208 ubox
19 379 0.006159287 ubox
19 401 0.014950707 ubox
19 402 0.252218255 ubox
19 403 0.093596188 ubox
20 25 0.008162875 ubox
20 37 0.003499288 ubox
20 85 0.018409160 ubox
20 197 0.906262924 ubox
20 366 0.006316257 ubox
20 401 0.253637010 ubox
20 402 0.077957731 ubox
21 83 0.140407175 ubox
21 84 0.015523140 ubox
21 196 0.949472433 ubox
21 364 0.004316358 ubox
21 365 0.005300887 ubox
21 400 0.252441318 ubox
22 40 0.008087460 ubox
22 45 0.032409699 ubox
22 82 0.141408414 ubox
22 83 0.011495820 ubox
22 104 0.008273218 ubox
22 186 0.009691006 ubox
22 191 0.036982947 ubox
22 195 0.949521272 ubox
22 279 0.008075238 ubox
22 363 0.005635767 ubox
22 364 0.003846919 ubox
22 400 0.061184458 ubox
23 38 0.015468121 ubox
23 39 0.007077561 ubox
23 44 0.032659118 ubox
23 47 0.012921009 ubox
23 77 0.007183333 ubox
23 81 0.141788543 ubox
23 103 0.012828390 ubox
23 185 0.009509128 ubox
23 190 0.037584939 ubox
23 194 0.949523500 ubox
23 278 0.008215338 ubox
23 362 0.006631340 ubox
23 397 0.249737550 ubox
23 399 0.058232623 ubox
23 405 0.003448516 ubox
23 434 0.005847557 ubox
24 31 0.018429765 ubox
24 37 0.028771766 ubox
24 38 0.005984630 ubox
24 42 0.041782017 ubox
24 44 0.005981417 ubox
24 46 0.013403369 ubox
24 76 0.009131969 ubox
24 80 0.141313253 ubox
24 102 0.012967061 ubox
24 184 0.004659783 ubox
24 187 0.019217950 ubox
24 189 0.037244624 ubox
24 193 0.949460191 ubox
24 277 0.008220749 ubox
24 361 0.006616530 ubox
24 396 0.250355676 ubox
24 399 0.013056141 ubox
24 404 0.003440139 ubox
24 433 0.005917856 ubox
25 30 0.017636913 ubox
25 33 0.008155010 ubox
25 34 0.022290323 ubox
25 35 0.021595539 ubox
25 36 0.035875887 ubox
25 41 0.042015531 ubox
25 43 0.006231470 ubox
25 45 0.013378738 ubox
25 75 0.010706092 ubox
25 101 0.011908832 ubox
25 186 0.023044473 ubox
25 188 0.039011441 ubox
25 192 0.942337715 ubox
25 276 0.008192715 ubox
25 394 0.006768571 ubox
25 395 0.239446029 ubox
25 398 0.012627882 ubox
25 432 0.003897484 ubox
26 32 0.008537061 ubox
26 33 0.024700889 ubox
26 34 0.024409827 ubox
26 35 0.038406596 ubox
26 36 0.007986724 ubox
26 40 0.039680552 ubox
26 41 0.015538578 ubox
26 74 0.009283635 ubox
26 75 0.009354676 ubox
26 191 0.883235560 ubox
26 192 0.074666115 ubox
26 275 0.008050683 ubox
26 393 0.008527747 ubox
26 394 0.166287413 ubox
26 395 0.010194508 ubox
27 32 0.022752533 ubox
27 33 0.024331089 ubox
27 34 0.037151492 ubox
27 35 0.009143534 ubox
27 40 0.016279803 ubox
27 74 0.011285199 ubox
27 181 0.004359330 ubox
27 183 0.192055399 ubox
27 186 0.442601569 ubox
27 191 0.104638950 ubox
27 274 0.007561996 ubox
27 386 0.004523655 ubox
27 392 0.009907890 ubox
27 393 0.098620428 ubox
27 394 0.008162502 ubox
28 39 0.015492119 ubox
28 73 0.010782073 ubox
28 180 0.004457869 ubox
28 182 0.195288189 ubox
28 184 0.786494959 ubox
28 185 0.318210064 ubox
28 273 0.006547279 ubox
28 385 0.005536398 ubox
28 391 0.008362864 ubox
29 40 0.074905500 ubox
29 53 0.009527722 ubox
29 179 0.004472583 ubox
29 181 0.195692951 ubox
29 183 0.863754488 ubox
29 186 0.155106929 ubox
29 384 0.005554174 ubox
29 392 0.064277471 ubox
30 39 0.073022870 ubox
30 52 0.009713756 ubox
30 180 0.195522986 ubox
30 182 0.863833083 ubox
30 184 0.155462821 ubox
30 185 0.114975874 ubox
30 383 0.005106671 ubox
30 385 0.005805372 ubox
30 391 0.054725832 ubox
31 40 0.206634249 ubox
31 51 0.009795236 ubox
31 179 0.194769840 ubox
31 181 0.863990389 ubox
31 183 0.188877993 ubox
31 186 0.268852388 ubox
31 384 0.006674880 ubox
31 392 0.018543418 ubox
32 38 0.017517461 ubox
32 39 0.203436017 ubox
32 50 0.009171809 ubox
32 96 0.004465093 ubox
32 180 0.849579418 ubox
32 182 0.185802565 ubox
32 185 0.268683413 ubox
32 383 0.006605941 ubox
32 391 0.015599563 ubox
33 37 0.015370039 ubox
33 38 0.177566323 ubox
33 39 0.011610770 ubox
33 95 0.004792324 ubox
33 96 0.010102395 ubox
33 184 0.253727190 ubox
33 185 0.021376871 ubox
33 382 0.006159056 ubox
34 38 0.011636338 ubox
34 90 0.009078803 ubox
34 95 0.010409322 ubox
34 96 0.013181935 ubox
34 184 0.021450070 ubox
34 185 0.007123544 ubox
35 89 0.010289676 ubox
35 95 0.012639544 ubox
35 96 0.059879075 ubox
35 184 0.007516334 ubox
35 185 0.003303099 ubox
36 88 0.010610802 ubox
36 93 0.009614702 ubox
36 95 0.066068823 ubox
36 177 0.065897500 ubox
36 180 0.252121595 ubox
36 182 0.030670753 ubox
36 184 0.003492883 ubox
36 391 0.045418239 ubox
37 87 0.010542674 ubox
37 92 0.007713446 ubox
37 176 0.042299414 ubox
37 179 0.280518375 ubox
37 181 0.027975665 ubox
37 183 0.003362702 ubox
37 390 0.069257837 ubox
38 55 0.003951820 ubox
38 86 0.005699489 ubox
38 178 0.250420634 ubox
38 179 0.041056556 ubox
38 389 0.069644503 ubox
39 45 0.009747502 ubox
39 54 0.004543921 ubox
39 92 0.096818906 ubox
39 98 0.005968997 ubox
39 176 0.934404285 ubox
39 178 0.017628093 ubox
39 388 0.069780676 ubox
40 44 0.011443369 ubox
40 89 0.009241101 ubox
40 90 0.021546539 ubox
40 91 0.101659467 ubox
40 94 0.004263400 ubox
40 97 0.007008408 ubox
40 175 0.951987260 ubox
40 177 0.003990955 ubox
40 361 0.005590572 ubox
40 387 0.069681184 ubox
40 404 0.012400890 ubox
41 52 0.013924718 ubox
41 88 0.011903861 ubox
41 89 0.030356459 ubox
41 90 0.098035985 ubox
41 93 0.004248301 ubox
41 96 0.006783198 ubox
41 174 0.951973391 ubox
41 360 0.005739400 ubox
41 385 0.068362566 ubox
41 403 0.012449622 ubox
42 51 0.015824333 ubox
42 53 0.036217191 ubox
42 86 0.014480783 ubox
42 173 0.952087776 ubox
42 359 0.005717163 ubox
42 384 0.068593164 ubox
43 50 0.014295968 ubox
43 52 0.036948358 ubox
43 85 0.013618342 ubox
43 172 0.951869169 ubox
43 360 0.004692664 ubox
43 382 0.041824598 ubox
43 383 0.052679943 ubox
43 385 0.005145560 ubox
43 401 0.014625943 ubox
44 51 0.037260212 ubox
44 53 0.009656756 ubox
44 82 0.007066278 ubox
44 84 0.011341362 ubox
44 86 0.221989310 ubox
44 101 0.026537332 ubox
44 171 0.951564293 ubox
44 359 0.005682912 ubox
44 381 0.059119920 ubox
44 384 0.005281420 ubox
44 400 0.015297769 ubox
45 50 0.025877031 ubox
45 52 0.010203285 ubox
45 60 0.005970505 ubox
45 81 0.007166134 ubox
45 85 0.224462378 ubox
45 100 0.026764528 ubox
45 169 0.628526727 ubox
45 170 0.714508729 ubox
45 358 0.005672154 ubox
45 380 0.058593297 ubox
45 383 0.004276797 ubox
45 399 0.015188920 ubox
46 51 0.010345174 ubox
46 54 0.004045967 ubox
46 55 0.053099290 ubox
46 56 0.187200585 ubox
46 59 0.006006383 ubox
46 83 0.009651308 ubox
46 84 0.224677822 ubox
46 99 0.026206693 ubox
46 167 0.011772214 ubox
46 168 0.888198626 ubox
47 53 0.004048254 ubox
47 54 0.053161604 ubox
47 55 0.188376761 ubox
47 56 0.019177481 ubox
47 58 0.005987152 ubox
47 82 0.009590412 ubox
47 83 0.223947886 ubox
47 84 0.030103846 ubox
47 166 0.012813273 ubox
47 167 0.887859736 ubox
47 168 0.340907427 ubox
48 53 0.052910722 ubox
48 54 0.188389694 ubox
48 55 0.019634568 ubox
48 56 0.007481706 ubox
48 82 0.221895399 ubox
48 83 0.035237421 ubox
48 84 0.049396101 ubox
48 162 0.018455440 ubox
48 166 0.885884973 ubox
48 167 0.342240356 ubox
48 168 0.009239986 ubox
49 53 0.186957648 ubox
49 54 0.019641267 ubox
49 55 0.007781278 ubox
49 56 0.005708472 ubox
49 82 0.039154798 ubox
49 83 0.051091690 ubox
49 99 0.003924503 ubox
49 161 0.025788434 ubox
49 162 0.685173955 ubox
49 166 0.342007229 ubox
49 167 0.009418961 ubox
50 54 0.006999383 ubox
50 55 0.005641106 ubox
50 82 0.051925177 ubox
50 98 0.004097946 ubox
50 161 0.687018746 ubox
50 166 0.008593938 ubox
51 76 0.034995536 ubox
51 81 0.080791379 ubox
51 97 0.004107098 ubox
51 160 0.684875181 ubox
51 163 0.600300543 ubox
51 165 0.009791419 ubox
52 74 0.030730653 ubox
52 75 0.028738811 ubox
52 82 0.029268671 ubox
52 123 0.003219678 ubox
52 161 0.282069324 ubox
52 162 0.569208173 ubox
53 72 0.005960271 ubox
53 73 0.036815616 ubox
53 77 0.059512120 ubox
53 78 0.143587660 ubox
53 79 0.071781775 ubox
53 80 0.053191723 ubox
53 81 0.140586238 ubox
53 122 0.003409311 ubox
53 156 0.016565558 ubox
53 157 0.134000597 ubox
53 158 0.153345780 ubox
53 159 0.646500579 ubox
53 160 0.329071044 ubox
53 164 0.024471339 ubox
53 165 0.007484570 ubox
54 71 0.007822458 ubox
54 72 0.042690076 ubox
54 76 0.064657865 ubox
54 77 0.143261896 ubox
54 78 0.077146569 ubox
54 79 0.051811013 ubox
54 80 0.141017175 ubox
54 81 0.013700864 ubox
54 121 0.003518601 ubox
54 155 0.016764496 ubox
54 156 0.134153885 ubox
54 157 0.145076041 ubox
54 158 0.831929232 ubox
54 159 0.234123389 ubox
54 160 0.309230088 ubox
54 163 0.023806461 ubox
54 164 0.007469218 ubox
55 70 0.007814993 ubox
55 71 0.043460889 ubox
55 76 0.142846430 ubox
55 77 0.076196575 ubox
55 78 0.053859935 ubox
55 79 0.140054705 ubox
55 80 0.013727717 ubox
55 81 0.005281592 ubox
55 154 0.023328021 ubox
55 155 0.133098568 ubox
55 156 0.130472579 ubox
55 157 0.926203217 ubox
55 158 0.036744726 ubox
55 159 0.052439759 ubox
55 160 0.024094116 ubox
55 163 0.006911776 ubox
55 348 0.006138985 ubox
56 70 0.043291729 ubox
56 73 0.167805448 ubox
56 76 0.073333674 ubox
56 77 0.032538272 ubox
56 78 0.137730986 ubox
56 79 0.007776897 ubox
56 80 0.005370224 ubox
56 119 0.006456531 ubox
56 154 0.141909843 ubox
56 155 0.094818660 ubox
56 156 0.930539454 ubox
56 157 0.028021372 ubox
56 158 0.012310259 ubox
56 159 0.027569700 ubox
56 160 0.005847564 ubox
56 347 0.006298426 ubox
57 68 0.007199724 ubox
57 72 0.273416055 ubox
57 73 0.015056122 ubox
57 77 0.114799844 ubox
57 79 0.004560593 ubox
57 118 0.006485173 ubox
57 155 0.932811585 ubox
57 158 0.030691225 ubox
57 159 0.005808655 ubox
57 165 0.021996373 ubox
57 346 0.006331826 ubox
58 67 0.006465277 ubox
58 68 0.043150409 ubox
58 71 0.300226741 ubox
58 72 0.003551124 ubox
58 76 0.062640323 ubox
58 117 0.006492528 ubox
58 154 0.931882367 ubox
58 155 0.004258321 ubox
58 156 0.006310155 ubox
58 157 0.031503635 ubox
58 158 0.005779894 ubox
58 164 0.022798799 ubox
58 345 0.006338675 ubox
58 362 0.010540878 ubox
59 67 0.051267467 ubox
59 70 0.305171497 ubox
59 71 0.004433905 ubox
59 116 0.006473506 ubox
59 149 0.737594042 ubox
59 152 0.593548891 ubox
59 154 0.004706148 ubox
59 156 0.029361890 ubox
59 157 0.005624884 ubox
59 163 0.022807278 ubox
59 344 0.006335677 ubox
59 361 0.010698127 ubox
60 66 0.051386110 ubox
60 69 0.305186999 ubox
60 148 0.739364999 ubox
60 151 0.591664088 ubox
60 162 0.022790628 ubox
60 343 0.006296483 ubox
61 65 0.041546184 ubox
61 68 0.275567289 ubox
61 121 0.004363165 ubox
61 147 0.738995403 ubox
61 360 0.011729718 ubox
62 69 0.005381089 ubox
62 113 0.004958303 ubox
62 120 0.004851202 ubox
62 132 0.003473256 ubox
62 148 0.329307356 ubox
62 161 0.022544831 ubox
62 224 0.006141284 ubox
62 359 0.011996330 ubox
63 68 0.005807872 ubox
63 112 0.003900491 ubox
63 119 0.004860436 ubox
63 131 0.003492880 ubox
63 146 0.943836573 ubox
63 147 0.065146209 ubox
63 156 0.006727477 ubox
63 160 0.022603750 ubox
63 223 0.006201850 ubox
63 358 0.012005422 ubox
64 112 0.004198470 ubox
64 118 0.004704575 ubox
64 130 0.003438910 ubox
64 145 0.946207238 ubox
64 155 0.008027909 ubox
64 159 0.022470757 ubox
64 222 0.006230564 ubox
64 357 0.012000526 ubox
65 111 0.004682019 ubox
65 115 0.004407410 ubox
65 140 0.006618347 ubox
65 144 0.941158753 ubox
65 153 0.055526616 ubox
65 221 0.006229284 ubox
65 356 0.011978358 ubox
66 100 0.004236990 ubox
66 114 0.004645148 ubox
66 129 0.003388192 ubox
66 139 0.008653784 ubox
66 142 0.675493499 ubox
66 143 0.665888150 ubox
66 152 0.056271857 ubox
66 220 0.006230238 ubox
66 355 0.011624385 ubox
67 99 0.004369468 ubox
67 110 0.009019649 ubox
67 113 0.004155670 ubox
67 128 0.003365216 ubox
67 138 0.009064871 ubox
67 141 0.948388195 ubox
67 151 0.056280440 ubox
67 218 0.006341389 ubox
67 350 0.003228973 ubox
68 86 0.003899446 ubox
68 98 0.004364702 ubox
68 109 0.010000627 ubox
68 137 0.009069954 ubox
68 140 0.947760352 ubox
68 150 0.056267897 ubox
68 217 0.006342838 ubox
68 349 0.003225144 ubox
69 85 0.007329845 ubox
69 97 0.004330727 ubox
69 108 0.010160516 ubox
69 127 0.003170793 ubox
69 136 0.009107753 ubox
69 139 0.948498017 ubox
69 142 0.013671800 ubox
69 149 0.056268290 ubox
69 216 0.006344332 ubox
69 348 0.003213662 ubox
70 83 0.007139092 ubox
70 84 0.010897053 ubox
70 107 0.010200310 ubox
70 126 0.003372530 ubox
70 135 0.008687282 ubox
70 138 0.948272516 ubox
70 141 0.013723940 ubox
70 148 0.055859176 ubox
70 215 0.005531880 ubox
71 82 0.008749137 ubox
71 83 0.014255337 ubox
71 84 0.014098099 ubox
71 106 0.010209044 ubox
71 126 0.007930434 ubox
71 135 0.014587483 ubox
71 137 0.935888559 ubox
71 138 0.014847433 ubox
71 140 0.011284144 ubox
72 82 0.014895923 ubox
72 83 0.023885175 ubox
72 84 0.005967925 ubox
72 87 0.228613832 ubox
72 105 0.010166232 ubox
72 124 0.042574134 ubox
72 125 0.007285454 ubox
72 133 0.017349267 ubox
72 134 0.027882023 ubox
72 135 0.106004186 ubox
72 137 0.018419083 ubox
72 214 0.004355628 ubox
72 372 0.005537139 ubox
73 82 0.027543910 ubox
73 83 0.009567235 ubox
73 86 0.239144209 ubox
73 104 0.009490482 ubox
73 123 0.046614632 ubox
73 124 0.005416929 ubox
73 128 0.005207408 ubox
73 132 0.015300656 ubox
73 133 0.023252694 ubox
73 134 0.079415399 ubox
73 137 0.003813343 ubox
73 213 0.004324225 ubox
73 371 0.008262337 ubox
73 376 0.004062508 ubox
74 85 0.172788091 ubox
74 89 0.042569977 ubox
74 90 0.062103375 ubox
74 122 0.047288029 ubox
74 127 0.006118417 ubox
74 212 0.004191694 ubox
74 367 0.017904210 ubox
74 370 0.008102199 ubox
74 375 0.004156049 ubox
75 85 0.651250666 ubox
75 88 0.041378432 ubox
75 89 0.065726433 ubox
75 121 0.047435433 ubox
75 127 0.069511463 ubox
75 366 0.020604966 ubox
76 83 0.180840329 ubox
76 84 0.740699964 ubox
76 99 0.013176628 ubox
76 106 0.010627872 ubox
76 107 0.007968410 ubox
76 110 0.003680370 ubox
76 120 0.046209116 ubox
76 126 0.074452418 ubox
76 135 0.068922719 ubox
76 141 0.011360142 ubox
76 365 0.020344695 ubox
77 82 0.164769624 ubox
77 83 0.705907107 ubox
77 84 0.152199077 ubox
77 87 0.121331930 ubox
77 98 0.012891255 ubox
77 105 0.010651972 ubox
77 107 0.012408205 ubox
77 109 0.003536223 ubox
77 125 0.072114364 ubox
77 133 0.031199887 ubox
77 134 0.062403938 ubox
77 140 0.006604592 ubox
77 141 0.037612370 ubox
77 364 0.009505644 ubox
77 372 0.008115204 ubox
78 82 0.680993524 ubox
78 83 0.323765944 ubox
78 84 0.052056655 ubox
78 86 0.125918205 ubox
78 99 0.050596628 ubox
78 104 0.010316726 ubox
78 106 0.022871285 ubox
78 107 0.009126270 ubox
78 126 0.011200924 ubox
78 132 0.032679261 ubox
78 135 0.033218578 ubox
78 140 0.042072600 ubox
78 141 0.009894272 ubox
78 151 0.007384386 ubox
78 168 0.003551219 ubox
78 363 0.008238485 ubox
78 365 0.023328226 ubox
78 371 0.008446823 ubox
79 83 0.047451130 ubox
79 87 0.045391502 ubox
79 98 0.050243054 ubox
79 105 0.022944690 ubox
79 106 0.008784262 ubox
79 107 0.004710881 ubox
79 125 0.010764200 ubox
79 133 0.028269167 ubox
79 134 0.031132754 ubox
79 140 0.009697140 ubox
79 150 0.007238474 ubox
79 168 0.005835075 ubox
79 365 0.045954596 ubox
80 86 0.047559342 ubox
80 104 0.016985532 ubox
80 106 0.007173749 ubox
80 107 0.005544734 ubox
80 132 0.027893079 ubox
80 138 0.047563643 ubox
80 141 0.004546603 ubox
80 167 0.007678064 ubox
80 364 0.068916368 ubox
80 365 0.005122168 ubox
81 101 0.011342509 ubox
81 104 0.023599675 ubox
81 106 0.005537112 ubox
81 120 0.083875783 ubox
81 132 0.031050883 ubox
81 137 0.048437694 ubox
81 140 0.004535835 ubox
81 148 0.008986651 ubox
81 166 0.007691483 ubox
81 363 0.069425032 ubox
81 364 0.004867679 ubox
81 400 0.006020572 ubox
82 89 0.016317693 ubox
82 90 0.012803091 ubox
82 91 0.114145635 ubox
82 94 0.006823566 ubox
82 95 0.242343998 ubox
82 96 0.010790297 ubox
82 97 0.009970522 ubox
82 100 0.011262605 ubox
82 103 0.031406002 ubox
82 118 0.059858287 ubox
82 119 0.084412043 ubox
82 131 0.030853364 ubox
82 136 0.051551358 ubox
82 139 0.004488825 ubox
82 147 0.015524930 ubox
82 165 0.007704245 ubox
82 362 0.069572244 ubox
82 399 0.006265828 ubox
82 405 0.006151743 ubox
83 88 0.019322251 ubox
83 89 0.015873042 ubox
83 90 0.111352721 ubox
83 91 0.098278154 ubox
83 93 0.017498928 ubox
83 94 0.324728140 ubox
83 95 0.012000598 ubox
83 96 0.007569928 ubox
83 97 0.012230351 ubox
83 102 0.031359652 ubox
83 103 0.024015313 ubox
83 117 0.105676733 ubox
83 118 0.010722386 ubox
83 130 0.018617775 ubox
83 146 0.015642472 ubox
83 155 0.003663083 ubox
83 164 0.007747457 ubox
83 358 0.007939223 ubox
83 361 0.069483372 ubox
83 362 0.004767064 ubox
83 397 0.008793327 ubox
83 404 0.006177294 ubox
84 88 0.011556474 ubox
84 89 0.099621216 ubox
84 90 0.093768426 ubox
84 93 0.496932185 ubox
84 94 0.014479085 ubox
84 95 0.006425876 ubox
84 96 0.010543391 ubox
84 100 0.029431358 ubox
84 102 0.024461474 ubox
84 116 0.105977035 ubox
84 117 0.007692655 ubox
84 129 0.017407500 ubox
84 136 0.007690625 ubox
84 145 0.015636932 ubox
84 154 0.004168694 ubox
84 163 0.007731034 ubox
84 357 0.010642481 ubox
84 360 0.065461333 ubox
84 361 0.004866910 ubox
84 396 0.008858279 ubox
84 399 0.063139623 ubox
85 92 0.531269690 ubox
85 98 0.058178743 ubox
85 99 0.018038758 ubox
85 101 0.024148286 ubox
85 115 0.106217626 ubox
85 128 0.015312583 ubox
85 135 0.003842266 ubox
85 144 0.015640474 ubox
85 153 0.004177886 ubox
85 161 0.003430895 ubox
85 162 0.005868520 ubox
85 356 0.011920911 ubox
85 359 0.064164574 ubox
85 395 0.008288492 ubox
85 398 0.063949772 ubox
86 91 0.544944763 ubox
86 94 0.044009103 ubox
86 96 0.003341897 ubox
86 97 0.070323841 ubox
86 100 0.023262009 ubox
86 114 0.106194507 ubox
86 127 0.008634309 ubox
86 136 0.014663190 ubox
86 143 0.015587340 ubox
86 152 0.004166583 ubox
86 160 0.004691662 ubox
86 355 0.011962787 ubox
86 358 0.068035130 ubox
86 397 0.064090002 ubox
87 93 0.068730285 ubox
87 95 0.006102610 ubox
87 96 0.071620335 ubox
87 112 0.013244539 ubox
87 127 0.005304530 ubox
87 159 0.004555535 ubox
87 354 0.011656206 ubox
87 357 0.067742267 ubox
88 92 0.063034820 ubox
88 99 0.012417899 ubox
88 111 0.012797246 ubox
88 125 0.011410448 ubox
88 126 0.005312254 ubox
88 135 0.004729940 ubox
88 141 0.007473944 ubox
88 356 0.063553375 ubox
88 394 0.007191551 ubox
88 395 0.075639038 ubox
89 98 0.012330401 ubox
89 110 0.012344290 ubox
89 111 0.097962096 ubox
89 124 0.011475408 ubox
89 125 0.005201123 ubox
89 134 0.005207594 ubox
89 140 0.006785903 ubox
89 393 0.006036107 ubox
89 394 0.110186327 ubox
90 109 0.011101873 ubox
90 110 0.097733863 ubox
90 111 0.012180880 ubox
90 123 0.010721469 ubox
90 124 0.004835642 ubox
90 133 0.005212780 ubox
90 137 0.004337917 ubox
90 138 0.005774201 ubox
90 141 0.003513418 ubox
90 393 0.129576932 ubox
91 109 0.097285521 ubox
91 110 0.015206483 ubox
91 113 0.035998688 ubox
91 132 0.005184289 ubox
91 137 0.015089996 ubox
91 140 0.003630007 ubox
91 392 0.133933699 ubox
92 112 0.036042056 ubox
92 121 0.007651001 ubox
92 357 0.004182146 ubox
92 391 0.133929583 ubox
93 107 0.066150914 ubox
93 111 0.036030095 ubox
93 120 0.007255430 ubox
93 133 0.014063120 ubox
93 356 0.006914286 ubox
93 390 0.133976061 ubox
94 106 0.066724411 ubox
94 107 0.073452653 ubox
94 110 0.035975374 ubox
94 126 0.004532925 ubox
94 132 0.014464299 ubox
94 135 0.889199706 ubox
94 151 0.003412023 ubox
94 168 0.003555710 ubox
94 389 0.133957068 ubox
94 395 0.003754349 ubox
95 105 0.059940099 ubox
95 106 0.073759433 ubox
95 109 0.030028285 ubox
95 125 0.004554108 ubox
95 133 0.036453969 ubox
95 134 0.907369416 ubox
95 135 0.009545983 ubox
95 150 0.003365610 ubox
95 168 0.010963089 ubox
95 388 0.121901540 ubox
95 394 0.003647172 ubox
95 432 0.006414309 ubox
96 104 0.050545922 ubox
96 105 0.079446057 ubox
96 107 0.003777696 ubox
96 111 0.003698249 ubox
96 124 0.004308308 ubox
96 132 0.043510015 ubox
96 133 0.928086417 ubox
96 134 0.012345638 ubox
96 167 0.020006971 ubox
96 388 0.005394486 ubox
96 393 0.003451459 ubox
96 432 0.137034984 ubox
97 104 0.084521759 ubox
97 106 0.004083585 ubox
97 109 0.004144208 ubox
97 110 0.003856601 ubox
97 132 0.929670927 ubox
97 148 0.005905902 ubox
97 166 0.040174355 ubox
97 384 0.073059410 ubox
97 392 0.003384258 ubox
97 431 0.144793067 ubox
98 122 0.004278752 ubox
98 130 0.933892398 ubox
98 147 0.006409943 ubox
98 165 0.044300837 ubox
98 352 0.215394606 ubox
98 353 0.011577511 ubox
98 354 0.011311857 ubox
98 383 0.071699489 ubox
98 402 0.012449922 ubox
98 430 0.144963225 ubox
99 108 0.029621895 ubox
99 114 0.012928203 ubox
99 121 0.004665351 ubox
99 127 0.005542556 ubox
99 129 0.942630399 ubox
99 136 0.011468697 ubox
99 142 0.013374446 ubox
99 146 0.006563679 ubox
99 164 0.045925837 ubox
99 351 0.247377333 ubox
99 352 0.010663704 ubox
99 353 0.014911842 ubox
99 360 0.003398613 ubox
99 382 0.069473811 ubox
99 385 0.009711469 ubox
99 401 0.016894504 ubox
99 429 0.145091203 ubox
100 107 0.029645406 ubox
100 109 0.043063062 ubox
100 113 0.012972869 ubox
100 120 0.004265251 ubox
100 126 0.006279689 ubox
100 128 0.942670994 ubox
100 135 0.011544764 ubox
100 137 0.005398198 ubox
100 140 0.027171119 ubox
100 141 0.009523821 ubox
100 350 0.247486766 ubox
100 359 0.003611135 ubox
100 381 0.068968218 ubox
100 384 0.009918417 ubox
100 400 0.017382001 ubox
100 428 0.145089226 ubox
101 108 0.044497690 ubox
101 112 0.012830972 ubox
101 121 0.011430616 ubox
101 127 0.942159644 ubox
101 136 0.006344860 ubox
101 139 0.029324765 ubox
101 142 0.010043001 ubox
101 163 0.047217003 ubox
101 169 0.010211210 ubox
101 351 0.045591921 ubox
101 380 0.064194732 ubox
101 383 0.007425143 ubox
101 399 0.017294489 ubox
101 427 0.144968139 ubox
102 107 0.044477962 ubox
102 110 0.013268809 ubox
102 120 0.008751571 ubox
102 126 0.942018017 ubox
102 135 0.006327438 ubox
102 138 0.029350818 ubox
102 141 0.010094487 ubox
102 162 0.047260564 ubox
102 168 0.010295035 ubox
102 350 0.048465253 ubox
102 364 0.004324855 ubox
102 426 0.140234684 ubox
103 109 0.013297350 ubox
103 120 0.933551356 ubox
103 132 0.012955514 ubox
103 137 0.029352706 ubox
103 140 0.010094495 ubox
103 161 0.047256763 ubox
103 167 0.010294029 ubox
103 363 0.004355255 ubox
103 381 0.006062366 ubox
103 423 0.012375822 ubox
103 426 0.007152154 ubox
104 108 0.012362969 ubox
104 119 0.935335554 ubox
104 122 0.007918084 ubox
104 131 0.013084704 ubox
104 136 0.029275047 ubox
104 139 0.010080322 ubox
104 160 0.047107737 ubox
104 283 0.007315565 ubox
104 347 0.303387411 ubox
104 380 0.006118642 ubox
104 410 0.005093488 ubox
104 422 0.004643506 ubox
105 118 0.935212715 ubox
105 121 0.007203144 ubox
105 122 0.007612909 ubox
105 130 0.012889390 ubox
105 158 0.015136630 ubox
105 159 0.044527168 ubox
105 165 0.010292215 ubox
105 282 0.007377896 ubox
105 346 0.304960227 ubox
105 379 0.006143246 ubox
105 409 0.005123647 ubox
105 421 0.003956901 ubox
106 117 0.935070004 ubox
106 119 0.006957029 ubox
106 121 0.006080513 ubox
106 122 0.103894597 ubox
106 129 0.011862914 ubox
106 154 0.003325002 ubox
106 157 0.021252170 ubox
106 158 0.041042555 ubox
106 164 0.010339948 ubox
106 281 0.007412749 ubox
106 345 0.305237604 ubox
106 378 0.006121021 ubox
106 408 0.005128592 ubox
107 114 0.137873541 ubox
107 116 0.924112740 ubox
107 118 0.006833354 ubox
107 121 0.118402917 ubox
107 127 0.008803052 ubox
107 129 0.005213397 ubox
107 136 0.022124951 ubox
107 149 0.025668723 ubox
107 156 0.019607741 ubox
107 157 0.033702860 ubox
107 163 0.010337512 ubox
107 280 0.007413630 ubox
107 344 0.305254458 ubox
107 407 0.005127919 ubox
108 113 0.186911534 ubox
108 120 0.120281506 ubox
108 126 0.009334179 ubox
108 128 0.006898381 ubox
108 132 0.034181394 ubox
108 135 0.022299972 ubox
108 148 0.029228601 ubox
108 162 0.010235071 ubox
108 279 0.007413520 ubox
108 343 0.305250003 ubox
109 117 0.018555003 ubox
109 118 0.011942507 ubox
109 119 0.118392676 ubox
109 127 0.006659731 ubox
109 131 0.033019091 ubox
109 147 0.029271388 ubox
109 155 0.015298194 ubox
109 156 0.013759207 ubox
109 157 0.005326006 ubox
109 278 0.007412729 ubox
109 342 0.305211473 ubox
109 375 0.005982123 ubox
109 405 0.005127020 ubox
110 116 0.019947405 ubox
110 117 0.064368467 ubox
110 118 0.089329247 ubox
110 119 0.014574339 ubox
110 122 0.009092138 ubox
110 130 0.026527353 ubox
110 131 0.046293466 ubox
110 146 0.029330398 ubox
110 154 0.015819644 ubox
110 155 0.009610639 ubox
110 156 0.005758500 ubox
110 160 0.008385386 ubox
110 277 0.007396583 ubox
110 341 0.304991241 ubox
110 374 0.006006734 ubox
110 404 0.005127154 ubox
111 118 0.018210824 ubox
111 121 0.010025511 ubox
111 130 0.046735100 ubox
111 145 0.029321284 ubox
111 155 0.005404092 ubox
111 159 0.008109427 ubox
111 340 0.305141490 ubox
111 373 0.005782617 ubox
111 403 0.005054877 ubox
112 120 0.010104208 ubox
112 144 0.029239635 ubox
112 150 0.007454478 ubox
112 153 0.014355761 ubox
112 339 0.304992657 ubox
112 369 0.003566252 ubox
112 372 0.004852999 ubox
113 119 0.009920274 ubox
113 121 0.011589730 ubox
113 129 0.062805480 ubox
113 136 0.003828452 ubox
113 142 0.011604410 ubox
113 143 0.026819566 ubox
113 149 0.007550555 ubox
113 152 0.014390037 ubox
113 233 0.004068767 ubox
113 338 0.305214207 ubox
113 368 0.004109684 ubox
113 401 0.004691220 ubox
114 120 0.012064724 ubox
114 128 0.063026117 ubox
114 135 0.003844771 ubox
114 141 0.016241501 ubox
114 148 0.007551294 ubox
114 151 0.014319107 ubox
114 224 0.003628901 ubox
114 232 0.005171243 ubox
114 337 0.304639287 ubox
114 400 0.004825728 ubox
115 121 0.007289127 ubox
115 127 0.062993826 ubox
115 147 0.007372871 ubox
115 223 0.004028132 ubox
115 228 0.005090598 ubox
115 231 0.005391639 ubox
115 336 0.263230484 ubox
115 366 0.005407088 ubox
116 120 0.008577406 ubox
116 126 0.060441156 ubox
116 138 0.005812449 ubox
116 141 0.023256636 ubox
116 221 0.003496051 ubox
116 225 0.201010222 ubox
116 227 0.005788942 ubox
116 230 0.005574294 ubox
116 335 0.197913965 ubox
116 365 0.005627457 ubox
117 126 0.026958953 ubox
117 135 0.005115641 ubox
117 137 0.005781736 ubox
117 138 0.014003429 ubox
117 140 0.023291025 ubox
117 141 0.005486292 ubox
117 224 0.202067345 ubox
117 225 0.019888131 ubox
117 227 0.025051470 ubox
117 229 0.005420285 ubox
117 334 0.170631975 ubox
117 335 0.004678906 ubox
117 364 0.005613464 ubox
118 125 0.030939050 ubox
118 133 0.078886871 ubox
118 134 0.005233725 ubox
118 137 0.003401512 ubox
118 138 0.023369640 ubox
118 141 0.005552188 ubox
118 219 0.005660385 ubox
118 224 0.018605162 ubox
118 225 0.013010305 ubox
118 226 0.035932478 ubox
118 301 0.049911371 ubox
118 333 0.092333856 ubox
118 363 0.003364607 ubox
119 128 0.015995873 ubox
119 132 0.083200990 ubox
119 137 0.028075562 ubox
119 140 0.008726494 ubox
119 161 0.004862881 ubox
119 218 0.005898035 ubox
119 221 0.261649051 ubox
119 224 0.017847145 ubox
119 225 0.036724043 ubox
119 294 0.036511520 ubox
119 300 0.052917573 ubox
119 303 0.032718970 ubox
119 331 0.004776323 ubox
119 363 0.004685749 ubox
120 127 0.012143059 ubox
120 129 0.028485607 ubox
120 131 0.081753331 ubox
120 136 0.028505882 ubox
120 139 0.008966309 ubox
120 142 0.004473288 ubox
120 160 0.004905711 ubox
120 220 0.263117440 ubox
120 223 0.017265338 ubox
120 293 0.037373270 ubox
120 299 0.052922595 ubox
120 302 0.032928350 ubox
120 330 0.003723376 ubox
120 362 0.004661975 ubox
121 126 0.005705319 ubox
121 128 0.029438823 ubox
121 133 0.003198125 ubox
121 134 0.003271743 ubox
121 135 0.028324118 ubox
121 138 0.008943628 ubox
121 141 0.004457339 ubox
121 218 0.004545784 ubox
121 219 0.262351566 ubox
121 225 0.011200846 ubox
121 226 0.004189102 ubox
121 292 0.037207923 ubox
121 298 0.052874364 ubox
121 301 0.032915346 ubox
122 128 0.016452753 ubox
122 132 0.003277464 ubox
122 133 0.003481043 ubox
122 134 0.026160513 ubox
122 137 0.005295889 ubox
122 140 0.003788478 ubox
122 218 0.259813634 ubox
122 224 0.017124442 ubox
122 225 0.003897792 ubox
122 291 0.036702867 ubox
122 297 0.051532403 ubox
122 300 0.032014516 ubox
123 127 0.014139034 ubox
123 223 0.018574776 ubox
123 290 0.035078649 ubox
123 296 0.047174357 ubox
123 299 0.030273462 ubox
124 222 0.018861616 ubox
124 223 0.003438429 ubox
125 155 0.027100737 ubox
125 165 0.008056608 ubox
125 222 0.003426566 ubox
125 286 0.020786157 ubox
125 296 0.028302646 ubox
125 306 0.003637232 ubox
126 136 0.012301945 ubox
126 139 0.003644466 ubox
126 154 0.029660684 ubox
126 164 0.008971851 ubox
126 212 0.005678155 ubox
126 216 0.009626510 ubox
126 220 0.014394970 ubox
126 285 0.021689298 ubox
126 293 0.029749965 ubox
126 295 0.031720142 ubox
126 305 0.004541356 ubox
127 135 0.012237207 ubox
127 137 0.023403179 ubox
127 140 0.004200667 ubox
127 150 0.004761164 ubox
127 153 0.029675104 ubox
127 211 0.006249566 ubox
127 215 0.009512664 ubox
127 217 0.282940750 ubox
127 219 0.010285291 ubox
127 284 0.017037565 ubox
127 291 0.005449649 ubox
127 292 0.015476361 ubox
127 294 0.029156120 ubox
128 136 0.093415199 ubox
128 139 0.004995766 ubox
128 149 0.004834059 ubox
128 152 0.029682950 ubox
128 163 0.010077016 ubox
128 210 0.006304624 ubox
128 216 0.286686151 ubox
128 283 0.016119043 ubox
128 290 0.012819240 ubox
128 293 0.028415027 ubox
128 295 0.004476478 ubox
128 304 0.005143065 ubox
129 135 0.093814882 ubox
129 138 0.004994514 ubox
129 148 0.004832511 ubox
129 151 0.029681219 ubox
129 162 0.010038842 ubox
129 215 0.286799387 ubox
129 289 0.013324657 ubox
129 294 0.004461402 ubox
129 303 0.005144461 ubox
130 134 0.084395423 ubox
130 137 0.003701662 ubox
130 150 0.029348043 ubox
130 162 0.005230031 ubox
130 214 0.276399792 ubox
130 226 0.003415964 ubox
130 288 0.012393203 ubox
130 292 0.019503369 ubox
130 301 0.004485776 ubox
131 137 0.009620597 ubox
131 148 0.015691136 ubox
131 161 0.014310565 ubox
131 225 0.003446490 ubox
131 291 0.019511497 ubox
131 300 0.004511753 ubox
132 136 0.011914491 ubox
132 146 0.016783569 ubox
132 147 0.008786801 ubox
132 156 0.005230381 ubox
132 160 0.014601135 ubox
132 290 0.015251881 ubox
132 299 0.003989341 ubox
133 145 0.016634828 ubox
133 155 0.005250072 ubox
133 159 0.014597388 ubox
134 158 0.014560133 ubox
134 286 0.005720606 ubox
135 142 0.021196149 ubox
135 149 0.018769867 ubox
135 152 0.027441895 ubox
135 157 0.013811708 ubox
135 206 0.006421904 ubox
135 209 0.304457052 ubox
135 285 0.005840524 ubox
136 141 0.021301183 ubox
136 148 0.018789623 ubox
136 151 0.027913947 ubox
136 205 0.006450433 ubox
136 208 0.305022654 ubox
137 143 0.005508309 ubox
137 147 0.018581260 ubox
137 155 0.007497195 ubox
137 156 0.006003979 ubox
137 204 0.006451123 ubox
137 207 0.305033426 ubox
137 210 0.016835346 ubox
137 281 0.007638923 ubox
138 142 0.005431615 ubox
138 146 0.018389334 ubox
138 149 0.034647247 ubox
138 152 0.011671633 ubox
138 154 0.007579497 ubox
138 155 0.003957067 ubox
138 203 0.006445002 ubox
138 206 0.305039191 ubox
138 209 0.017082691 ubox
138 280 0.007753152 ubox
139 148 0.034782208 ubox
139 151 0.011684937 ubox
139 199 0.007497929 ubox
139 205 0.305003381 ubox
139 208 0.017084964 ubox
139 279 0.007755191 ubox
140 147 0.034384101 ubox
140 164 0.004806602 ubox
140 194 0.003521993 ubox
140 198 0.014755235 ubox
140 203 0.004556050 ubox
140 204 0.304649143 ubox
140 207 0.017084708 ubox
140 278 0.007754577 ubox
141 146 0.033705929 ubox
141 149 0.013213612 ubox
141 152 0.009898820 ubox
141 163 0.005407650 ubox
141 193 0.003607705 ubox
141 197 0.061657040 ubox
141 202 0.003200739 ubox
141 203 0.298446474 ubox
141 206 0.017077693 ubox
141 277 0.007728160 ubox
142 148 0.013416865 ubox
142 151 0.010126010 ubox
142 162 0.005563733 ubox
142 167 0.026436002 ubox
142 168 0.003761516 ubox
142 196 0.180212622 ubox
142 205 0.014339489 ubox
142 237 0.005137556 ubox
143 161 0.005556369 ubox
143 166 0.026498665 ubox
143 167 0.003740439 ubox
143 195 0.180022611 ubox
143 199 0.144921343 ubox
143 236 0.005139180 ubox
144 165 0.025747646 ubox
144 189 0.006691060 ubox
144 197 0.073861369 ubox
144 198 0.129300901 ubox
144 202 0.018936070 ubox
145 188 0.004610092 ubox
145 192 0.176257627 ubox
145 196 0.097122038 ubox
145 200 0.051027553 ubox
145 201 0.019030055 ubox
145 235 0.005019887 ubox
146 162 0.025465384 ubox
146 191 0.178511180 ubox
146 195 0.099392702 ubox
146 196 0.085442161 ubox
146 199 0.052793565 ubox
146 234 0.005020296 ubox
147 161 0.025529656 ubox
147 188 0.277445130 ubox
147 191 0.005053809 ubox
147 195 0.062161338 ubox
148 160 0.025495197 ubox
148 163 0.008931421 ubox
148 184 0.004703568 ubox
148 187 0.303101176 ubox
148 194 0.022587987 ubox
148 197 0.004298171 ubox
148 233 0.006878971 ubox
149 162 0.008926301 ubox
149 166 0.006813972 ubox
149 183 0.005566869 ubox
149 186 0.303716126 ubox
149 196 0.004398885 ubox
149 232 0.007386904 ubox
150 158 0.024219568 ubox
150 159 0.006691419 ubox
150 165 0.006824117 ubox
150 182 0.004528401 ubox
150 185 0.302824081 ubox
150 231 0.007377508 ubox
151 157 0.024660213 ubox
151 158 0.005546980 ubox
151 163 0.004958124 ubox
151 164 0.005863555 ubox
151 182 0.060559191 ubox
151 184 0.297509407 ubox
152 162 0.006058982 ubox
152 181 0.065110599 ubox
152 183 0.297093612 ubox
152 229 0.007392700 ubox
153 180 0.069735300 ubox
153 182 0.295799125 ubox
153 228 0.007394818 ubox
154 162 0.003188739 ubox
154 179 0.074021095 ubox
154 181 0.294501808 ubox
154 227 0.007396537 ubox
155 168 0.006938292 ubox
155 178 0.075316013 ubox
155 226 0.007395650 ubox
156 162 0.006952866 ubox
156 167 0.008354932 ubox
156 168 0.004034134 ubox
156 225 0.007394626 ubox
157 161 0.006926707 ubox
157 166 0.008375698 ubox
157 167 0.004059137 ubox
157 179 0.127215532 ubox
157 224 0.007352328 ubox
158 166 0.004009454 ubox
158 178 0.118748406 ubox
158 179 0.020885734 ubox
158 201 0.006249725 ubox
159 178 0.024772196 ubox
159 200 0.007125886 ubox
160 171 0.298570722 ubox
160 173 0.014199407 ubox
160 199 0.007182710 ubox
160 208 0.005416558 ubox
160 221 0.005999958 ubox
161 170 0.300464872 ubox
161 175 0.045733317 ubox
161 198 0.007159000 ubox
161 207 0.005567722 ubox
161 220 0.005775482 ubox
162 169 0.300484350 ubox
162 172 0.004938822 ubox
162 174 0.045939503 ubox
162 180 0.003664597 ubox
162 197 0.007182005 ubox
162 206 0.005624401 ubox
162 216 0.003174868 ubox
163 168 0.299478894 ubox
163 171 0.005007369 ubox
163 173 0.045918146 ubox
163 179 0.003514083 ubox
163 196 0.007106004 ubox
163 205 0.005595972 ubox
163 215 0.003165977 ubox
164 179 0.003446346 ubox
164 195 0.007009004 ubox
164 218 0.004408781 ubox
165 171 0.036789298 ubox
165 178 0.003674470 ubox
165 217 0.004403233 ubox
166 170 0.035822621 ubox
166 172 0.004211154 ubox
166 177 0.003451364 ubox
166 194 0.006777837 ubox
166 204 0.003522193 ubox
166 216 0.004354139 ubox
167 175 0.005477065 ubox
167 193 0.006771121 ubox
167 198 0.008996083 ubox
167 203 0.003521754 ubox
167 210 0.004445895 ubox
168 174 0.005524940 ubox
168 197 0.028106281 ubox
168 209 0.004452557 ubox
169 173 0.005514756 ubox
169 196 0.029475324 ubox
169 208 0.004418100 ubox
170 191 0.005493418 ubox
170 195 0.029484918 ubox
171 189 0.004729523 ubox
171 190 0.005379376 ubox
171 194 0.029468928 ubox
171 206 0.004229411 ubox
172 176 0.003163663 ubox
172 178 0.007568834 ubox
172 179 0.005516830 ubox
172 188 0.007115450 ubox
172 205 0.004088935 ubox
173 177 0.006770282 ubox
173 187 0.007199287 ubox
173 193 0.029700483 ubox
173 204 0.004035229 ubox
174 186 0.005497971 ubox
174 192 0.029706451 ubox
174 200 0.003859457 ubox
175 181 0.003326583 ubox
175 183 0.003387148 ubox
175 186 0.004757503 ubox
175 191 0.029682861 ubox
175 199 0.003914588 ubox
176 182 0.003418971 ubox
176 184 0.004388042 ubox
176 185 0.004807741 ubox
176 189 0.005062729 ubox
176 198 0.003739420 ubox
177 181 0.003211275 ubox
177 183 0.004589684 ubox
177 188 0.005044180 ubox
178 182 0.003840305 ubox
179 187 0.010264709 ubox
179 189 0.051617206 ubox
179 220 0.009376658 ubox
179 391 0.009849200 ubox
180 186 0.010120123 ubox
180 188 0.053210946 ubox
180 195 0.003640554 ubox
180 219 0.009364745 ubox
180 390 0.011163250 ubox
181 185 0.004660745 ubox
181 187 0.053461854 ubox
181 189 0.008717418 ubox
181 190 0.003915364 ubox
181 194 0.003923438 ubox
182 186 0.049950128 ubox
182 188 0.009726149 ubox
182 217 0.009483957 ubox
182 388 0.012706370 ubox
183 187 0.009857762 ubox
183 190 0.008856253 ubox
183 193 0.014728562 ubox
183 216 0.009520756 ubox
183 220 0.003603561 ubox
183 387 0.012897308 ubox
184 188 0.005764853 ubox
184 192 0.018340241 ubox
184 215 0.009479585 ubox
184 218 0.014509456 ubox
184 386 0.009212135 ubox
185 191 0.029819495 ubox
185 214 0.009134376 ubox
185 217 0.033156436 ubox
185 386 0.030702915 ubox
185 388 0.003379280 ubox
186 190 0.043990537 ubox
186 216 0.035629498 ubox
186 385 0.034683394 ubox
186 387 0.003438030 ubox
187 199 0.003297811 ubox
187 215 0.035594065 ubox
187 384 0.035218498 ubox
187 392 0.007649426 ubox
188 197 0.027598397 ubox
188 202 0.009040243 ubox
188 212 0.004327795 ubox
188 383 0.034487474 ubox
188 391 0.007663970 ubox
189 196 0.036195136 ubox
189 200 0.171943916 ubox
189 201 0.009408888 ubox
189 211 0.004442110 ubox
189 390 0.007660870 ubox
190 195 0.038415464 ubox
190 199 0.176232072 ubox
190 208 0.011693618 ubox
190 381 0.035053788 ubox
190 384 0.007174810 ubox
190 389 0.007322020 ubox
191 198 0.167371269 ubox
191 207 0.011811495 ubox
191 380 0.035210814 ubox
191 383 0.008737647 ubox
192 197 0.144896593 ubox
192 379 0.034325581 ubox
192 382 0.008831808 ubox
193 381 0.008690585 ubox
194 205 0.039035997 ubox
194 208 0.040062438 ubox
195 204 0.041301204 ubox
195 207 0.040651797 ubox
195 246 0.003366970 ubox
195 374 0.032292993 ubox
195 375 0.008330353 ubox
195 379 0.009063214 ubox
195 380 0.003459653 ubox
195 434 0.004752503 ubox
196 202 0.007395204 ubox
196 203 0.041331332 ubox
196 206 0.040732018 ubox
196 245 0.003491031 ubox
196 373 0.032404779 ubox
196 374 0.008617509 ubox
196 378 0.010818313 ubox
196 433 0.004836286 ubox
197 201 0.008684848 ubox
197 205 0.035483043 ubox
197 244 0.003809914 ubox
197 372 0.031685198 ubox
197 377 0.010780454 ubox
197 432 0.004824251 ubox
198 205 0.060618873 ubox
198 208 0.008158409 ubox
198 211 0.007977327 ubox
198 221 0.003940003 ubox
198 243 0.004110853 ubox
198 369 0.111934379 ubox
198 371 0.018860371 ubox
198 376 0.005942922 ubox
198 431 0.004687767 ubox
199 204 0.111208534 ubox
199 207 0.022717347 ubox
199 210 0.010311180 ubox
199 220 0.007175767 ubox
199 223 0.003310569 ubox
199 242 0.004208940 ubox
199 283 0.003736731 ubox
199 368 0.152204205 ubox
199 403 0.003613805 ubox
199 404 0.011319239 ubox
199 430 0.009110574 ubox
199 435 0.006857681 ubox
200 222 0.004004211 ubox
200 223 0.004802148 ubox
200 282 0.003599957 ubox
200 367 0.152618771 ubox
200 402 0.004080303 ubox
200 403 0.011293030 ubox
200 435 0.004378743 ubox
201 212 0.006684488 ubox
201 222 0.005534680 ubox
201 366 0.152695317 ubox
201 401 0.004091047 ubox
201 402 0.010369799 ubox
201 435 0.004386028 ubox
202 211 0.007139695 ubox
202 219 0.055725421 ubox
202 221 0.004027839 ubox
202 226 0.062535131 ubox
202 235 0.015542829 ubox
202 238 0.009300322 ubox
202 365 0.152688157 ubox
202 400 0.003458185 ubox
202 432 0.129821813 ubox
203 218 0.058485195 ubox
203 225 0.063845439 ubox
203 230 0.016038009 ubox
203 234 0.015940076 ubox
203 237 0.009611356 ubox
203 364 0.152797177 ubox
203 431 0.136461111 ubox
204 221 0.009504772 ubox
204 224 0.063862872 ubox
204 229 0.016071311 ubox
204 232 0.024627058 ubox
204 236 0.009591292 ubox
204 363 0.152777842 ubox
204 400 0.009337703 ubox
204 426 0.003943217 ubox
204 428 0.645598574 ubox
204 431 0.095251961 ubox
205 216 0.102076226 ubox
205 220 0.009867559 ubox
205 222 0.012528233 ubox
205 223 0.059955246 ubox
205 228 0.016040210 ubox
205 231 0.030779864 ubox
205 360 0.004399115 ubox
205 362 0.150453121 ubox
205 399 0.009320811 ubox
205 424 0.003398322 ubox
205 427 0.653175555 ubox
205 429 0.334793494 ubox
205 430 0.121157222 ubox
206 215 0.102986698 ubox
206 221 0.017154027 ubox
206 225 0.006231214 ubox
206 227 0.016016159 ubox
206 230 0.032241180 ubox
206 359 0.006914573 ubox
206 423 0.003397716 ubox
206 426 0.652160345 ubox
206 428 0.242846699 ubox
207 221 0.058935401 ubox
207 224 0.006278459 ubox
207 229 0.032242755 ubox
207 232 0.011885363 ubox
207 359 0.076619405 ubox
207 423 0.004993004 ubox
207 426 0.050829042 ubox
207 428 0.571781540 ubox
207 431 0.020654602 ubox
208 216 0.132462721 ubox
208 220 0.056739333 ubox
208 222 0.009446910 ubox
208 223 0.004572461 ubox
208 228 0.032008201 ubox
208 231 0.013702877 ubox
208 358 0.076300677 ubox
208 360 0.043729769 ubox
208 396 0.005565180 ubox
208 422 0.003658969 ubox
208 424 0.641777862 ubox
208 425 0.046771275 ubox
208 427 0.622976891 ubox
208 429 0.153103396 ubox
208 430 0.006473350 ubox
209 215 0.133063703 ubox
209 221 0.010021999 ubox
209 225 0.028728892 ubox
209 227 0.031541290 ubox
209 230 0.014134600 ubox
209 359 0.044394549 ubox
209 395 0.005540809 ubox
209 423 0.629781552 ubox
209 426 0.608087598 ubox
209 428 0.154853300 ubox
210 224 0.029661659 ubox
210 229 0.014140315 ubox
210 300 0.031297895 ubox
210 303 0.006132640 ubox
210 423 0.096202792 ubox
210 426 0.200188009 ubox
210 431 0.016448855 ubox
211 222 0.004984194 ubox
211 223 0.028028469 ubox
211 228 0.014080494 ubox
211 299 0.031400775 ubox
211 302 0.006140370 ubox
211 357 0.033682146 ubox
211 360 0.005769460 ubox
211 422 0.110013473 ubox
211 425 0.236717613 ubox
211 430 0.016493157 ubox
212 221 0.006280808 ubox
212 224 0.016678061 ubox
212 227 0.013247938 ubox
212 298 0.030385747 ubox
212 301 0.005893488 ubox
212 307 0.007242395 ubox
212 356 0.033100209 ubox
212 359 0.005748829 ubox
212 423 0.556107597 ubox
212 426 0.010435706 ubox
212 431 0.006264084 ubox
213 223 0.015660619 ubox
213 306 0.008446152 ubox
213 353 0.077151757 ubox
213 354 0.016406178 ubox
213 422 0.842908298 ubox
213 425 0.019964095 ubox
213 430 0.008286610 ubox
214 222 0.014206258 ubox
214 223 0.036934278 ubox
214 296 0.031872583 ubox
214 306 0.005195261 ubox
214 352 0.079968922 ubox
214 353 0.016552367 ubox
214 354 0.009819308 ubox
214 421 0.866384839 ubox
214 422 0.012241262 ubox
214 425 0.293524114 ubox
214 430 0.004861259 ubox
215 222 0.045626586 ubox
215 290 0.003931271 ubox
215 295 0.032682980 ubox
215 304 0.091396748 ubox
215 305 0.005233679 ubox
215 344 0.004306188 ubox
215 351 0.079770722 ubox
215 352 0.015939922 ubox
215 353 0.007716512 ubox
215 360 0.007956043 ubox
215 420 0.869189520 ubox
215 424 0.299725674 ubox
215 427 0.077402319 ubox
215 429 0.004833751 ubox
216 221 0.046522189 ubox
216 224 0.015376630 ubox
216 289 0.004374381 ubox
216 291 0.007664510 ubox
216 294 0.032553707 ubox
216 303 0.091868596 ubox
216 343 0.004345762 ubox
216 350 0.079338044 ubox
216 359 0.008145855 ubox
216 414 0.005603250 ubox
216 419 0.867904332 ubox
216 423 0.299713804 ubox
216 426 0.077743511 ubox
216 428 0.004640213 ubox
216 431 0.003215297 ubox
217 223 0.015135559 ubox
217 286 0.005762616 ubox
217 290 0.008111027 ubox
217 296 0.008375308 ubox
217 302 0.091366535 ubox
217 346 0.011192419 ubox
217 352 0.005129269 ubox
217 353 0.006220441 ubox
217 354 0.034123315 ubox
217 402 0.003322888 ubox
217 403 0.107031446 ubox
217 409 0.004317985 ubox
217 413 0.006819358 ubox
217 421 0.024446856 ubox
217 422 0.294664523 ubox
217 425 0.077765436 ubox
217 430 0.003516554 ubox
218 222 0.010497218 ubox
218 250 0.003198521 ubox
218 285 0.006921333 ubox
218 295 0.018711032 ubox
218 305 0.004695411 ubox
218 341 0.004482190 ubox
218 345 0.011311463 ubox
218 347 0.020355463 ubox
218 351 0.003347113 ubox
218 352 0.006098691 ubox
218 353 0.042513910 ubox
218 354 0.029839812 ubox
218 355 0.030794299 ubox
218 358 0.006324376 ubox
218 361 0.115003225 ubox
218 402 0.129942679 ubox
218 403 0.004830184 ubox
218 404 0.006663183 ubox
218 408 0.004265842 ubox
218 410 0.012566045 ubox
218 420 0.033838707 ubox
218 421 0.230186751 ubox
218 422 0.039061102 ubox
218 424 0.077442189 ubox
218 429 0.003609818 ubox
219 228 0.005559827 ubox
219 290 0.036909140 ubox
219 340 0.004700966 ubox
219 346 0.019619987 ubox
219 352 0.043664447 ubox
219 353 0.032580615 ubox
219 354 0.029760364 ubox
219 357 0.006162506 ubox
219 360 0.115219948 ubox
219 401 0.133355433 ubox
219 402 0.003774575 ubox
219 403 0.005069020 ubox
219 409 0.012467104 ubox
219 421 0.062830102 ubox
220 227 0.006239848 ubox
220 289 0.039516888 ubox
220 291 0.006838884 ubox
220 294 0.031050682 ubox
220 300 0.111890406 ubox
220 303 0.009699193 ubox
220 339 0.004756285 ubox
220 343 0.006962542 ubox
220 359 0.115237891 ubox
220 400 0.134811725 ubox
220 414 0.483832086 ubox
220 423 0.041411059 ubox
220 428 0.003956355 ubox
221 285 0.040406073 ubox
221 290 0.006122240 ubox
221 293 0.031416874 ubox
221 299 0.112834852 ubox
221 302 0.009692460 ubox
221 338 0.004748716 ubox
221 342 0.006915857 ubox
221 344 0.008705111 ubox
221 351 0.097021059 ubox
221 358 0.104602920 ubox
221 399 0.134614058 ubox
221 407 0.012951728 ubox
221 413 0.471979540 ubox
221 416 0.192185984 ubox
221 420 0.303013494 ubox
221 422 0.009841949 ubox
221 427 0.003935123 ubox
222 284 0.037968727 ubox
222 288 0.026212169 ubox
222 292 0.030779591 ubox
222 298 0.113418081 ubox
222 301 0.009744873 ubox
222 337 0.004183489 ubox
222 343 0.007615658 ubox
222 350 0.102003082 ubox
222 356 0.007183048 ubox
222 398 0.115165734 ubox
222 406 0.009294166 ubox
222 412 0.333809656 ubox
222 415 0.187174843 ubox
222 419 0.304042022 ubox
222 426 0.003366251 ubox
223 247 0.006775910 ubox
223 284 0.086383421 ubox
223 287 0.027915768 ubox
223 291 0.026561518 ubox
223 297 0.113316095 ubox
223 300 0.008982353 ubox
223 343 0.003186196 ubox
223 349 0.135405370 ubox
223 356 0.093216381 ubox
223 398 0.045909031 ubox
223 406 0.024051724 ubox
223 412 0.784965112 ubox
223 414 0.110920175 ubox
223 418 0.303879817 ubox
224 246 0.007344630 ubox
224 251 0.089130441 ubox
224 252 0.003896337 ubox
224 281 0.010887003 ubox
224 282 0.072917594 ubox
224 283 0.094300067 ubox
224 286 0.027134552 ubox
224 290 0.016684497 ubox
224 296 0.113100191 ubox
224 299 0.005742213 ubox
224 305 0.006812402 ubox
224 342 0.004300974 ubox
224 345 0.003230114 ubox
224 348 0.138006913 ubox
224 354 0.007041909 ubox
224 355 0.094881482 ubox
224 397 0.064890982 ubox
224 405 0.027418881 ubox
224 408 0.006535207 ubox
224 409 0.008871942 ubox
224 410 0.020730891 ubox
224 411 0.870569354 ubox
224 413 0.008219079 ubox
224 417 0.304036631 ubox
225 245 0.007099853 ubox
225 246 0.004797762 ubox
225 250 0.111035204 ubox
225 280 0.009273269 ubox
225 281 0.107560013 ubox
225 282 0.084532873 ubox
225 283 0.114227821 ubox
225 285 0.023310671 ubox
225 295 0.112283298 ubox
225 304 0.006821330 ubox
225 341 0.003790955 ubox
225 347 0.137933694 ubox
225 353 0.019368102 ubox
225 354 0.078819597 ubox
225 355 0.006791421 ubox
225 396 0.049088103 ubox
225 404 0.027417099 ubox
225 407 0.006495123 ubox
225 408 0.011448602 ubox
225 409 0.018466908 ubox
225 410 0.870725785 ubox
225 416 0.302868180 ubox
226 245 0.004688694 ubox
226 249 0.111975490 ubox
226 282 0.117476092 ubox
226 286 0.008329529 ubox
226 296 0.004927586 ubox
226 340 0.003576565 ubox
226 346 0.134182838 ubox
226 352 0.026351719 ubox
226 353 0.069549032 ubox
226 354 0.007347445 ubox
226 403 0.026524668 ubox
226 409 0.868382807 ubox
227 242 0.045968960 ubox
227 248 0.112330712 ubox
227 280 0.379751227 ubox
227 281 0.085159935 ubox
227 285 0.009580755 ubox
227 293 0.028127137 ubox
227 295 0.005369445 ubox
227 344 0.008091854 ubox
227 345 0.072536724 ubox
227 351 0.031350951 ubox
227 352 0.016764872 ubox
227 399 0.019239637 ubox
227 402 0.003795839 ubox
227 407 0.608372842 ubox
227 408 0.612955238 ubox
227 413 0.266098806 ubox
227 416 0.019421700 ubox
228 241 0.046419253 ubox
228 247 0.112551153 ubox
228 279 0.395637736 ubox
228 284 0.009381536 ubox
228 287 0.011896559 ubox
228 289 0.003805575 ubox
228 292 0.026873974 ubox
228 294 0.005266659 ubox
228 343 0.010875007 ubox
228 349 0.032679671 ubox
228 350 0.021145267 ubox
228 398 0.022833793 ubox
228 406 0.858293720 ubox
228 412 0.266508708 ubox
228 415 0.035335985 ubox
229 240 0.046489191 ubox
229 246 0.112585389 ubox
229 251 0.004724701 ubox
229 278 0.402994038 ubox
229 281 0.029088189 ubox
229 283 0.006982377 ubox
229 286 0.012174337 ubox
229 290 0.005213830 ubox
229 293 0.005113517 ubox
229 342 0.008345188 ubox
229 345 0.012306420 ubox
229 348 0.037227613 ubox
229 352 0.009109285 ubox
229 397 0.022922533 ubox
229 404 0.008977880 ubox
229 405 0.860771224 ubox
229 408 0.037821597 ubox
229 411 0.266346960 ubox
230 239 0.046566739 ubox
230 242 0.004972174 ubox
230 245 0.111484313 ubox
230 250 0.007295600 ubox
230 277 0.403181278 ubox
230 280 0.030100699 ubox
230 282 0.005303675 ubox
230 285 0.011764359 ubox
230 290 0.015836970 ubox
230 341 0.003984499 ubox
230 344 0.013417110 ubox
230 347 0.037186367 ubox
230 351 0.010395554 ubox
230 396 0.022640354 ubox
230 399 0.012259733 ubox
230 401 0.003447909 ubox
230 403 0.008402548 ubox
230 404 0.859033100 ubox
230 407 0.042950378 ubox
230 408 0.003820793 ubox
230 409 0.003760802 ubox
230 410 0.265792934 ubox
230 413 0.042427743 ubox
231 238 0.046284437 ubox
231 241 0.005384136 ubox
231 243 0.089835462 ubox
231 244 0.081412351 ubox
231 274 0.017409180 ubox
231 276 0.391965264 ubox
231 279 0.030477432 ubox
231 284 0.011065366 ubox
231 287 0.198215135 ubox
231 289 0.018192016 ubox
231 343 0.013375339 ubox
231 349 0.134090495 ubox
231 350 0.009827235 ubox
231 395 0.019951104 ubox
231 398 0.021410926 ubox
231 400 0.113694866 ubox
231 406 0.043318779 ubox
231 412 0.042650266 ubox
232 239 0.016243354 ubox
232 242 0.118551836 ubox
232 248 0.042458068 ubox
232 273 0.021255742 ubox
232 277 0.015004866 ubox
232 278 0.030083317 ubox
232 280 0.010346343 ubox
232 283 0.009775959 ubox
232 285 0.849386462 ubox
232 286 0.044285790 ubox
232 342 0.012892224 ubox
232 344 0.009350571 ubox
232 348 0.138397678 ubox
232 397 0.018500710 ubox
232 399 0.117126294 ubox
232 401 0.013896788 ubox
232 405 0.039984688 ubox
232 407 0.174322668 ubox
232 411 0.042665898 ubox
233 238 0.016222562 ubox
233 241 0.118419187 ubox
233 243 0.015299732 ubox
233 247 0.045771230 ubox
233 254 0.028930412 ubox
233 274 0.357177880 ubox
233 276 0.014697490 ubox
233 279 0.010214317 ubox
233 284 0.857483846 ubox
233 343 0.009269306 ubox
233 349 0.014440396 ubox
233 398 0.113111282 ubox
233 400 0.011999267 ubox
233 406 0.173858329 ubox
234 240 0.113699568 ubox
234 242 0.016478223 ubox
234 246 0.046231900 ubox
234 249 0.003926385 ubox
234 250 0.014760957 ubox
234 252 0.016661562 ubox
234 253 0.033476448 ubox
234 270 0.108981942 ubox
234 273 0.398302785 ubox
234 278 0.007411593 ubox
234 283 0.858715428 ubox
234 342 0.008961025 ubox
234 347 0.149656311 ubox
234 348 0.010708334 ubox
234 397 0.107197162 ubox
234 399 0.013188901 ubox
234 402 0.003762990 ubox
234 403 0.004889700 ubox
234 404 0.031649239 ubox
234 405 0.171201824 ubox
234 410 0.043380052 ubox
235 245 0.045712498 ubox
235 248 0.007491538 ubox
235 249 0.016661341 ubox
235 251 0.045748198 ubox
235 252 0.049387468 ubox
235 269 0.112817502 ubox
235 272 0.401621810 ubox
235 282 0.858760302 ubox
235 341 0.007961467 ubox
235 346 0.151765736 ubox
235 401 0.003942640 ubox
235 402 0.005401532 ubox
235 403 0.034231428 ubox
235 409 0.044623144 ubox
236 246 0.007824317 ubox
236 248 0.015512931 ubox
236 250 0.050661257 ubox
236 251 0.057981925 ubox
236 268 0.113542613 ubox
236 271 0.402123622 ubox
236 278 0.012026319 ubox
236 281 0.858880785 ubox
236 340 0.005297983 ubox
236 342 0.005124275 ubox
236 345 0.152073033 ubox
236 348 0.033556754 ubox
236 397 0.008157643 ubox
236 401 0.004618455 ubox
236 402 0.028722088 ubox
236 403 0.125003226 ubox
236 404 0.093140538 ubox
236 405 0.033458897 ubox
236 408 0.044632673 ubox
237 245 0.006055001 ubox
237 246 0.057539313 ubox
237 249 0.049224846 ubox
237 250 0.061990177 ubox
237 267 0.113553251 ubox
237 270 0.402078467 ubox
237 277 0.012704123 ubox
237 280 0.857555544 ubox
237 341 0.005392025 ubox
237 344 0.150946235 ubox
237 347 0.033726213 ubox
237 396 0.007717139 ubox
237 401 0.019202708 ubox
237 402 0.137990122 ubox
237 403 0.087945796 ubox
237 404 0.035540468 ubox
237 407 0.044539237 ubox
238 245 0.065625567 ubox
238 248 0.048576702 ubox
238 249 0.060975150 ubox
238 251 0.012299579 ubox
238 252 0.010226933 ubox
238 265 0.005853373 ubox
238 266 0.110938721 ubox
238 269 0.390798282 ubox
238 290 0.008001449 ubox
238 340 0.008976486 ubox
238 346 0.032265762 ubox
238 401 0.141026355 ubox
238 402 0.079497940 ubox
238 403 0.034786495 ubox
239 255 0.024508051 ubox
239 256 0.005560703 ubox
239 262 0.023704118 ubox
239 289 0.009202620 ubox
239 339 0.008977576 ubox
239 395 0.004546050 ubox
239 400 0.141821815 ubox
240 254 0.028436234 ubox
240 255 0.005447395 ubox
240 261 0.023334152 ubox
240 274 0.059607371 ubox
240 287 0.004138922 ubox
240 288 0.008535247 ubox
240 394 0.003602828 ubox
241 253 0.029053926 ubox
241 260 0.018814561 ubox
241 273 0.061220032 ubox
241 286 0.004514569 ubox
241 290 0.004170567 ubox
241 340 0.067068847 ubox
241 401 0.050138939 ubox
242 261 0.058185960 ubox
242 289 0.004441023 ubox
242 291 0.004505723 ubox
242 303 0.021788554 ubox
242 337 0.006014079 ubox
242 339 0.067400926 ubox
242 400 0.051676583 ubox
243 249 0.052515895 ubox
243 252 0.063247406 ubox
243 253 0.062482219 ubox
243 260 0.043810295 ubox
243 266 0.042938604 ubox
243 273 0.049554958 ubox
243 290 0.004503241 ubox
243 302 0.015770932 ubox
243 336 0.005053680 ubox
243 341 0.003645475 ubox
243 402 0.006521746 ubox
244 248 0.046489717 ubox
244 251 0.067308959 ubox
244 252 0.074665444 ubox
244 260 0.109872610 ubox
244 265 0.044180822 ubox
244 272 0.027588586 ubox
244 302 0.088584250 ubox
244 340 0.003593128 ubox
244 401 0.007688631 ubox
245 256 0.010971707 ubox
245 257 0.017188215 ubox
245 259 0.118236602 ubox
245 262 0.354445189 ubox
245 264 0.033280454 ubox
245 292 0.078459940 ubox
245 301 0.099398717 ubox
245 339 0.003193778 ubox
245 393 0.005244339 ubox
245 400 0.007233924 ubox
245 415 0.005065067 ubox
246 255 0.013156503 ubox
246 256 0.017217846 ubox
246 258 0.117894164 ubox
246 261 0.389688514 ubox
246 291 0.081745695 ubox
246 300 0.100042263 ubox
246 303 0.008941287 ubox
246 337 0.006011986 ubox
246 392 0.005359075 ubox
246 414 0.005616237 ubox
247 260 0.385784755 ubox
247 290 0.081475664 ubox
247 299 0.099827709 ubox
247 302 0.009004367 ubox
247 336 0.004484376 ubox
247 391 0.005322969 ubox
247 413 0.005595247 ubox
248 255 0.010978996 ubox
248 256 0.021329763 ubox
248 257 0.105618966 ubox
248 258 0.142989043 ubox
248 259 0.301873922 ubox
248 275 0.026143740 ubox
248 276 0.060300294 ubox
248 289 0.073275358 ubox
248 292 0.015574928 ubox
248 298 0.098317232 ubox
248 301 0.008808469 ubox
248 390 0.004877229 ubox
248 412 0.005323873 ubox
249 254 0.011879554 ubox
249 255 0.018826583 ubox
249 256 0.107442949 ubox
249 257 0.206632347 ubox
249 258 0.185337702 ubox
249 259 0.208075454 ubox
249 274 0.023540908 ubox
249 275 0.058146442 ubox
249 288 0.045555388 ubox
249 291 0.016234026 ubox
249 292 0.041133368 ubox
249 297 0.084394885 ubox
249 300 0.008013443 ubox
249 389 0.004156082 ubox
250 255 0.108367138 ubox
250 256 0.227416804 ubox
250 258 0.283312849 ubox
250 289 0.052616787 ubox
250 291 0.043693688 ubox
250 300 0.003331045 ubox
251 255 0.204447148 ubox
251 257 0.282118674 ubox
251 258 0.005665371 ubox
251 259 0.003621496 ubox
251 275 0.294776009 ubox
251 276 0.470611215 ubox
251 288 0.045249259 ubox
251 289 0.083757104 ubox
251 298 0.003175657 ubox
252 256 0.252913810 ubox
252 257 0.010991180 ubox
252 258 0.004511332 ubox
252 259 0.003336124 ubox
252 274 0.284404233 ubox
252 275 0.516893099 ubox
252 276 0.057270665 ubox
252 287 0.034806950 ubox
252 288 0.141293164 ubox
252 289 0.003854659 ubox
252 415 0.004388232 ubox
253 257 0.005057196 ubox
253 258 0.003688838 ubox
253 274 0.515207700 ubox
253 275 0.055818519 ubox
253 287 0.159171748 ubox
253 288 0.004599969 ubox
253 297 0.003224751 ubox
253 349 0.003199626 ubox
253 414 0.004706333 ubox
254 269 0.085199487 ubox
254 272 0.769279981 ubox
254 273 0.403866710 ubox
254 286 0.162916524 ubox
254 413 0.004731584 ubox
255 268 0.102755087 ubox
255 269 0.006092215 ubox
255 270 0.004606360 ubox
255 271 0.851425125 ubox
255 272 0.247163265 ubox
255 278 0.006306702 ubox
255 285 0.163191493 ubox
255 286 0.010329225 ubox
255 345 0.003438756 ubox
255 348 0.028713944 ubox
255 405 0.013786890 ubox
255 411 0.009544000 ubox
256 267 0.102861148 ubox
256 268 0.008109063 ubox
256 269 0.004328849 ubox
256 270 0.852434185 ubox
256 271 0.244634731 ubox
256 273 0.030777376 ubox
256 277 0.006314938 ubox
256 283 0.138644310 ubox
256 285 0.012437895 ubox
256 344 0.003379757 ubox
256 347 0.028864799 ubox
256 404 0.013961568 ubox
256 410 0.009580131 ubox
257 265 0.005069054 ubox
257 266 0.102016133 ubox
257 269 0.852265654 ubox
257 272 0.033419563 ubox
257 282 0.138741469 ubox
257 346 0.028811994 ubox
257 403 0.013953445 ubox
257 409 0.009579016 ubox
258 265 0.071345487 ubox
258 266 0.021626004 ubox
258 267 0.368434372 ubox
258 268 0.764136444 ubox
258 270 0.239025907 ubox
258 271 0.033945043 ubox
258 281 0.136753575 ubox
258 283 0.088890602 ubox
258 345 0.027925144 ubox
258 347 0.003398879 ubox
258 402 0.013898387 ubox
258 408 0.009549091 ubox
259 265 0.062087206 ubox
259 266 0.511180274 ubox
259 269 0.235615167 ubox
259 282 0.087859633 ubox
259 346 0.003373647 ubox
259 401 0.013822064 ubox
260 264 0.062947278 ubox
260 279 0.131667786 ubox
260 343 0.003845368 ubox
260 398 0.003999314 ubox
260 400 0.013100325 ubox
260 406 0.009290815 ubox
261 267 0.171712994 ubox
261 268 0.244783052 ubox
261 269 0.006972398 ubox
261 270 0.005698763 ubox
261 271 0.009819817 ubox
261 272 0.004396118 ubox
261 278 0.136942558 ubox
261 281 0.099274071 ubox
261 305 0.014676135 ubox
261 342 0.003846959 ubox
261 345 0.006488051 ubox
261 397 0.005100128 ubox
261 399 0.011001820 ubox
261 405 0.009402846 ubox
262 266 0.113823403 ubox
262 267 0.244451767 ubox
262 268 0.010547557 ubox
262 269 0.004665814 ubox
262 270 0.009977787 ubox
262 271 0.005729913 ubox
262 277 0.136412939 ubox
262 280 0.100545542 ubox
262 304 0.014898719 ubox
262 344 0.007159924 ubox
262 396 0.005181816 ubox
262 404 0.009377499 ubox
263 279 0.100534620 ubox
263 303 0.014917443 ubox
263 343 0.007130608 ubox
263 395 0.005134993 ubox
264 302 0.014866801 ubox
265 275 0.025355201 ubox
265 276 0.035105815 ubox
265 301 0.013383939 ubox
266 274 0.024817853 ubox
266 275 0.039068792 ubox
266 300 0.012068533 ubox
267 300 0.004262265 ubox
269 292 0.004160958 ubox
269 301 0.006453648 ubox
270 291 0.004857888 ubox
270 300 0.007414630 ubox
271 289 0.020492592 ubox
272 288 0.021152085 ubox
272 298 0.011562427 ubox
272 301 0.012964629 ubox
273 287 0.021400633 ubox
273 297 0.015357018 ubox
273 300 0.016814420 ubox
273 303 0.003685201 ubox
274 286 0.020808606 ubox
274 296 0.015798673 ubox
274 299 0.016540164 ubox
274 302 0.003915512 ubox
274 403 0.014089884 ubox
275 402 0.017020079 ubox
275 403 0.005256356 ubox
276 290 0.007282372 ubox
276 340 0.003207121 ubox
276 401 0.017741449 ubox
276 402 0.005585170 ubox
277 289 0.008151190 ubox
277 400 0.016465643 ubox
278 291 0.045419861 ubox
278 294 0.035612291 ubox
278 300 0.009082245 ubox
278 303 0.003761267 ubox
278 339 0.003727770 ubox
278 343 0.004987845 ubox
278 363 0.003196802 ubox
278 400 0.013024092 ubox
279 290 0.050140820 ubox
279 293 0.038290986 ubox
279 295 0.216122187 ubox
279 304 0.027111202 ubox
279 338 0.004090185 ubox
279 342 0.004592452 ubox
279 362 0.003190785 ubox
279 396 0.004990216 ubox
279 399 0.014715806 ubox
279 401 0.003534201 ubox
280 289 0.050768165 ubox
280 294 0.219717026 ubox
280 303 0.027632040 ubox
280 337 0.004030202 ubox
280 395 0.004963851 ubox
280 400 0.003821517 ubox
281 289 0.027105059 ubox
281 350 0.005799199 ubox
282 288 0.027420952 ubox
282 292 0.372155408 ubox
282 301 0.057894247 ubox
282 349 0.005770457 ubox
282 415 0.013025175 ubox
283 291 0.387332429 ubox
283 300 0.060728669 ubox
283 303 0.011710748 ubox
283 414 0.013617068 ubox
284 290 0.386987169 ubox
284 299 0.059115686 ubox
284 302 0.011469220 ubox
284 401 0.004557199 ubox
284 413 0.012925093 ubox
285 289 0.383106391 ubox
285 350 0.015607074 ubox
285 400 0.005245139 ubox
286 297 0.045732569 ubox
286 300 0.009429833 ubox
286 349 0.020117098 ubox
287 296 0.038351630 ubox
287 299 0.009010474 ubox
287 353 0.096468213 ubox
287 354 0.005874396 ubox
287 402 0.019211636 ubox
287 403 0.011946058 ubox
288 296 0.063395298 ubox
288 306 0.006725897 ubox
288 346 0.132001533 ubox
288 352 0.128151846 ubox
288 353 0.005219147 ubox
288 401 0.020823557 ubox
288 402 0.012896800 ubox
288 403 0.005436939 ubox
288 409 0.007079785 ubox
289 295 0.073155679 ubox
289 299 0.009786059 ubox
289 302 0.006026302 ubox
289 304 0.017831191 ubox
289 305 0.008405890 ubox
289 310 0.003972899 ubox
289 344 0.751093266 ubox
289 345 0.109618699 ubox
289 351 0.136047569 ubox
289 357 0.009122852 ubox
289 399 0.070783245 ubox
289 401 0.009482627 ubox
289 402 0.003488955 ubox
289 407 0.025672537 ubox
289 408 0.006637570 ubox
290 294 0.068364862 ubox
290 297 0.006474775 ubox
290 298 0.010263772 ubox
290 301 0.006315820 ubox
290 303 0.017754231 ubox
290 307 0.003699082 ubox
290 309 0.004039180 ubox
290 343 0.757243621 ubox
290 349 0.140884293 ubox
290 350 0.128687384 ubox
290 356 0.009481027 ubox
290 398 0.070179061 ubox
290 400 0.007981893 ubox
290 406 0.025742829 ubox
291 296 0.006289050 ubox
291 302 0.011473247 ubox
291 306 0.003897734 ubox
291 308 0.004032100 ubox
291 341 0.114745554 ubox
291 342 0.755618745 ubox
291 347 0.436682875 ubox
291 348 0.119459573 ubox
291 355 0.009501721 ubox
291 397 0.067496159 ubox
291 399 0.008348670 ubox
291 402 0.027543526 ubox
291 404 0.004158006 ubox
291 405 0.024416056 ubox
292 340 0.546453586 ubox
292 341 0.534858231 ubox
292 346 0.443736282 ubox
292 354 0.009156973 ubox
292 401 0.033651091 ubox
292 403 0.005124427 ubox
293 300 0.069133934 ubox
293 303 0.031399841 ubox
293 339 0.764179188 ubox
293 343 0.056866555 ubox
293 400 0.034655038 ubox
294 299 0.045663807 ubox
294 302 0.025612471 ubox
294 304 0.118470150 ubox
294 313 0.005787512 ubox
294 338 0.764624935 ubox
294 340 0.012685834 ubox
294 342 0.056496181 ubox
294 344 0.523043328 ubox
294 351 0.010865334 ubox
294 399 0.030568142 ubox
295 303 0.125664798 ubox
295 312 0.005755390 ubox
295 337 0.763184726 ubox
295 339 0.012700310 ubox
295 343 0.525285675 ubox
295 350 0.010937691 ubox
296 303 0.015291852 ubox
296 312 0.003739923 ubox
296 337 0.015301870 ubox
296 349 0.010841740 ubox
297 302 0.019914774 ubox
297 306 0.003396445 ubox
297 311 0.007020004 ubox
297 336 0.031196707 ubox
297 341 0.514605439 ubox
297 402 0.006458200 ubox
298 310 0.007484612 ubox
298 336 0.012224762 ubox
298 340 0.553334076 ubox
298 360 0.003254110 ubox
298 401 0.007528044 ubox
299 309 0.007527495 ubox
299 337 0.004721987 ubox
299 339 0.554074473 ubox
299 343 0.018069818 ubox
299 359 0.003371963 ubox
299 400 0.007600383 ubox
300 308 0.007517703 ubox
300 311 0.006328857 ubox
300 336 0.011938829 ubox
300 338 0.553902379 ubox
300 341 0.019202139 ubox
300 342 0.021501437 ubox
300 358 0.003431611 ubox
300 399 0.007604465 ubox
301 310 0.007216614 ubox
301 336 0.013825160 ubox
301 340 0.022335953 ubox
301 341 0.020004412 ubox
301 357 0.003432733 ubox
302 309 0.007323680 ubox
302 333 0.003236640 ubox
302 337 0.527729176 ubox
302 339 0.023003639 ubox
302 356 0.003418738 ubox
303 308 0.007298511 ubox
303 332 0.003688576 ubox
303 336 0.956090067 ubox
303 338 0.019080166 ubox
303 355 0.003360627 ubox
304 331 0.003663563 ubox
304 335 0.979860611 ubox
304 337 0.014467484 ubox
305 334 0.985222588 ubox
305 335 0.005180587 ubox
306 331 0.010960436 ubox
306 333 0.994061120 ubox
306 334 0.003222752 ubox
307 330 0.012748128 ubox
307 332 0.998322510 ubox
308 329 0.013218794 ubox
308 331 0.999778336 ubox
309 328 0.012274691 ubox
309 330 0.998556824 ubox
310 329 0.931667399 ubox
311 329 0.024479584 ubox
312 327 0.994441019 ubox
312 328 0.022160637 ubox
312 330 0.003298395 ubox
313 326 0.936563310 ubox
313 329 0.003928292 ubox
314 325 0.874271089 ubox
314 326 0.350288733 ubox
314 365 0.004606646 ubox
315 324 0.806605008 ubox
315 325 0.485344655 ubox
315 364 0.004702041 ubox
316 324 0.590192023 ubox
316 363 0.004770525 ubox
317 323 0.673699098 ubox
317 362 0.004837222 ubox
318 322 0.660881772 ubox
318 361 0.004836722 ubox
319 360 0.004739689 ubox
320 358 0.004000768 ubox
321 357 0.003894773 ubox
324 353 0.003688718 ubox
325 352 0.004731587 ubox
326 351 0.005361740 ubox
327 350 0.005369362 ubox
328 349 0.005358322 ubox
329 348 0.005343674 ubox
333 346 0.005706154 ubox
334 345 0.006320221 ubox
335 344 0.006537414 ubox
336 343 0.007163659 ubox
337 342 0.007800224 ubox
337 344 0.069621686 ubox
337 351 0.005202589 ubox
337 401 0.011363649 ubox
338 343 0.070805691 ubox
338 350 0.005272917 ubox
338 400 0.012677953 ubox
339 399 0.012702885 ubox
340 398 0.012301187 ubox
342 400 0.013884085 ubox
343 351 0.019517151 ubox
343 396 0.006073267 ubox
343 399 0.013938558 ubox
343 401 0.018047614 ubox
344 350 0.019868746 ubox
344 395 0.006017162 ubox
344 400 0.019579368 ubox
345 395 0.003566699 ubox
346 394 0.003235573 ubox
348 363 0.003209273 ubox
348 371 0.006226055 ubox
348 414 0.004669455 ubox
348 423 0.027287263 ubox
348 426 0.010271741 ubox
349 367 0.011507589 ubox
349 370 0.006106705 ubox
349 375 0.006574852 ubox
349 379 0.022800850 ubox
349 402 0.034930173 ubox
349 403 0.006536017 ubox
349 409 0.003835313 ubox
349 413 0.004647042 ubox
349 421 0.041835299 ubox
349 422 0.019520582 ubox
349 425 0.013472940 ubox
350 360 0.020673450 ubox
350 366 0.014781476 ubox
350 374 0.007563474 ubox
350 378 0.025649155 ubox
350 396 0.932151510 ubox
350 401 0.043841472 ubox
350 408 0.004265486 ubox
350 420 0.050032273 ubox
350 424 0.014359018 ubox
351 359 0.021617142 ubox
351 365 0.015040738 ubox
351 395 0.931197791 ubox
351 400 0.044624878 ubox
351 419 0.050118886 ubox
351 423 0.014275551 ubox
352 364 0.014631567 ubox
352 377 0.026771711 ubox
352 393 0.003326278 ubox
352 394 0.759784610 ubox
352 395 0.131636150 ubox
352 418 0.048025860 ubox
353 363 0.012122625 ubox
353 365 0.003548969 ubox
353 376 0.027757274 ubox
353 377 0.004139126 ubox
353 389 0.003471960 ubox
353 393 0.538791035 ubox
353 394 0.570399239 ubox
353 395 0.004876325 ubox
354 364 0.005070619 ubox
354 365 0.004098515 ubox
354 372 0.011269455 ubox
354 376 0.004398358 ubox
354 388 0.004252465 ubox
354 390 0.011710588 ubox
354 392 0.093850390 ubox
354 393 0.796511698 ubox
354 394 0.006727338 ubox
354 415 0.042957674 ubox
354 418 0.003483148 ubox
355 363 0.006747826 ubox
355 364 0.004929350 ubox
355 371 0.011730532 ubox
355 384 0.025203751 ubox
355 389 0.013209326 ubox
355 392 0.962033647 ubox
355 414 0.043871704 ubox
356 366 0.016272843 ubox
356 370 0.011126103 ubox
356 373 0.046052064 ubox
356 383 0.024670374 ubox
356 385 0.010440991 ubox
356 391 0.965970050 ubox
356 401 0.010566265 ubox
356 413 0.043648511 ubox
357 364 0.006725239 ubox
357 365 0.017619629 ubox
357 369 0.009792326 ubox
357 372 0.049070391 ubox
357 384 0.007749854 ubox
357 390 0.966234448 ubox
357 393 0.065261550 ubox
357 412 0.042443607 ubox
357 415 0.020180647 ubox
358 363 0.008746615 ubox
358 364 0.018763710 ubox
358 371 0.049266320 ubox
358 381 0.024064062 ubox
358 384 0.070888826 ubox
358 389 0.965358767 ubox
358 392 0.070245217 ubox
358 400 0.092027673 ubox
358 414 0.020610180 ubox
359 370 0.048851194 ubox
359 373 0.005360469 ubox
359 378 0.013213020 ubox
359 380 0.024184838 ubox
359 382 0.020379079 ubox
359 383 0.093858983 ubox
359 385 0.054860854 ubox
359 387 0.740329827 ubox
359 391 0.071287655 ubox
359 399 0.092789112 ubox
359 407 0.003410530 ubox
359 413 0.020510832 ubox
359 416 0.006874720 ubox
360 369 0.048348573 ubox
360 372 0.005654609 ubox
360 377 0.013014817 ubox
360 384 0.049829664 ubox
360 386 0.717407050 ubox
360 390 0.071582153 ubox
360 398 0.086936803 ubox
360 406 0.003287226 ubox
360 412 0.020065745 ubox
360 415 0.006906624 ubox
361 371 0.005292442 ubox
361 389 0.071565813 ubox
361 414 0.006876976 ubox
362 371 0.004649048 ubox
362 381 0.956802777 ubox
362 384 0.141537658 ubox
362 400 0.020946839 ubox
363 370 0.004702374 ubox
363 374 0.005189372 ubox
363 375 0.042787578 ubox
363 379 0.006254376 ubox
363 380 0.972391790 ubox
363 383 0.074950790 ubox
363 397 0.097274320 ubox
363 399 0.021075501 ubox
363 409 0.020822676 ubox
363 410 0.003420868 ubox
364 373 0.005134886 ubox
364 374 0.047727426 ubox
364 375 0.012264933 ubox
364 378 0.010568221 ubox
364 379 0.973546704 ubox
364 380 0.022555232 ubox
364 382 0.035860344 ubox
364 383 0.011007479 ubox
364 396 0.097620447 ubox
364 397 0.026055198 ubox
364 408 0.021540603 ubox
364 417 0.022160452 ubox
365 373 0.048210701 ubox
365 374 0.014958628 ubox
365 378 0.975012442 ubox
365 379 0.005119303 ubox
365 382 0.005425853 ubox
365 385 0.005429026 ubox
365 387 0.034146264 ubox
365 396 0.026142169 ubox
365 407 0.021543607 ubox
365 416 0.022230557 ubox
366 372 0.048417590 ubox
366 377 0.971821653 ubox
366 384 0.004794140 ubox
366 386 0.032236352 ubox
366 394 0.098091700 ubox
366 395 0.022907971 ubox
366 406 0.020256833 ubox
366 415 0.015873799 ubox
367 371 0.043844185 ubox
367 376 0.940547504 ubox
367 393 0.099827691 ubox
367 394 0.018098029 ubox
367 414 0.003197635 ubox
367 415 0.016320675 ubox
368 384 0.037455732 ubox
368 392 0.100695758 ubox
368 414 0.022637335 ubox
369 382 0.075827582 ubox
369 383 0.027707806 ubox
369 385 0.008401916 ubox
369 391 0.096062991 ubox
369 401 0.007597535 ubox
369 413 0.022791806 ubox
370 376 0.032623527 ubox
370 381 0.087647481 ubox
370 384 0.009522467 ubox
370 388 0.009786019 ubox
370 390 0.083971452 ubox
370 392 0.003176154 ubox
370 398 0.006033423 ubox
370 400 0.008438292 ubox
370 412 0.022776019 ubox
371 375 0.036524059 ubox
371 380 0.091039966 ubox
371 383 0.011544429 ubox
371 387 0.011126713 ubox
371 391 0.006073141 ubox
371 397 0.006374970 ubox
371 399 0.008616852 ubox
371 402 0.014227020 ubox
371 404 0.007152372 ubox
371 405 0.003482690 ubox
371 410 0.003752933 ubox
371 411 0.022403718 ubox
372 379 0.086052687 ubox
372 382 0.011880562 ubox
372 385 0.005146206 ubox
372 391 0.109366813 ubox
372 401 0.015084469 ubox
372 403 0.007105416 ubox
372 409 0.004908557 ubox
373 381 0.011584380 ubox
373 384 0.004926072 ubox
373 390 0.125825925 ubox
373 400 0.014619702 ubox
374 389 0.128414292 ubox
374 395 0.016787402 ubox
375 384 0.022466749 ubox
375 386 0.029234632 ubox
375 388 0.124194497 ubox
375 394 0.016636417 ubox
376 383 0.024246179 ubox
376 385 0.025792894 ubox
376 391 0.003200456 ubox
376 402 0.008459864 ubox
377 382 0.019310760 ubox
377 385 0.132770490 ubox
377 401 0.009598462 ubox
378 384 0.137990446 ubox
378 389 0.020001931 ubox
378 395 0.032427987 ubox
378 400 0.009619357 ubox
378 419 0.006582067 ubox
379 388 0.019869428 ubox
379 390 0.029547373 ubox
379 393 0.049391270 ubox
379 394 0.022979470 ubox
379 415 0.004141637 ubox
379 418 0.006627453 ubox
380 389 0.031302198 ubox
380 392 0.056332356 ubox
380 400 0.018797408 ubox
380 414 0.004328600 ubox
381 387 0.024760370 ubox
381 391 0.057564875 ubox
381 396 0.004718085 ubox
381 399 0.019067340 ubox
381 413 0.004219701 ubox
381 416 0.013316183 ubox
382 386 0.022867733 ubox
382 390 0.058002461 ubox
382 393 0.003914813 ubox
382 395 0.004735748 ubox
382 398 0.018649322 ubox
382 412 0.003402780 ubox
382 415 0.013675873 ubox
383 388 0.007497908 ubox
383 389 0.057396941 ubox
383 392 0.004327692 ubox
383 394 0.004659423 ubox
383 406 0.004659430 ubox
383 412 0.003625651 ubox
383 414 0.013622687 ubox
384 391 0.008238415 ubox
384 396 0.018642394 ubox
384 405 0.006125831 ubox
384 407 0.005652661 ubox
384 411 0.004572999 ubox
384 413 0.013398306 ubox
384 429 0.006674842 ubox
385 390 0.008475277 ubox
385 395 0.018354619 ubox
385 406 0.005676816 ubox
385 412 0.013174041 ubox
385 428 0.006626249 ubox
387 414 0.003258475 ubox
387 426 0.009706753 ubox
388 403 0.024632008 ubox
388 409 0.015490211 ubox
388 425 0.009741312 ubox
389 402 0.031493425 ubox
389 404 0.005194966 ubox
389 408 0.016272896 ubox
389 410 0.006095490 ubox
389 424 0.009706331 ubox
390 401 0.032462890 ubox
390 403 0.004942930 ubox
390 409 0.005930886 ubox
391 398 0.006570889 ubox
391 400 0.032577363 ubox
391 406 0.015338051 ubox
391 423 0.003983819 ubox
392 397 0.007351049 ubox
392 399 0.032302820 ubox
392 403 0.007137516 ubox
392 404 0.136606054 ubox
392 405 0.013148873 ubox
393 402 0.008682091 ubox
393 403 0.138754370 ubox
393 422 0.010611608 ubox
394 401 0.010505732 ubox
394 402 0.141757984 ubox
394 403 0.006361382 ubox
394 421 0.016780907 ubox
394 425 0.009350363 ubox
394 430 0.004052593 ubox
395 401 0.144367351 ubox
395 402 0.006902592 ubox
395 420 0.019908737 ubox
395 424 0.013133129 ubox
395 429 0.004645885 ubox
396 400 0.144015559 ubox
396 419 0.019914496 ubox
396 423 0.011640024 ubox
396 428 0.004645251 ubox
397 414 0.016177034 ubox
397 423 0.073133257 ubox
397 426 0.005172993 ubox
398 413 0.014457658 ubox
398 422 0.073012137 ubox
398 425 0.005645841 ubox
399 414 0.052851454 ubox
399 423 0.011989244 ubox
399 428 0.003404478 ubox
400 407 0.072596030 ubox
400 413 0.051770847 ubox
400 416 0.051513276 ubox
400 420 0.076849697 ubox
400 422 0.009766044 ubox
400 424 0.012108331 ubox
400 427 0.003453902 ubox
401 406 0.067060887 ubox
401 412 0.049960156 ubox
401 415 0.052406395 ubox
401 419 0.076468937 ubox
401 423 0.012041375 ubox
401 426 0.003377049 ubox
402 414 0.051174564 ubox
402 415 0.006309322 ubox
402 418 0.065723574 ubox
402 419 0.004784808 ubox
403 414 0.006088605 ubox
403 415 0.046241098 ubox
403 418 0.005773743 ubox
404 414 0.045219328 ubox
405 414 0.081389340 ubox
405 423 0.013778972 ubox
406 413 0.073635321 ubox
406 422 0.013126415 ubox
408 419 0.025878614 ubox
409 415 0.032803011 ubox
409 418 0.025646965 ubox
410 414 0.033934507 ubox
411 423 0.027024258 ubox
411 431 0.003658762 ubox
412 422 0.026573265 ubox
412 430 0.003592605 ubox
413 423 0.005025927 ubox
413 428 0.003474359 ubox
414 422 0.007342332 ubox
414 427 0.003826468 ubox
414 435 0.003439209 ubox
415 421 0.007627439 ubox
415 435 0.004720159 ubox
417 423 0.024576297 ubox
417 426 0.047788771 ubox
417 431 0.348468902 ubox
418 422 0.019929775 ubox
418 425 0.055043805 ubox
418 430 0.350404102 ubox
419 424 0.056738063 ubox
419 427 0.042678098 ubox
419 429 0.351012096 ubox
419 434 0.004061934 ubox
420 426 0.043304800 ubox
420 428 0.350715401 ubox
421 432 0.003358218 ubox
422 431 0.003254916 ubox
423 427 0.019809038 ubox
423 429 0.009666551 ubox
424 428 0.009775571 ubox
