1 11 0.056151879 ubox
1 13 0.018001440 ubox
1 14 0.104157889 ubox
1 18 0.036238609 ubox
1 24 0.005071491 ubox
1 83 0.010665413 ubox
1 199 0.005983719 ubox
1 221 0.005086978 ubox
1 389 0.003903363 ubox
1 414 0.005075765 ubox
1 431 0.014063320 ubox
2 11 0.199150635 ubox
2 13 0.104317287 ubox
2 18 0.132043421 ubox
2 23 0.005078780 ubox
2 82 0.010878905 ubox
2 205 0.007413673 ubox
2 221 0.082705702 ubox
2 400 0.004221521 ubox
2 414 0.009842132 ubox
2 428 0.010431476 ubox
2 431 0.008549823 ubox
3 9 0.049012121 ubox
3 10 0.184450938 ubox
3 15 0.012159977 ubox
3 17 0.133525561 ubox
3 22 0.004674451 ubox
3 42 0.046341181 ubox
3 81 0.010794980 ubox
3 202 0.003354401 ubox
3 204 0.007228971 ubox
3 206 0.007995336 ubox
3 220 0.084682023 ubox
3 387 0.005734123 ubox
3 399 0.004294417 ubox
3 413 0.009580972 ubox
3 416 0.342158219 ubox
3 427 0.010412471 ubox
3 429 0.010616140 ubox
3 430 0.006394982 ubox
3 433 0.130523978 ubox
4 8 0.047593090 ubox
4 12 0.155214370 ubox
4 14 0.004923504 ubox
4 19 0.003812676 ubox
4 41 0.046491004 ubox
4 200 0.004154606 ubox
4 201 0.003819768 ubox
4 205 0.007885281 ubox
4 219 0.084716244 ubox
4 226 0.004864311 ubox
4 386 0.005650190 ubox
4 398 0.003582687 ubox
4 412 0.009040683 ubox
4 415 0.344282107 ubox
4 426 0.009375661 ubox
4 428 0.005841106 ubox
4 432 0.131095467 ubox
5 11 0.160028826 ubox
5 13 0.005787029 ubox
5 14 0.168112654 ubox
5 18 0.003994746 ubox
5 40 0.046292151 ubox
5 199 0.003718673 ubox
5 218 0.084583615 ubox
5 225 0.004976741 ubox
5 414 0.333211887 ubox
5 431 0.128806314 ubox
6 13 0.168237781 ubox
6 40 0.004324994 ubox
6 199 0.009387740 ubox
6 224 0.004981309 ubox
6 384 0.006210506 ubox
6 414 0.099180396 ubox
6 423 0.004510924 ubox
6 431 0.021087031 ubox
7 38 0.043684417 ubox
7 39 0.005392059 ubox
7 96 0.005688162 ubox
7 198 0.009556442 ubox
7 223 0.004959384 ubox
7 383 0.006217107 ubox
7 413 0.111396271 ubox
7 422 0.004499535 ubox
7 430 0.025835830 ubox
8 15 0.004394114 ubox
8 37 0.045825964 ubox
8 38 0.004950983 ubox
8 93 0.021345513 ubox
8 95 0.012962574 ubox
8 197 0.009437145 ubox
8 212 0.004514755 ubox
8 222 0.004886709 ubox
8 245 0.009885986 ubox
8 382 0.006127533 ubox
8 413 0.241772550 ubox
8 421 0.004165281 ubox
8 435 0.004276161 ubox
9 14 0.004299395 ubox
9 19 0.011851922 ubox
9 33 0.007900699 ubox
9 36 0.045473452 ubox
9 75 0.010441278 ubox
9 92 0.015913559 ubox
9 196 0.009198327 ubox
9 211 0.004398095 ubox
9 214 0.080623728 ubox
9 221 0.004489882 ubox
9 244 0.010918860 ubox
9 381 0.004921312 ubox
9 412 0.269579468 ubox
9 415 0.007986342 ubox
9 432 0.004243256 ubox
10 18 0.013266594 ubox
10 30 0.009735774 ubox
10 32 0.010200845 ubox
10 34 0.003325318 ubox
10 35 0.043534299 ubox
10 74 0.011239827 ubox
10 92 0.092594265 ubox
10 195 0.007277538 ubox
10 205 0.040215273 ubox
10 208 0.010624892 ubox
10 211 0.016702177 ubox
10 213 0.081466105 ubox
10 243 0.011104359 ubox
10 381 0.003654454 ubox
10 412 0.041208515 ubox
10 414 0.008171086 ubox
10 431 0.004083455 ubox
11 17 0.013820892 ubox
11 27 0.003493501 ubox
11 29 0.011074035 ubox
11 31 0.010821862 ubox
11 73 0.011348622 ubox
11 78 0.003452770 ubox
11 80 0.005529211 ubox
11 91 0.102391177 ubox
11 203 0.027805725 ubox
11 204 0.053516606 ubox
11 207 0.019576287 ubox
11 210 0.017410314 ubox
11 212 0.080849779 ubox
11 242 0.011096403 ubox
11 283 0.003393260 ubox
11 347 0.003438064 ubox
11 380 0.005146414 ubox
11 410 0.364319988 ubox
11 411 0.031544228 ubox
11 435 0.028768677 ubox
12 26 0.003479400 ubox
12 27 0.008934165 ubox
12 72 0.011361418 ubox
12 77 0.003454077 ubox
12 79 0.005557198 ubox
12 90 0.102384069 ubox
12 202 0.027812279 ubox
12 282 0.003394418 ubox
12 346 0.003484481 ubox
12 375 0.004586055 ubox
12 379 0.005036973 ubox
12 409 0.366240701 ubox
12 430 0.005477059 ubox
12 435 0.677547132 ubox
13 22 0.012454755 ubox
13 26 0.009363519 ubox
13 27 0.006090777 ubox
13 71 0.011362681 ubox
13 76 0.003418786 ubox
13 78 0.005532076 ubox
13 89 0.102094198 ubox
13 94 0.003310887 ubox
13 194 0.010812087 ubox
13 203 0.134392997 ubox
13 204 0.168560334 ubox
13 207 0.033963353 ubox
13 210 0.082259301 ubox
13 240 0.010923762 ubox
13 281 0.003393770 ubox
13 345 0.003486204 ubox
13 374 0.005000990 ubox
13 378 0.004792174 ubox
13 408 0.366326337 ubox
13 417 0.006618678 ubox
13 429 0.005560745 ubox
13 430 0.003802439 ubox
13 434 0.867372476 ubox
13 435 0.003796601 ubox
14 21 0.012507982 ubox
14 25 0.009186686 ubox
14 26 0.005477958 ubox
14 29 0.021547140 ubox
14 31 0.036703649 ubox
14 70 0.011360428 ubox
14 76 0.004668109 ubox
14 88 0.102328507 ubox
14 93 0.003239892 ubox
14 193 0.011109564 ubox
14 202 0.134979231 ubox
14 203 0.169884425 ubox
14 206 0.034568272 ubox
14 209 0.082263351 ubox
14 239 0.011273876 ubox
14 280 0.003351524 ubox
14 344 0.003462649 ubox
14 373 0.005416790 ubox
14 407 0.366278721 ubox
14 416 0.007177174 ubox
14 429 0.004050248 ubox
14 433 0.868126816 ubox
14 434 0.003894172 ubox
15 20 0.011591188 ubox
15 28 0.021328865 ubox
15 30 0.036484301 ubox
15 69 0.010709062 ubox
15 75 0.004410074 ubox
15 87 0.102351721 ubox
15 192 0.011100736 ubox
15 200 0.094655172 ubox
15 201 0.134487168 ubox
15 205 0.033728412 ubox
15 208 0.080545798 ubox
15 226 0.014843279 ubox
15 238 0.011397890 ubox
15 372 0.005708542 ubox
15 406 0.345948246 ubox
15 415 0.007182072 ubox
15 432 0.865477310 ubox
16 24 0.071116952 ubox
16 83 0.004897719 ubox
16 86 0.099823623 ubox
16 191 0.008185155 ubox
16 196 0.014815612 ubox
16 199 0.097760745 ubox
16 225 0.015927172 ubox
16 237 0.011432525 ubox
16 371 0.005901628 ubox
16 414 0.007095271 ubox
16 431 0.857943921 ubox
17 23 0.071364347 ubox
17 82 0.004963697 ubox
17 86 0.019009604 ubox
17 191 0.012245474 ubox
17 195 0.014971575 ubox
17 199 0.462155043 ubox
17 205 0.148298060 ubox
17 208 0.012556329 ubox
17 221 0.003688338 ubox
17 224 0.015941373 ubox
17 236 0.011389407 ubox
17 371 0.003896181 ubox
17 381 0.005455338 ubox
17 400 0.027469673 ubox
17 428 0.037011136 ubox
17 431 0.063543021 ubox
18 22 0.067519498 ubox
18 27 0.009648517 ubox
18 81 0.004820212 ubox
18 85 0.023829710 ubox
18 190 0.014351085 ubox
18 194 0.014889540 ubox
18 198 0.346497028 ubox
18 203 0.079696397 ubox
18 204 0.148308296 ubox
18 207 0.013742135 ubox
18 220 0.003800306 ubox
18 223 0.015259046 ubox
18 368 0.004981382 ubox
18 370 0.003508694 ubox
18 374 0.003369202 ubox
18 380 0.005561374 ubox
18 399 0.027482467 ubox
18 402 0.014099589 ubox
18 403 0.258979727 ubox
18 404 0.095618054 ubox
18 427 0.035663383 ubox
18 430 0.074286944 ubox
19 26 0.009704794 ubox
19 189 0.013765920 ubox
19 197 0.245179917 ubox
19 198 0.779223293 ubox
19 202 0.075816079 ubox
19 222 0.013763345 ubox
19 367 0.004989924 ubox
19 373 0.003277231 ubox
19 379 0.005290269 ubox
19 401 0.014080772 ubox
19 402 0.264426360 ubox
19 403 0.090256654 ubox
20 25 0.007719753 ubox
20 85 0.013241569 ubox
20 197 0.906758166 ubox
20 366 0.004903090 ubox
20 401 0.265313653 ubox
20 402 0.074374249 ubox
21 83 0.113471353 ubox
21 84 0.011134648 ubox
21 196 0.951246756 ubox
21 364 0.003193240 ubox
21 365 0.004140067 ubox
21 400 0.263947279 ubox
22 40 0.008270064 ubox
22 45 0.034532460 ubox
22 82 0.114375087 ubox
22 83 0.008205087 ubox
22 104 0.007184631 ubox
22 186 0.009683028 ubox
22 191 0.040653841 ubox
22 195 0.951287171 ubox
22 279 0.008043008 ubox
22 363 0.004221125 ubox
22 400 0.059328134 ubox
23 38 0.016049709 ubox
23 39 0.007193840 ubox
23 44 0.034770125 ubox
23 47 0.012453038 ubox
23 77 0.005510319 ubox
23 81 0.114630934 ubox
23 103 0.011584089 ubox
23 185 0.009515194 ubox
23 190 0.041193415 ubox
23 194 0.951290679 ubox
23 278 0.008174679 ubox
23 362 0.004995494 ubox
23 397 0.260199292 ubox
23 399 0.057058348 ubox
23 434 0.004272464 ubox
24 31 0.017112706 ubox
24 37 0.028670195 ubox
24 38 0.005991448 ubox
24 42 0.043954567 ubox
24 44 0.005834045 ubox
24 46 0.012916341 ubox
24 76 0.007121809 ubox
24 80 0.114315072 ubox
24 102 0.011694865 ubox
24 184 0.004948097 ubox
24 187 0.019539428 ubox
24 189 0.040845009 ubox
24 193 0.951246129 ubox
24 277 0.008179077 ubox
24 361 0.004984371 ubox
24 396 0.260735258 ubox
24 399 0.011800516 ubox
24 433 0.004313830 ubox
25 30 0.016133721 ubox
25 33 0.006603705 ubox
25 34 0.019566780 ubox
25 35 0.018622059 ubox
25 36 0.034843379 ubox
25 41 0.044070920 ubox
25 43 0.005976498 ubox
25 45 0.012837602 ubox
25 75 0.008135786 ubox
25 101 0.010730022 ubox
25 186 0.022350129 ubox
25 188 0.041680208 ubox
25 192 0.945220186 ubox
25 276 0.008156679 ubox
25 394 0.007105603 ubox
25 395 0.249756076 ubox
25 398 0.011417175 ubox
26 32 0.007030709 ubox
26 33 0.022068149 ubox
26 34 0.021460046 ubox
26 35 0.037268817 ubox
26 36 0.007242586 ubox
26 40 0.041983680 ubox
26 41 0.014969751 ubox
26 74 0.007181308 ubox
26 75 0.007263229 ubox
26 191 0.891900805 ubox
26 192 0.070786642 ubox
26 275 0.008045564 ubox
26 393 0.009187856 ubox
26 394 0.174888655 ubox
26 395 0.009788263 ubox
27 32 0.020362960 ubox
27 33 0.021462573 ubox
27 34 0.036182825 ubox
27 35 0.008298865 ubox
27 40 0.015637988 ubox
27 74 0.008669760 ubox
27 181 0.003941102 ubox
27 183 0.199064054 ubox
27 186 0.443305479 ubox
27 191 0.099327675 ubox
27 274 0.007630536 ubox
27 386 0.003972700 ubox
27 392 0.010816204 ubox
27 393 0.110224241 ubox
27 394 0.008009085 ubox
28 39 0.014883278 ubox
28 73 0.008312449 ubox
28 180 0.004024384 ubox
28 182 0.202153929 ubox
28 184 0.795201395 ubox
28 185 0.317828022 ubox
28 273 0.006626107 ubox
28 385 0.004853534 ubox
28 391 0.008920698 ubox
29 40 0.076002645 ubox
29 53 0.007851653 ubox
29 179 0.004038237 ubox
29 181 0.202515182 ubox
29 183 0.870512799 ubox
29 186 0.144799325 ubox
29 384 0.004867621 ubox
29 392 0.074949063 ubox
30 39 0.074333451 ubox
30 52 0.008028671 ubox
30 180 0.202382583 ubox
30 182 0.870542720 ubox
30 184 0.142165875 ubox
30 185 0.106787748 ubox
30 383 0.004482756 ubox
30 385 0.005049679 ubox
30 391 0.063228069 ubox
31 40 0.206324920 ubox
31 51 0.008101268 ubox
31 179 0.201789860 ubox
31 181 0.870681597 ubox
31 183 0.173913233 ubox
31 186 0.267252369 ubox
31 384 0.005819603 ubox
31 392 0.019813499 ubox
32 38 0.016056229 ubox
32 39 0.202951963 ubox
32 50 0.007579598 ubox
32 96 0.003878992 ubox
32 180 0.857678177 ubox
32 182 0.171319008 ubox
32 185 0.267099858 ubox
32 383 0.005766887 ubox
32 391 0.016518397 ubox
33 37 0.014286849 ubox
33 38 0.176662783 ubox
33 39 0.010231723 ubox
33 95 0.004165550 ubox
33 96 0.009302497 ubox
33 184 0.253975609 ubox
33 185 0.018235463 ubox
33 382 0.005403139 ubox
34 38 0.010400893 ubox
34 90 0.008175702 ubox
34 95 0.009561162 ubox
34 96 0.012748265 ubox
34 184 0.018306547 ubox
34 185 0.005722319 ubox
35 89 0.009136270 ubox
35 95 0.012306607 ubox
35 96 0.062055882 ubox
35 184 0.006001870 ubox
36 88 0.009364346 ubox
36 93 0.008284787 ubox
36 95 0.067847642 ubox
36 177 0.060555302 ubox
36 180 0.254188527 ubox
36 182 0.026686573 ubox
36 391 0.054117225 ubox
37 87 0.009305187 ubox
37 92 0.006659176 ubox
37 176 0.038480352 ubox
37 179 0.279562857 ubox
37 181 0.024582307 ubox
37 390 0.081726174 ubox
38 55 0.003379875 ubox
38 86 0.005126399 ubox
38 178 0.249972424 ubox
38 179 0.035389688 ubox
38 389 0.082092611 ubox
39 45 0.008430723 ubox
39 54 0.003822765 ubox
39 92 0.096278442 ubox
39 98 0.005401419 ubox
39 176 0.939406015 ubox
39 178 0.014715795 ubox
39 388 0.082207717 ubox
40 44 0.010048165 ubox
40 89 0.007772860 ubox
40 90 0.018569083 ubox
40 91 0.100919688 ubox
40 94 0.003656818 ubox
40 97 0.006394145 ubox
40 175 0.954446533 ubox
40 361 0.004666415 ubox
40 387 0.082131940 ubox
40 404 0.011495871 ubox
41 52 0.014037381 ubox
41 88 0.009940838 ubox
41 89 0.026617897 ubox
41 90 0.097925858 ubox
41 93 0.003642902 ubox
41 96 0.006208495 ubox
41 174 0.954416900 ubox
41 360 0.004794749 ubox
41 385 0.080899190 ubox
41 403 0.011550268 ubox
42 51 0.015860705 ubox
42 53 0.033446108 ubox
42 86 0.012977075 ubox
42 173 0.954510479 ubox
42 359 0.004780789 ubox
42 384 0.081107616 ubox
43 50 0.014222324 ubox
43 52 0.034218164 ubox
43 85 0.012268292 ubox
43 172 0.954327591 ubox
43 360 0.004166326 ubox
43 382 0.050561422 ubox
43 383 0.061670721 ubox
43 385 0.005231721 ubox
43 401 0.013422589 ubox
44 51 0.034529126 ubox
44 53 0.008525735 ubox
44 82 0.006892107 ubox
44 84 0.010312431 ubox
44 86 0.219099906 ubox
44 101 0.027541438 ubox
44 171 0.954129112 ubox
44 359 0.005244299 ubox
44 381 0.071503815 ubox
44 384 0.005369735 ubox
44 400 0.013976477 ubox
45 50 0.022233544 ubox
45 52 0.009118323 ubox
45 60 0.005676983 ubox
45 81 0.006987678 ubox
45 85 0.221373300 ubox
45 100 0.027755492 ubox
45 169 0.627762554 ubox
45 170 0.718525064 ubox
45 358 0.005235143 ubox
45 380 0.070908862 ubox
45 383 0.004304097 ubox
45 399 0.013891810 ubox
46 51 0.009262464 ubox
46 54 0.003539526 ubox
46 55 0.050419350 ubox
46 56 0.178972897 ubox
46 59 0.005702030 ubox
46 83 0.008866538 ubox
46 84 0.221724947 ubox
46 99 0.027276576 ubox
46 167 0.010500823 ubox
46 168 0.887273640 ubox
47 53 0.003540584 ubox
47 54 0.050463432 ubox
47 55 0.180033041 ubox
47 56 0.016442086 ubox
47 58 0.005687542 ubox
47 82 0.008820268 ubox
47 83 0.221081730 ubox
47 84 0.029575121 ubox
47 166 0.011443298 ubox
47 167 0.887000690 ubox
47 168 0.350603767 ubox
48 53 0.050233614 ubox
48 54 0.180042331 ubox
48 55 0.016783834 ubox
48 56 0.006597831 ubox
48 82 0.219388566 ubox
48 83 0.034127200 ubox
48 84 0.048537599 ubox
48 162 0.016489896 ubox
48 166 0.885527731 ubox
48 167 0.351687992 ubox
48 168 0.007392373 ubox
49 53 0.178869896 ubox
49 54 0.016781552 ubox
49 55 0.006784386 ubox
49 56 0.004203131 ubox
49 82 0.037684772 ubox
49 83 0.049839942 ubox
49 161 0.023081295 ubox
49 162 0.709306586 ubox
49 166 0.351450839 ubox
49 167 0.007543994 ubox
50 54 0.006145278 ubox
50 55 0.004142985 ubox
50 82 0.050484515 ubox
50 161 0.710902203 ubox
50 166 0.006993586 ubox
51 76 0.037112510 ubox
51 81 0.078353779 ubox
51 160 0.709168381 ubox
51 163 0.590243678 ubox
51 165 0.008045145 ubox
52 74 0.032349248 ubox
52 75 0.029719664 ubox
52 82 0.023729536 ubox
52 161 0.256223536 ubox
52 162 0.560382859 ubox
53 72 0.005219757 ubox
53 73 0.039390222 ubox
53 77 0.057804772 ubox
53 78 0.146887022 ubox
53 79 0.068693791 ubox
53 80 0.050060683 ubox
53 81 0.133869391 ubox
53 156 0.015022345 ubox
53 157 0.129047317 ubox
53 158 0.145910219 ubox
53 159 0.679041215 ubox
53 160 0.303863230 ubox
53 164 0.021563074 ubox
53 165 0.005704354 ubox
54 71 0.006775979 ubox
54 72 0.044335327 ubox
54 76 0.062422494 ubox
54 77 0.146486041 ubox
54 78 0.073257502 ubox
54 79 0.048831770 ubox
54 80 0.134317787 ubox
54 81 0.013632569 ubox
54 155 0.015174022 ubox
54 156 0.129173140 ubox
54 157 0.137166075 ubox
54 158 0.847550276 ubox
54 159 0.216349019 ubox
54 160 0.302433332 ubox
54 163 0.021005013 ubox
54 164 0.005688029 ubox
55 70 0.006769272 ubox
55 71 0.044952582 ubox
55 76 0.146065762 ubox
55 77 0.072400518 ubox
55 78 0.050528109 ubox
55 79 0.133534098 ubox
55 80 0.013652576 ubox
55 81 0.005020952 ubox
55 154 0.021248915 ubox
55 155 0.128265268 ubox
55 156 0.122903847 ubox
55 157 0.932031098 ubox
55 158 0.033813149 ubox
55 159 0.047596069 ubox
55 160 0.019128001 ubox
55 163 0.005230877 ubox
55 348 0.005842568 ubox
56 70 0.044787855 ubox
56 73 0.167762907 ubox
56 76 0.069688361 ubox
56 77 0.029438901 ubox
56 78 0.131465221 ubox
56 79 0.007485536 ubox
56 80 0.005094572 ubox
56 119 0.004991974 ubox
56 154 0.136448320 ubox
56 155 0.089415983 ubox
56 156 0.935840123 ubox
56 157 0.025678876 ubox
56 158 0.011040476 ubox
56 159 0.022170381 ubox
56 160 0.004507902 ubox
56 347 0.005985119 ubox
57 68 0.006340676 ubox
57 72 0.265374514 ubox
57 73 0.013908509 ubox
57 77 0.110091282 ubox
57 79 0.004324137 ubox
57 118 0.005007277 ubox
57 155 0.937937507 ubox
57 158 0.024857324 ubox
57 159 0.004482426 ubox
57 165 0.016684798 ubox
57 346 0.006012040 ubox
58 67 0.005685619 ubox
58 68 0.043910886 ubox
58 71 0.290541794 ubox
58 76 0.060092213 ubox
58 117 0.005011300 ubox
58 154 0.937315796 ubox
58 155 0.003447582 ubox
58 156 0.005763090 ubox
58 157 0.025569353 ubox
58 158 0.004464773 ubox
58 164 0.017252399 ubox
58 345 0.006017473 ubox
58 362 0.011887369 ubox
59 67 0.051458261 ubox
59 70 0.295281753 ubox
59 71 0.003869294 ubox
59 116 0.005000486 ubox
59 149 0.751471705 ubox
59 152 0.582779576 ubox
59 154 0.003654000 ubox
59 156 0.023457901 ubox
59 157 0.004343182 ubox
59 163 0.017257382 ubox
59 344 0.006015173 ubox
59 361 0.012039795 ubox
60 66 0.051545856 ubox
60 69 0.295295491 ubox
60 148 0.752929371 ubox
60 151 0.581126335 ubox
60 162 0.017247399 ubox
60 343 0.005983511 ubox
61 65 0.042047623 ubox
61 68 0.264691691 ubox
61 147 0.752819682 ubox
61 360 0.012937261 ubox
62 69 0.004650530 ubox
62 113 0.003999362 ubox
62 120 0.003296090 ubox
62 132 0.003341431 ubox
62 148 0.325997437 ubox
62 161 0.017082244 ubox
62 224 0.005921042 ubox
62 359 0.013184200 ubox
63 68 0.004693007 ubox
63 119 0.003302067 ubox
63 131 0.003357064 ubox
63 146 0.948723024 ubox
63 147 0.060931008 ubox
63 156 0.005266070 ubox
63 160 0.017118076 ubox
63 223 0.005968956 ubox
63 358 0.013191774 ubox
64 112 0.003243977 ubox
64 118 0.003200637 ubox
64 130 0.003310689 ubox
64 145 0.950764500 ubox
64 155 0.006314431 ubox
64 159 0.017031744 ubox
64 222 0.005987259 ubox
64 357 0.013187909 ubox
65 111 0.003629894 ubox
65 140 0.004750385 ubox
65 144 0.946895566 ubox
65 153 0.044536048 ubox
65 221 0.005985482 ubox
65 356 0.013170880 ubox
66 100 0.003939993 ubox
66 129 0.003283257 ubox
66 139 0.006284270 ubox
66 142 0.676981725 ubox
66 143 0.669851694 ubox
66 152 0.045091885 ubox
66 220 0.005986683 ubox
66 355 0.012852518 ubox
67 99 0.004043238 ubox
67 110 0.006979277 ubox
67 128 0.003260698 ubox
67 138 0.006590812 ubox
67 141 0.952280483 ubox
67 151 0.045097640 ubox
67 218 0.006109834 ubox
67 350 0.003189966 ubox
68 86 0.003744654 ubox
68 98 0.004040542 ubox
68 109 0.007617272 ubox
68 137 0.006593731 ubox
68 140 0.951694040 ubox
68 150 0.045088914 ubox
68 217 0.006110898 ubox
68 349 0.003187088 ubox
69 85 0.007167888 ubox
69 97 0.004017370 ubox
69 108 0.007743245 ubox
69 136 0.006619827 ubox
69 139 0.952356185 ubox
69 142 0.011070669 ubox
69 149 0.045089655 ubox
69 216 0.006112175 ubox
69 348 0.003178119 ubox
70 83 0.006393837 ubox
70 84 0.010068119 ubox
70 107 0.007769106 ubox
70 126 0.003272226 ubox
70 135 0.006306355 ubox
70 138 0.952197922 ubox
70 141 0.011109807 ubox
70 148 0.044822347 ubox
70 215 0.005266437 ubox
71 82 0.007720733 ubox
71 83 0.012932947 ubox
71 84 0.013816366 ubox
71 106 0.007776082 ubox
71 126 0.007265888 ubox
71 135 0.010979860 ubox
71 137 0.942111246 ubox
71 138 0.012659041 ubox
71 140 0.009406507 ubox
72 82 0.013431032 ubox
72 83 0.024455837 ubox
72 84 0.005396289 ubox
72 87 0.248222086 ubox
72 105 0.007751651 ubox
72 124 0.042324309 ubox
72 125 0.006629100 ubox
72 133 0.013565334 ubox
72 134 0.020872660 ubox
72 135 0.090915717 ubox
72 137 0.015813284 ubox
72 214 0.004359991 ubox
72 372 0.006813757 ubox
73 82 0.027887482 ubox
73 83 0.008775635 ubox
73 86 0.258773328 ubox
73 104 0.007315502 ubox
73 123 0.046111048 ubox
73 124 0.004895608 ubox
73 128 0.004518139 ubox
73 132 0.012178255 ubox
73 133 0.017497248 ubox
73 134 0.069026036 ubox
73 213 0.004338568 ubox
73 371 0.009773969 ubox
73 376 0.004896530 ubox
74 85 0.185631943 ubox
74 89 0.041308958 ubox
74 90 0.060495978 ubox
74 122 0.046666042 ubox
74 127 0.005356848 ubox
74 212 0.004222801 ubox
74 367 0.019366571 ubox
74 370 0.009563819 ubox
74 375 0.004988791 ubox
75 85 0.680081856 ubox
75 88 0.040382229 ubox
75 89 0.064607904 ubox
75 121 0.046762859 ubox
75 127 0.070032592 ubox
75 366 0.022114170 ubox
76 83 0.185577470 ubox
76 84 0.771878299 ubox
76 99 0.011437672 ubox
76 106 0.009375452 ubox
76 107 0.006530076 ubox
76 120 0.045643208 ubox
76 126 0.074670402 ubox
76 135 0.058913258 ubox
76 141 0.009189568 ubox
76 365 0.021891661 ubox
77 82 0.169062634 ubox
77 83 0.737244458 ubox
77 84 0.149898821 ubox
77 87 0.120518240 ubox
77 98 0.011205217 ubox
77 105 0.009394441 ubox
77 107 0.010315258 ubox
77 125 0.072513821 ubox
77 133 0.024582453 ubox
77 134 0.053114861 ubox
77 140 0.005102857 ubox
77 141 0.032385354 ubox
77 364 0.009425479 ubox
77 372 0.009514654 ubox
78 82 0.714809896 ubox
78 83 0.331138341 ubox
78 84 0.049466914 ubox
78 86 0.124703966 ubox
78 99 0.048367618 ubox
78 104 0.009144789 ubox
78 106 0.019790333 ubox
78 107 0.007665081 ubox
78 126 0.010380459 ubox
78 132 0.025898593 ubox
78 135 0.028607367 ubox
78 140 0.036041261 ubox
78 141 0.007996966 ubox
78 151 0.005846630 ubox
78 363 0.008022407 ubox
78 365 0.027557855 ubox
78 371 0.009869321 ubox
79 83 0.045307477 ubox
79 87 0.040304514 ubox
79 98 0.048121605 ubox
79 105 0.019849567 ubox
79 106 0.007430441 ubox
79 107 0.003696107 ubox
79 125 0.010030216 ubox
79 133 0.023148776 ubox
79 134 0.026875560 ubox
79 140 0.007876871 ubox
79 150 0.005734314 ubox
79 168 0.004453593 ubox
79 364 0.003380575 ubox
79 365 0.052316898 ubox
80 86 0.042110024 ubox
80 104 0.014559235 ubox
80 106 0.005737724 ubox
80 107 0.003997868 ubox
80 132 0.022792518 ubox
80 138 0.040255585 ubox
80 141 0.003223104 ubox
80 167 0.005801850 ubox
80 364 0.081281007 ubox
80 365 0.005458187 ubox
81 101 0.010325503 ubox
81 104 0.020760351 ubox
81 106 0.003992458 ubox
81 120 0.082800972 ubox
81 132 0.026808387 ubox
81 137 0.041032161 ubox
81 140 0.003218163 ubox
81 148 0.006958472 ubox
81 166 0.005810633 ubox
81 363 0.081861206 ubox
81 364 0.005187076 ubox
81 400 0.004704733 ubox
82 89 0.014020251 ubox
82 90 0.010540374 ubox
82 91 0.111669936 ubox
82 94 0.005622790 ubox
82 95 0.218465808 ubox
82 96 0.008594648 ubox
82 97 0.008691527 ubox
82 100 0.010254800 ubox
82 103 0.028490153 ubox
82 118 0.056019730 ubox
82 119 0.083332345 ubox
82 131 0.026613328 ubox
82 136 0.044012567 ubox
82 139 0.003191406 ubox
82 147 0.012260441 ubox
82 165 0.005819384 ubox
82 362 0.082012728 ubox
82 399 0.004936882 ubox
82 405 0.005283379 ubox
83 88 0.016127945 ubox
83 89 0.012933419 ubox
83 90 0.108941749 ubox
83 91 0.089147560 ubox
83 93 0.014421395 ubox
83 94 0.293115579 ubox
83 95 0.009478624 ubox
83 96 0.006806695 ubox
83 97 0.010973050 ubox
83 102 0.028465980 ubox
83 103 0.022051329 ubox
83 117 0.102048737 ubox
83 118 0.010031823 ubox
83 130 0.016096024 ubox
83 146 0.012348970 ubox
83 164 0.005844151 ubox
83 358 0.007651644 ubox
83 361 0.081948292 ubox
83 362 0.005045368 ubox
83 397 0.007023347 ubox
83 404 0.005300034 ubox
84 88 0.009980744 ubox
84 89 0.098885331 ubox
84 90 0.085042232 ubox
84 93 0.464572411 ubox
84 94 0.011621513 ubox
84 95 0.005962947 ubox
84 96 0.009514207 ubox
84 100 0.026902087 ubox
84 102 0.022372646 ubox
84 116 0.102315732 ubox
84 117 0.007170761 ubox
84 129 0.014971637 ubox
84 136 0.006436388 ubox
84 145 0.012345194 ubox
84 163 0.005834393 ubox
84 357 0.010279464 ubox
84 360 0.078298840 ubox
84 361 0.005129398 ubox
84 396 0.007062736 ubox
84 399 0.056213822 ubox
85 92 0.505453087 ubox
85 98 0.060411621 ubox
85 99 0.016057020 ubox
85 101 0.022078028 ubox
85 115 0.102538917 ubox
85 128 0.013012722 ubox
85 144 0.012348388 ubox
85 162 0.004295059 ubox
85 356 0.011451808 ubox
85 359 0.077055011 ubox
85 395 0.006583916 ubox
85 398 0.056943417 ubox
86 91 0.522913030 ubox
86 94 0.044609098 ubox
86 97 0.072929720 ubox
86 100 0.021279097 ubox
86 114 0.102529534 ubox
86 127 0.007281254 ubox
86 136 0.014098090 ubox
86 143 0.012316848 ubox
86 160 0.003385455 ubox
86 355 0.011490237 ubox
86 358 0.080832533 ubox
86 397 0.057075498 ubox
87 93 0.069489175 ubox
87 95 0.005327244 ubox
87 96 0.074331606 ubox
87 112 0.012504273 ubox
87 127 0.004276031 ubox
87 159 0.003293390 ubox
87 354 0.011233176 ubox
87 357 0.080567282 ubox
88 92 0.064694477 ubox
88 99 0.011658473 ubox
88 111 0.012146516 ubox
88 125 0.010114989 ubox
88 126 0.004275696 ubox
88 135 0.004111118 ubox
88 141 0.006377474 ubox
88 356 0.076264105 ubox
88 394 0.006402568 ubox
88 395 0.069500252 ubox
89 98 0.011650114 ubox
89 110 0.011795996 ubox
89 111 0.096067775 ubox
89 124 0.010170055 ubox
89 125 0.004198507 ubox
89 134 0.004481924 ubox
89 140 0.005938467 ubox
89 393 0.005286244 ubox
89 394 0.102019711 ubox
90 109 0.010873049 ubox
90 110 0.095818149 ubox
90 111 0.011827143 ubox
90 123 0.009594332 ubox
90 124 0.003933850 ubox
90 133 0.004484997 ubox
90 137 0.003702894 ubox
90 138 0.004592904 ubox
90 393 0.119386525 ubox
91 109 0.095422977 ubox
91 110 0.014604995 ubox
91 113 0.030893485 ubox
91 132 0.004465227 ubox
91 137 0.013352888 ubox
91 392 0.123367882 ubox
92 112 0.030920064 ubox
92 121 0.006836739 ubox
92 357 0.003950861 ubox
92 391 0.123364402 ubox
93 107 0.065714823 ubox
93 111 0.030911430 ubox
93 120 0.006510809 ubox
93 133 0.011691453 ubox
93 356 0.006742104 ubox
93 390 0.123401007 ubox
94 106 0.066205763 ubox
94 107 0.071249232 ubox
94 110 0.030874652 ubox
94 126 0.003781374 ubox
94 132 0.011985160 ubox
94 135 0.905389114 ubox
94 389 0.123390822 ubox
94 395 0.003189008 ubox
95 105 0.059621193 ubox
95 106 0.071507632 ubox
95 109 0.025954321 ubox
95 125 0.003794932 ubox
95 133 0.032034115 ubox
95 134 0.920831866 ubox
95 135 0.007882672 ubox
95 168 0.008649632 ubox
95 388 0.112387879 ubox
95 432 0.004922451 ubox
96 104 0.050864035 ubox
96 105 0.077130593 ubox
96 107 0.003420868 ubox
96 124 0.003629440 ubox
96 132 0.037806818 ubox
96 133 0.937632806 ubox
96 134 0.010079842 ubox
96 167 0.014928773 ubox
96 388 0.004415515 ubox
96 432 0.111039188 ubox
97 104 0.082211121 ubox
97 106 0.003631414 ubox
97 109 0.003319197 ubox
97 132 0.938824989 ubox
97 148 0.004222822 ubox
97 166 0.029781216 ubox
97 384 0.062836597 ubox
97 431 0.116658846 ubox
98 122 0.003547777 ubox
98 130 0.940070538 ubox
98 147 0.004549564 ubox
98 165 0.032535665 ubox
98 352 0.224889605 ubox
98 353 0.010561733 ubox
98 354 0.009825599 ubox
98 383 0.061357693 ubox
98 402 0.010033025 ubox
98 430 0.116740399 ubox
99 108 0.025640219 ubox
99 114 0.010772175 ubox
99 121 0.003832413 ubox
99 127 0.004692913 ubox
99 129 0.946734218 ubox
99 136 0.009273616 ubox
99 142 0.008552341 ubox
99 146 0.004647747 ubox
99 164 0.033608036 ubox
99 351 0.257081687 ubox
99 352 0.009160519 ubox
99 353 0.012939726 ubox
99 382 0.058929007 ubox
99 385 0.008292935 ubox
99 401 0.013505295 ubox
99 429 0.116811092 ubox
100 107 0.025656887 ubox
100 109 0.039308517 ubox
100 113 0.010801108 ubox
100 120 0.003508995 ubox
100 126 0.005318167 ubox
100 128 0.946761196 ubox
100 135 0.009330509 ubox
100 137 0.004074992 ubox
100 140 0.018894417 ubox
100 141 0.006086196 ubox
100 350 0.257198441 ubox
100 381 0.058464339 ubox
100 384 0.008438097 ubox
100 400 0.013912244 ubox
100 428 0.116809669 ubox
101 108 0.040401443 ubox
101 112 0.010701597 ubox
101 121 0.009704613 ubox
101 127 0.946324398 ubox
101 136 0.004797713 ubox
101 139 0.020263897 ubox
101 142 0.007072887 ubox
101 163 0.034391417 ubox
101 169 0.008081402 ubox
101 351 0.042587744 ubox
101 380 0.053622984 ubox
101 383 0.006188016 ubox
101 399 0.013854292 ubox
101 427 0.116713240 ubox
102 107 0.040385580 ubox
102 110 0.011002588 ubox
102 120 0.007381123 ubox
102 126 0.946264591 ubox
102 135 0.004785157 ubox
102 138 0.020278989 ubox
102 141 0.007103457 ubox
102 162 0.034415849 ubox
102 168 0.008139039 ubox
102 350 0.044778850 ubox
102 364 0.003556274 ubox
102 426 0.112622950 ubox
103 109 0.011020548 ubox
103 120 0.939474823 ubox
103 132 0.010317204 ubox
103 137 0.020280587 ubox
103 140 0.007103452 ubox
103 161 0.034413767 ubox
103 167 0.008138645 ubox
103 363 0.003577423 ubox
103 381 0.005203672 ubox
103 423 0.009066330 ubox
103 426 0.005555259 ubox
104 108 0.010426257 ubox
104 119 0.941013048 ubox
104 122 0.006362488 ubox
104 131 0.010404455 ubox
104 136 0.020236734 ubox
104 139 0.007096520 ubox
104 160 0.034318686 ubox
104 283 0.004720628 ubox
104 347 0.296532182 ubox
104 380 0.005240806 ubox
104 410 0.004419769 ubox
104 422 0.003203077 ubox
105 118 0.940910652 ubox
105 121 0.005871131 ubox
105 122 0.006239450 ubox
105 130 0.010278217 ubox
105 158 0.010966355 ubox
105 159 0.032476604 ubox
105 165 0.008138600 ubox
105 282 0.004756158 ubox
105 346 0.297587869 ubox
105 379 0.005258615 ubox
105 409 0.004438985 ubox
106 117 0.940829025 ubox
106 119 0.005842177 ubox
106 121 0.004940853 ubox
106 122 0.094305119 ubox
106 129 0.009583521 ubox
106 157 0.015402777 ubox
106 158 0.030047553 ubox
106 164 0.008166439 ubox
106 281 0.004781435 ubox
106 345 0.297771881 ubox
106 378 0.005245407 ubox
106 408 0.004442448 ubox
107 114 0.123711965 ubox
107 116 0.932153301 ubox
107 118 0.005758297 ubox
107 121 0.105035479 ubox
107 127 0.007540667 ubox
107 129 0.003770161 ubox
107 136 0.019119345 ubox
107 149 0.018009635 ubox
107 156 0.014296840 ubox
107 157 0.025229064 ubox
107 163 0.008165083 ubox
107 280 0.004781896 ubox
107 344 0.297782114 ubox
107 407 0.004442235 ubox
108 113 0.166927933 ubox
108 120 0.106122819 ubox
108 126 0.007945885 ubox
108 128 0.005017650 ubox
108 132 0.025472253 ubox
108 135 0.019258521 ubox
108 148 0.020514538 ubox
108 162 0.008098440 ubox
108 279 0.004781841 ubox
108 343 0.297778587 ubox
109 117 0.014895472 ubox
109 118 0.010186246 ubox
109 119 0.104597880 ubox
109 127 0.004848451 ubox
109 131 0.024563358 ubox
109 147 0.020539999 ubox
109 155 0.012185119 ubox
109 156 0.010191002 ubox
109 157 0.003567345 ubox
109 278 0.004781403 ubox
109 342 0.297748660 ubox
109 375 0.005151249 ubox
109 405 0.004442654 ubox
110 116 0.016041124 ubox
110 117 0.059545889 ubox
110 118 0.077591151 ubox
110 119 0.011639112 ubox
110 122 0.006873732 ubox
110 130 0.019535570 ubox
110 131 0.041201786 ubox
110 146 0.020578073 ubox
110 154 0.012539635 ubox
110 155 0.006954625 ubox
110 156 0.003856116 ubox
110 160 0.006617399 ubox
110 277 0.004772368 ubox
110 341 0.297582586 ubox
110 374 0.005166636 ubox
110 404 0.004442963 ubox
111 118 0.014832570 ubox
111 121 0.007423892 ubox
111 130 0.041383777 ubox
111 145 0.020573300 ubox
111 155 0.003652337 ubox
111 159 0.006422420 ubox
111 340 0.297703478 ubox
111 373 0.004960904 ubox
111 403 0.004395692 ubox
112 120 0.007470941 ubox
112 144 0.020534446 ubox
112 150 0.005070595 ubox
112 153 0.010516261 ubox
112 339 0.297562406 ubox
112 372 0.004113222 ubox
113 119 0.007341333 ubox
113 121 0.009024286 ubox
113 129 0.052918939 ubox
113 142 0.007528950 ubox
113 143 0.019084314 ubox
113 149 0.005125667 ubox
113 152 0.010525642 ubox
113 338 0.297751488 ubox
113 368 0.003631481 ubox
113 401 0.004169213 ubox
114 120 0.009331127 ubox
114 128 0.053080347 ubox
114 135 0.003162632 ubox
114 141 0.010549430 ubox
114 148 0.005126067 ubox
114 151 0.010482620 ubox
114 232 0.003426277 ubox
114 337 0.297258268 ubox
114 400 0.004281727 ubox
115 121 0.006351687 ubox
115 127 0.053069151 ubox
115 147 0.005017322 ubox
115 223 0.003283213 ubox
115 228 0.004502765 ubox
115 231 0.003591840 ubox
115 336 0.254546590 ubox
115 366 0.004605943 ubox
116 120 0.007542749 ubox
116 126 0.050913039 ubox
116 138 0.004063247 ubox
116 141 0.016897164 ubox
116 225 0.211795730 ubox
116 227 0.005158154 ubox
116 230 0.003722936 ubox
116 335 0.183221917 ubox
116 365 0.004791042 ubox
117 126 0.025311539 ubox
117 135 0.004335002 ubox
117 137 0.004047565 ubox
117 138 0.008850291 ubox
117 140 0.016920806 ubox
117 141 0.003993098 ubox
117 224 0.212787953 ubox
117 225 0.019246042 ubox
117 227 0.021011988 ubox
117 229 0.003646029 ubox
117 334 0.155551278 ubox
117 335 0.004118848 ubox
117 364 0.004779588 ubox
118 125 0.028385429 ubox
118 133 0.080350106 ubox
118 134 0.004673455 ubox
118 138 0.017001710 ubox
118 141 0.003892006 ubox
118 219 0.004767328 ubox
118 224 0.017983199 ubox
118 225 0.010970597 ubox
118 226 0.030037081 ubox
118 301 0.039039860 ubox
118 333 0.078114002 ubox
119 128 0.014064058 ubox
119 132 0.084071311 ubox
119 137 0.019817407 ubox
119 140 0.006192026 ubox
119 161 0.003782036 ubox
119 218 0.004943726 ubox
119 221 0.263519144 ubox
119 224 0.014582620 ubox
119 225 0.030594008 ubox
119 294 0.026410353 ubox
119 300 0.041163364 ubox
119 303 0.025168713 ubox
119 331 0.003639523 ubox
119 363 0.004159574 ubox
120 127 0.010645920 ubox
120 129 0.026590452 ubox
120 131 0.082878152 ubox
120 136 0.020167373 ubox
120 139 0.006345579 ubox
120 160 0.003814805 ubox
120 220 0.264678067 ubox
120 223 0.014112688 ubox
120 293 0.027148975 ubox
120 299 0.041161798 ubox
120 302 0.025299990 ubox
120 362 0.004140215 ubox
121 126 0.005060243 ubox
121 128 0.027437212 ubox
121 135 0.020054112 ubox
121 138 0.006332777 ubox
121 218 0.003809830 ubox
121 219 0.264178982 ubox
121 225 0.009171503 ubox
121 226 0.003459879 ubox
121 292 0.027047713 ubox
121 298 0.041136446 ubox
121 301 0.025284883 ubox
122 128 0.016217923 ubox
122 134 0.018586488 ubox
122 137 0.003952146 ubox
122 218 0.262305541 ubox
122 224 0.013641627 ubox
122 225 0.003198413 ubox
122 291 0.026775711 ubox
122 297 0.040308559 ubox
122 300 0.024604178 ubox
123 127 0.013983390 ubox
123 223 0.014603778 ubox
123 290 0.025696333 ubox
123 296 0.037391779 ubox
123 299 0.023351944 ubox
124 222 0.014630765 ubox
125 155 0.019140300 ubox
125 165 0.006666983 ubox
125 286 0.014963962 ubox
125 296 0.020676470 ubox
126 136 0.010643997 ubox
126 154 0.020921876 ubox
126 164 0.007356784 ubox
126 212 0.004730952 ubox
126 216 0.008802435 ubox
126 220 0.010919772 ubox
126 285 0.015538389 ubox
126 293 0.023177242 ubox
126 295 0.023081838 ubox
126 305 0.003193215 ubox
127 135 0.010593093 ubox
127 137 0.018833672 ubox
127 150 0.003463531 ubox
127 153 0.020930762 ubox
127 211 0.005166680 ubox
127 215 0.008714951 ubox
127 217 0.278287477 ubox
127 219 0.007814323 ubox
127 284 0.011804063 ubox
127 291 0.003878466 ubox
127 292 0.011046364 ubox
127 294 0.020994530 ubox
128 136 0.090810447 ubox
128 139 0.003305434 ubox
128 149 0.003513922 ubox
128 152 0.020935529 ubox
128 163 0.008177957 ubox
128 210 0.005205172 ubox
128 216 0.281041426 ubox
128 283 0.011125018 ubox
128 290 0.008978760 ubox
128 293 0.020461518 ubox
128 304 0.003583029 ubox
129 135 0.091113402 ubox
129 138 0.003306973 ubox
129 148 0.003513110 ubox
129 151 0.020934616 ubox
129 162 0.008149551 ubox
129 215 0.281097768 ubox
129 289 0.009268968 ubox
129 303 0.003583968 ubox
130 134 0.082369044 ubox
130 150 0.020730635 ubox
130 162 0.004363144 ubox
130 214 0.271706264 ubox
130 288 0.008646508 ubox
130 292 0.013580455 ubox
131 137 0.007282418 ubox
131 148 0.011076041 ubox
131 161 0.011659714 ubox
131 291 0.013584153 ubox
132 136 0.009529397 ubox
132 146 0.011912902 ubox
132 147 0.005943764 ubox
132 156 0.004165120 ubox
132 160 0.011896191 ubox
132 290 0.010388451 ubox
133 145 0.011802477 ubox
133 155 0.004158207 ubox
133 159 0.011893650 ubox
134 158 0.011869226 ubox
134 286 0.004442305 ubox
135 142 0.014999754 ubox
135 149 0.013490084 ubox
135 152 0.022840691 ubox
135 157 0.011293224 ubox
135 206 0.005330857 ubox
135 209 0.297110201 ubox
135 285 0.004535825 ubox
136 141 0.015076310 ubox
136 148 0.013503389 ubox
136 151 0.023221889 ubox
136 205 0.005351553 ubox
136 208 0.297543588 ubox
137 143 0.003827200 ubox
137 147 0.013384584 ubox
137 155 0.006279825 ubox
137 156 0.004945226 ubox
137 204 0.005352143 ubox
137 207 0.297550637 ubox
137 210 0.015595972 ubox
137 281 0.005928013 ubox
138 142 0.003783342 ubox
138 146 0.013293878 ubox
138 149 0.027736784 ubox
138 152 0.009354599 ubox
138 154 0.006346736 ubox
138 155 0.003485444 ubox
138 203 0.005347799 ubox
138 206 0.297555194 ubox
138 209 0.015772192 ubox
138 280 0.006008404 ubox
139 148 0.027825617 ubox
139 151 0.009367328 ubox
139 199 0.006368526 ubox
139 205 0.297525784 ubox
139 208 0.015773396 ubox
139 279 0.006009636 ubox
140 147 0.027545158 ubox
140 164 0.003459097 ubox
140 194 0.003400726 ubox
140 198 0.013584609 ubox
140 203 0.003838253 ubox
140 204 0.297211657 ubox
140 207 0.015773207 ubox
140 278 0.006009283 ubox
141 146 0.027116817 ubox
141 149 0.010460465 ubox
141 152 0.008314534 ubox
141 163 0.003858655 ubox
141 193 0.003457271 ubox
141 197 0.056884121 ubox
141 203 0.291826131 ubox
141 206 0.015767955 ubox
141 277 0.005992060 ubox
142 148 0.010650761 ubox
142 151 0.008562408 ubox
142 162 0.004000168 ubox
142 167 0.025266044 ubox
142 196 0.171649585 ubox
142 205 0.013119901 ubox
142 237 0.004066779 ubox
143 161 0.003995847 ubox
143 166 0.025320259 ubox
143 195 0.171490613 ubox
143 199 0.148138410 ubox
143 236 0.004068797 ubox
144 165 0.024586507 ubox
144 189 0.005509435 ubox
144 197 0.073195697 ubox
144 198 0.132460745 ubox
144 202 0.016686045 ubox
145 188 0.003880064 ubox
145 192 0.169019143 ubox
145 196 0.097308355 ubox
145 200 0.049264737 ubox
145 201 0.016742816 ubox
145 235 0.003983427 ubox
146 162 0.024464029 ubox
146 191 0.171272696 ubox
146 195 0.099505408 ubox
146 196 0.090904177 ubox
146 199 0.050678998 ubox
146 234 0.003978465 ubox
147 161 0.024515713 ubox
147 188 0.270081980 ubox
147 191 0.004223886 ubox
147 195 0.066431886 ubox
148 160 0.024483572 ubox
148 163 0.007926339 ubox
148 184 0.003932471 ubox
148 187 0.295612739 ubox
148 194 0.023487492 ubox
148 197 0.004220260 ubox
148 233 0.005420870 ubox
149 162 0.007922033 ubox
149 166 0.006213563 ubox
149 183 0.004764963 ubox
149 186 0.296236129 ubox
149 196 0.004319382 ubox
149 232 0.005816237 ubox
150 158 0.023339241 ubox
150 159 0.005811232 ubox
150 165 0.006218472 ubox
150 182 0.003914018 ubox
150 185 0.295503800 ubox
150 231 0.005811482 ubox
151 157 0.023734099 ubox
151 158 0.004775291 ubox
151 163 0.004257097 ubox
151 164 0.005334300 ubox
151 182 0.054248294 ubox
151 184 0.291254048 ubox
152 162 0.005317546 ubox
152 181 0.058029923 ubox
152 183 0.290964929 ubox
152 229 0.005820912 ubox
153 180 0.061889206 ubox
153 182 0.289983455 ubox
153 228 0.005821690 ubox
154 179 0.065441700 ubox
154 181 0.289044728 ubox
154 227 0.005822909 ubox
155 168 0.006174316 ubox
155 178 0.066602788 ubox
155 226 0.005822565 ubox
156 162 0.005880636 ubox
156 167 0.007410848 ubox
156 168 0.003344819 ubox
156 225 0.005822487 ubox
157 161 0.005861382 ubox
157 166 0.007428002 ubox
157 167 0.003362284 ubox
157 179 0.130005563 ubox
157 224 0.005799688 ubox
158 166 0.003327641 ubox
158 178 0.121389090 ubox
158 179 0.018523950 ubox
158 201 0.005973045 ubox
159 178 0.022121090 ubox
159 200 0.006720891 ubox
160 171 0.291197074 ubox
160 173 0.012559861 ubox
160 199 0.006764227 ubox
160 208 0.004031091 ubox
160 221 0.005023426 ubox
161 170 0.292792509 ubox
161 175 0.046898059 ubox
161 198 0.006746006 ubox
161 207 0.004148914 ubox
161 220 0.004866873 ubox
162 169 0.292806860 ubox
162 172 0.003955921 ubox
162 174 0.047065593 ubox
162 197 0.006763365 ubox
162 206 0.004194822 ubox
163 168 0.291910536 ubox
163 171 0.004013079 ubox
163 173 0.047050743 ubox
163 196 0.006696217 ubox
163 205 0.004177388 ubox
164 179 0.003200912 ubox
164 195 0.006613745 ubox
164 218 0.003735174 ubox
165 171 0.038883484 ubox
165 178 0.003392586 ubox
165 217 0.003733529 ubox
166 170 0.037877171 ubox
166 172 0.003681369 ubox
166 177 0.003215253 ubox
166 194 0.006360714 ubox
166 216 0.003698353 ubox
167 175 0.004977437 ubox
167 193 0.006353817 ubox
167 198 0.008026396 ubox
167 210 0.003894183 ubox
168 174 0.005013554 ubox
168 197 0.026373882 ubox
168 209 0.003899112 ubox
169 173 0.005007418 ubox
169 196 0.027598953 ubox
169 208 0.003878037 ubox
170 191 0.005168092 ubox
170 195 0.027606016 ubox
171 189 0.004416485 ubox
171 190 0.005075393 ubox
171 194 0.027594665 ubox
171 206 0.003751948 ubox
172 178 0.007216653 ubox
172 179 0.005134244 ubox
172 188 0.006677455 ubox
172 205 0.003626618 ubox
173 177 0.006440559 ubox
173 187 0.006750522 ubox
173 193 0.027798978 ubox
173 204 0.003585364 ubox
174 186 0.005129023 ubox
174 192 0.027802840 ubox
174 200 0.003481345 ubox
175 186 0.004456657 ubox
175 191 0.027787992 ubox
175 199 0.003525846 ubox
176 184 0.004157470 ubox
176 185 0.004500149 ubox
176 189 0.004656745 ubox
176 198 0.003416102 ubox
177 183 0.004296299 ubox
177 188 0.004638821 ubox
178 182 0.003609772 ubox
179 187 0.008745307 ubox
179 189 0.043565389 ubox
179 220 0.011028251 ubox
179 391 0.011050769 ubox
180 186 0.008631903 ubox
180 188 0.044784840 ubox
180 195 0.003322212 ubox
180 219 0.011023832 ubox
180 390 0.012615912 ubox
181 185 0.004100478 ubox
181 187 0.044969539 ubox
181 189 0.006566551 ubox
181 194 0.003551541 ubox
182 186 0.042179015 ubox
182 188 0.007473868 ubox
182 217 0.011140965 ubox
182 388 0.014471083 ubox
183 187 0.007644619 ubox
183 190 0.008359574 ubox
183 193 0.015479859 ubox
183 216 0.011173510 ubox
183 220 0.004031445 ubox
183 387 0.014678433 ubox
184 188 0.004874624 ubox
184 192 0.018550469 ubox
184 215 0.011130114 ubox
184 218 0.016289288 ubox
184 219 0.003517432 ubox
184 386 0.010476714 ubox
185 191 0.027200582 ubox
185 214 0.010775852 ubox
185 217 0.038962748 ubox
185 386 0.035298357 ubox
185 388 0.003873873 ubox
186 190 0.040986905 ubox
186 216 0.041685819 ubox
186 385 0.039575772 ubox
186 387 0.003972589 ubox
187 215 0.041651368 ubox
187 384 0.040093787 ubox
187 392 0.008976661 ubox
188 197 0.023297150 ubox
188 202 0.008056710 ubox
188 212 0.004754198 ubox
188 383 0.039428885 ubox
188 391 0.008988706 ubox
189 196 0.030394974 ubox
189 200 0.169246537 ubox
189 201 0.008533144 ubox
189 211 0.004880755 ubox
189 390 0.008985031 ubox
190 195 0.032156043 ubox
190 199 0.173019629 ubox
190 208 0.013581372 ubox
190 381 0.039943421 ubox
190 384 0.008117389 ubox
190 389 0.008590757 ubox
191 198 0.164490901 ubox
191 207 0.013708440 ubox
191 380 0.040083448 ubox
191 383 0.010181041 ubox
192 197 0.144903201 ubox
192 379 0.039190648 ubox
192 382 0.010263321 ubox
193 381 0.010132219 ubox
194 205 0.042488391 ubox
194 208 0.045894552 ubox
194 381 0.003364885 ubox
195 204 0.044542431 ubox
195 207 0.046462143 ubox
195 246 0.003514159 ubox
195 362 0.003242466 ubox
195 374 0.037014984 ubox
195 375 0.009654318 ubox
195 379 0.010495501 ubox
195 380 0.003674472 ubox
195 434 0.004833302 ubox
196 202 0.006038694 ubox
196 203 0.044567350 ubox
196 206 0.046518945 ubox
196 245 0.003632373 ubox
196 361 0.003240828 ubox
196 373 0.037103734 ubox
196 374 0.009929884 ubox
196 378 0.012246045 ubox
196 433 0.004909490 ubox
197 201 0.007420125 ubox
197 205 0.040668726 ubox
197 226 0.003262037 ubox
197 244 0.003956916 ubox
197 369 0.003229846 ubox
197 372 0.036347819 ubox
197 377 0.012201752 ubox
197 432 0.004907685 ubox
198 205 0.057001828 ubox
198 208 0.006769439 ubox
198 211 0.006441606 ubox
198 221 0.004087873 ubox
198 225 0.003481278 ubox
198 243 0.004200599 ubox
198 369 0.123509491 ubox
198 371 0.022261279 ubox
198 376 0.006632316 ubox
198 431 0.004788253 ubox
199 204 0.111963434 ubox
199 207 0.022318982 ubox
199 210 0.008618907 ubox
199 220 0.007979641 ubox
199 223 0.003602007 ubox
199 242 0.004283021 ubox
199 283 0.003624935 ubox
199 368 0.173151430 ubox
199 403 0.003312911 ubox
199 404 0.011395072 ubox
199 430 0.008249116 ubox
199 435 0.009002747 ubox
200 222 0.004200909 ubox
200 223 0.005273254 ubox
200 282 0.003505478 ubox
200 367 0.173504362 ubox
200 402 0.003699803 ubox
200 403 0.011370952 ubox
200 435 0.004890927 ubox
201 212 0.006310584 ubox
201 222 0.005815192 ubox
201 366 0.173559909 ubox
201 401 0.003693130 ubox
201 402 0.010490266 ubox
201 435 0.004915436 ubox
202 211 0.006715385 ubox
202 219 0.067123092 ubox
202 221 0.004130063 ubox
202 226 0.074646230 ubox
202 235 0.014583830 ubox
202 238 0.008717883 ubox
202 365 0.173547261 ubox
202 432 0.167517066 ubox
203 218 0.070011654 ubox
203 225 0.075937129 ubox
203 230 0.015027354 ubox
203 234 0.014890636 ubox
203 237 0.008968743 ubox
203 364 0.173650136 ubox
203 431 0.173763204 ubox
204 221 0.009893332 ubox
204 224 0.075949601 ubox
204 229 0.015051483 ubox
204 232 0.022823919 ubox
204 236 0.008955779 ubox
204 363 0.173632152 ubox
204 400 0.009307404 ubox
204 428 0.641856847 ubox
204 431 0.103698425 ubox
205 216 0.117180133 ubox
205 220 0.010313062 ubox
205 222 0.014295466 ubox
205 223 0.071668838 ubox
205 228 0.015027417 ubox
205 231 0.028881671 ubox
205 360 0.004086460 ubox
205 362 0.170925683 ubox
205 399 0.009285621 ubox
205 427 0.648654993 ubox
205 429 0.354200890 ubox
205 430 0.126542476 ubox
206 215 0.118118798 ubox
206 221 0.019701855 ubox
206 225 0.006142427 ubox
206 227 0.015009124 ubox
206 230 0.030276787 ubox
206 359 0.006496608 ubox
206 426 0.647928682 ubox
206 428 0.255356491 ubox
207 221 0.070968784 ubox
207 224 0.006178702 ubox
207 229 0.030278153 ubox
207 232 0.010849222 ubox
207 359 0.079986141 ubox
207 423 0.003788578 ubox
207 426 0.044547621 ubox
207 428 0.569132643 ubox
207 431 0.019630044 ubox
208 216 0.155066748 ubox
208 220 0.068666199 ubox
208 222 0.009672520 ubox
208 223 0.004453752 ubox
208 228 0.030100211 ubox
208 231 0.012440147 ubox
208 358 0.079687381 ubox
208 360 0.045059142 ubox
208 396 0.005477540 ubox
208 424 0.640126453 ubox
208 425 0.040543355 ubox
208 427 0.625318541 ubox
208 429 0.143920025 ubox
208 430 0.005509757 ubox
209 215 0.155618805 ubox
209 221 0.010227962 ubox
209 225 0.029292368 ubox
209 227 0.029780903 ubox
209 230 0.012835530 ubox
209 359 0.045752796 ubox
209 395 0.005455523 ubox
209 423 0.629637252 ubox
209 426 0.612075081 ubox
209 428 0.145262858 ubox
210 224 0.029898803 ubox
210 229 0.012838435 ubox
210 300 0.030307657 ubox
210 303 0.005157752 ubox
210 423 0.087132343 ubox
210 426 0.189822976 ubox
210 431 0.015708459 ubox
211 222 0.004922749 ubox
211 223 0.028328657 ubox
211 228 0.012796160 ubox
211 299 0.030383353 ubox
211 302 0.005162576 ubox
211 357 0.035642131 ubox
211 360 0.005426587 ubox
211 422 0.100401135 ubox
211 425 0.225360386 ubox
211 430 0.015699202 ubox
212 221 0.006326982 ubox
212 224 0.016475087 ubox
212 227 0.012160782 ubox
212 298 0.029658982 ubox
212 301 0.004980678 ubox
212 307 0.006530863 ubox
212 356 0.035034319 ubox
212 359 0.005408951 ubox
212 423 0.573776620 ubox
212 426 0.008301935 ubox
212 431 0.005294481 ubox
213 223 0.015358248 ubox
213 306 0.007513806 ubox
213 353 0.080191154 ubox
213 354 0.016571596 ubox
213 422 0.851725396 ubox
213 425 0.016535170 ubox
213 430 0.006767549 ubox
214 222 0.013918163 ubox
214 223 0.033078716 ubox
214 296 0.030611770 ubox
214 306 0.004276239 ubox
214 352 0.082631219 ubox
214 353 0.016627967 ubox
214 354 0.009842638 ubox
214 421 0.872335259 ubox
214 422 0.010420104 ubox
214 425 0.265199025 ubox
214 430 0.003676757 ubox
215 222 0.040896723 ubox
215 295 0.031208295 ubox
215 304 0.088673979 ubox
215 305 0.004448766 ubox
215 344 0.003859151 ubox
215 351 0.082387666 ubox
215 352 0.016050901 ubox
215 353 0.007536277 ubox
215 360 0.008345384 ubox
215 420 0.874569787 ubox
215 424 0.269878661 ubox
215 427 0.067033130 ubox
215 429 0.003634313 ubox
216 221 0.041720717 ubox
216 224 0.012801017 ubox
216 289 0.003437707 ubox
216 291 0.005250876 ubox
216 294 0.031129349 ubox
216 303 0.089044828 ubox
216 343 0.003889349 ubox
216 350 0.082008890 ubox
216 359 0.008521380 ubox
216 414 0.004589144 ubox
216 419 0.873545459 ubox
216 423 0.269867466 ubox
216 426 0.067275691 ubox
216 428 0.003495960 ubox
217 223 0.012597008 ubox
217 286 0.005129625 ubox
217 290 0.005701109 ubox
217 296 0.006651319 ubox
217 302 0.088592056 ubox
217 346 0.010371973 ubox
217 352 0.004807728 ubox
217 353 0.005632229 ubox
217 354 0.035897403 ubox
217 403 0.111007605 ubox
217 409 0.003738761 ubox
217 413 0.005620549 ubox
217 421 0.020439620 ubox
217 422 0.265525098 ubox
217 425 0.067291042 ubox
218 222 0.008966722 ubox
218 285 0.005995868 ubox
218 295 0.014848525 ubox
218 305 0.003746269 ubox
218 341 0.004021740 ubox
218 345 0.010485504 ubox
218 347 0.019288604 ubox
218 352 0.005479303 ubox
218 353 0.045002481 ubox
218 354 0.032691283 ubox
218 355 0.032462644 ubox
218 358 0.006259331 ubox
218 361 0.138680632 ubox
218 402 0.136072607 ubox
218 403 0.004726614 ubox
218 404 0.006363004 ubox
218 408 0.003697108 ubox
218 410 0.012997916 ubox
218 420 0.028343342 ubox
218 421 0.205142492 ubox
218 422 0.036187059 ubox
218 424 0.067080955 ubox
219 228 0.005626648 ubox
219 290 0.035580949 ubox
219 340 0.004168076 ubox
219 346 0.018672658 ubox
219 352 0.046144791 ubox
219 353 0.035395173 ubox
219 354 0.031318026 ubox
219 357 0.006108613 ubox
219 360 0.138869011 ubox
219 401 0.139208896 ubox
219 402 0.003654114 ubox
219 403 0.004838387 ubox
219 409 0.012913865 ubox
219 421 0.057762440 ubox
220 227 0.006248194 ubox
220 289 0.037791961 ubox
220 291 0.005537186 ubox
220 294 0.024453072 ubox
220 300 0.106398616 ubox
220 303 0.007571658 ubox
220 339 0.004206958 ubox
220 343 0.006510935 ubox
220 359 0.138884891 ubox
220 400 0.140892966 ubox
220 414 0.488077808 ubox
220 423 0.034564249 ubox
220 428 0.003206773 ubox
221 285 0.039319284 ubox
221 290 0.005001589 ubox
221 293 0.024778522 ubox
221 299 0.107281068 ubox
221 302 0.007562793 ubox
221 338 0.004200486 ubox
221 342 0.006472634 ubox
221 344 0.008238151 ubox
221 351 0.107206384 ubox
221 358 0.127179450 ubox
221 399 0.140714127 ubox
221 407 0.013286269 ubox
221 413 0.475920182 ubox
221 416 0.181039091 ubox
221 420 0.273426437 ubox
221 422 0.007395164 ubox
221 427 0.003189571 ubox
222 284 0.036900909 ubox
222 288 0.024071627 ubox
222 292 0.024338864 ubox
222 298 0.107792173 ubox
222 301 0.007622478 ubox
222 337 0.003672516 ubox
222 343 0.007102302 ubox
222 350 0.112604541 ubox
222 356 0.007523538 ubox
222 398 0.120268939 ubox
222 406 0.009519309 ubox
222 412 0.336653689 ubox
222 415 0.176490149 ubox
222 419 0.274153480 ubox
223 247 0.005573231 ubox
223 284 0.082864245 ubox
223 287 0.025535106 ubox
223 291 0.021413962 ubox
223 297 0.107747188 ubox
223 300 0.007182200 ubox
223 343 0.003353569 ubox
223 349 0.148846458 ubox
223 356 0.115860077 ubox
223 398 0.049959622 ubox
223 406 0.023965443 ubox
223 412 0.792180727 ubox
223 414 0.107756773 ubox
223 418 0.274097477 ubox
224 246 0.006055199 ubox
224 251 0.076142678 ubox
224 281 0.010025204 ubox
224 282 0.066346103 ubox
224 283 0.090320514 ubox
224 286 0.024798730 ubox
224 290 0.013963225 ubox
224 296 0.107622267 ubox
224 299 0.004890687 ubox
224 305 0.005774030 ubox
224 342 0.004573969 ubox
224 348 0.151554238 ubox
224 354 0.007963176 ubox
224 355 0.117501490 ubox
224 397 0.070635692 ubox
224 405 0.027696941 ubox
224 408 0.005861120 ubox
224 409 0.007455131 ubox
224 410 0.019607689 ubox
224 411 0.876488747 ubox
224 413 0.007628194 ubox
224 417 0.274241397 ubox
224 434 0.003485874 ubox
225 245 0.005843260 ubox
225 246 0.004011157 ubox
225 250 0.095379155 ubox
225 280 0.008508798 ubox
225 281 0.102575450 ubox
225 282 0.081686659 ubox
225 283 0.116516309 ubox
225 285 0.021553684 ubox
225 295 0.107027222 ubox
225 304 0.005767377 ubox
225 341 0.004177557 ubox
225 347 0.151496291 ubox
225 353 0.022025483 ubox
225 354 0.096658521 ubox
225 355 0.007778514 ubox
225 396 0.053419480 ubox
225 404 0.027697234 ubox
225 407 0.005834017 ubox
225 408 0.009814650 ubox
225 409 0.017632078 ubox
225 410 0.876611112 ubox
225 416 0.273465128 ubox
225 433 0.003498156 ubox
226 245 0.003913454 ubox
226 249 0.096204345 ubox
226 282 0.118736288 ubox
226 286 0.006203144 ubox
226 296 0.003931467 ubox
226 340 0.004003540 ubox
226 346 0.147779518 ubox
226 352 0.030010336 ubox
226 353 0.086131906 ubox
226 354 0.008401071 ubox
226 403 0.026873839 ubox
226 409 0.874747717 ubox
227 242 0.047732419 ubox
227 248 0.096501692 ubox
227 280 0.385771758 ubox
227 281 0.085778021 ubox
227 285 0.007226168 ubox
227 293 0.021980825 ubox
227 295 0.004255763 ubox
227 344 0.008284402 ubox
227 345 0.078177032 ubox
227 351 0.035771910 ubox
227 352 0.017896855 ubox
227 399 0.017731802 ubox
227 402 0.003430370 ubox
227 407 0.613417616 ubox
227 408 0.617310282 ubox
227 413 0.242605725 ubox
227 416 0.014740549 ubox
228 241 0.048083192 ubox
228 247 0.096672222 ubox
228 279 0.401945028 ubox
228 284 0.007085547 ubox
228 287 0.009737912 ubox
228 289 0.003394218 ubox
228 292 0.020661427 ubox
228 294 0.004157030 ubox
228 343 0.011097213 ubox
228 349 0.034476561 ubox
228 350 0.023880817 ubox
228 398 0.020835989 ubox
228 406 0.865825615 ubox
228 412 0.242900828 ubox
228 415 0.026072177 ubox
229 240 0.048128521 ubox
229 246 0.096697671 ubox
229 251 0.004044756 ubox
229 278 0.409832618 ubox
229 281 0.027634452 ubox
229 283 0.005300114 ubox
229 286 0.009926402 ubox
229 290 0.003852689 ubox
229 293 0.004037555 ubox
229 342 0.007725626 ubox
229 345 0.012496863 ubox
229 348 0.039640234 ubox
229 352 0.009608426 ubox
229 397 0.020908720 ubox
229 404 0.007219560 ubox
229 405 0.867816697 ubox
229 408 0.029952155 ubox
229 411 0.242811292 ubox
230 239 0.048180476 ubox
230 242 0.003948335 ubox
230 245 0.095939791 ubox
230 250 0.006446527 ubox
230 277 0.410006414 ubox
230 280 0.028414656 ubox
230 282 0.004088447 ubox
230 285 0.009597586 ubox
230 290 0.012997298 ubox
230 341 0.003224767 ubox
230 344 0.013505335 ubox
230 347 0.039603178 ubox
230 351 0.010850237 ubox
230 396 0.020693449 ubox
230 399 0.010662217 ubox
230 403 0.006703116 ubox
230 404 0.866454493 ubox
230 407 0.034076400 ubox
230 409 0.003165954 ubox
230 410 0.242461411 ubox
230 413 0.030494317 ubox
231 238 0.047923057 ubox
231 241 0.004288003 ubox
231 243 0.077825171 ubox
231 244 0.069900851 ubox
231 274 0.016811892 ubox
231 276 0.398979548 ubox
231 279 0.028737716 ubox
231 284 0.009087237 ubox
231 287 0.191768275 ubox
231 289 0.017405125 ubox
231 343 0.013490046 ubox
231 349 0.131101427 ubox
231 350 0.010256161 ubox
231 395 0.018538984 ubox
231 398 0.018572932 ubox
231 400 0.099637266 ubox
231 406 0.034285027 ubox
231 412 0.030610149 ubox
232 239 0.013433021 ubox
232 242 0.102513115 ubox
232 248 0.038843213 ubox
232 273 0.019978223 ubox
232 277 0.013448686 ubox
232 278 0.028426389 ubox
232 280 0.008581002 ubox
232 283 0.008125850 ubox
232 285 0.855636789 ubox
232 286 0.040679351 ubox
232 342 0.013170874 ubox
232 344 0.008457677 ubox
232 348 0.134815428 ubox
232 397 0.016071307 ubox
232 399 0.102839538 ubox
232 401 0.012405571 ubox
232 405 0.031698462 ubox
232 407 0.171567099 ubox
232 411 0.030620579 ubox
233 238 0.013399965 ubox
233 241 0.102390017 ubox
233 243 0.013247875 ubox
233 247 0.041793813 ubox
233 254 0.027069074 ubox
233 274 0.362274313 ubox
233 276 0.013205335 ubox
233 279 0.008471804 ubox
233 284 0.862177216 ubox
233 343 0.008370760 ubox
233 349 0.012586370 ubox
233 398 0.099479609 ubox
233 400 0.010635848 ubox
233 406 0.171295897 ubox
234 240 0.098070848 ubox
234 242 0.014149269 ubox
234 246 0.042167279 ubox
234 249 0.003405416 ubox
234 250 0.013733952 ubox
234 252 0.014348063 ubox
234 253 0.030687247 ubox
234 270 0.100724888 ubox
234 273 0.406300670 ubox
234 278 0.005925685 ubox
234 283 0.863096640 ubox
234 342 0.008040679 ubox
234 347 0.143175162 ubox
234 348 0.009269886 ubox
234 397 0.094440214 ubox
234 399 0.011482634 ubox
234 403 0.003731196 ubox
234 404 0.025460744 ubox
234 405 0.169503981 ubox
234 410 0.031131124 ubox
235 245 0.041780196 ubox
235 248 0.006682896 ubox
235 249 0.015332617 ubox
235 251 0.040905575 ubox
235 252 0.043438894 ubox
235 269 0.103968171 ubox
235 272 0.408712845 ubox
235 282 0.863099092 ubox
235 341 0.007091066 ubox
235 346 0.144664600 ubox
235 402 0.004072379 ubox
235 403 0.027699059 ubox
235 409 0.031984892 ubox
236 246 0.006894627 ubox
236 248 0.014344670 ubox
236 250 0.045559512 ubox
236 251 0.050559530 ubox
236 268 0.104576024 ubox
236 271 0.409073445 ubox
236 278 0.010188070 ubox
236 281 0.863206403 ubox
236 340 0.004541270 ubox
236 342 0.004387064 ubox
236 345 0.144876384 ubox
236 348 0.028242853 ubox
236 397 0.006744999 ubox
236 401 0.003477049 ubox
236 402 0.023229137 ubox
236 403 0.133398551 ubox
236 404 0.082442403 ubox
236 405 0.026787497 ubox
236 408 0.031989952 ubox
237 245 0.005417012 ubox
237 246 0.054239831 ubox
237 249 0.044468528 ubox
237 250 0.053872021 ubox
237 267 0.104585739 ubox
237 270 0.409040277 ubox
237 277 0.010726878 ubox
237 280 0.862151222 ubox
237 341 0.004604030 ubox
237 344 0.143966655 ubox
237 347 0.028354239 ubox
237 396 0.006316272 ubox
237 401 0.015397469 ubox
237 402 0.144952026 ubox
237 403 0.077819328 ubox
237 404 0.028491791 ubox
237 407 0.031932165 ubox
238 245 0.060410232 ubox
238 248 0.044039184 ubox
238 249 0.052855208 ubox
238 251 0.008987645 ubox
238 252 0.007778499 ubox
238 265 0.005027531 ubox
238 266 0.102436864 ubox
238 269 0.399059782 ubox
238 290 0.006169817 ubox
238 340 0.007701970 ubox
238 346 0.027266543 ubox
238 401 0.147264621 ubox
238 402 0.070701144 ubox
238 403 0.027999017 ubox
239 255 0.020896349 ubox
239 256 0.004507902 ubox
239 262 0.021119106 ubox
239 289 0.007093338 ubox
239 339 0.007712104 ubox
239 395 0.003601567 ubox
239 400 0.147822940 ubox
240 254 0.024106100 ubox
240 255 0.004422729 ubox
240 261 0.020815340 ubox
240 274 0.051293284 ubox
240 287 0.003309421 ubox
240 288 0.006586561 ubox
241 253 0.024509952 ubox
241 260 0.016704240 ubox
241 273 0.052520697 ubox
241 286 0.003587257 ubox
241 290 0.003935798 ubox
241 340 0.067355451 ubox
241 401 0.044577698 ubox
242 261 0.054730618 ubox
242 289 0.004204825 ubox
242 291 0.004079602 ubox
242 303 0.020176614 ubox
242 337 0.005082912 ubox
242 339 0.067652780 ubox
242 400 0.046007081 ubox
243 249 0.042555679 ubox
243 252 0.052812543 ubox
243 253 0.056297083 ubox
243 260 0.040655100 ubox
243 266 0.040091178 ubox
243 273 0.042290847 ubox
243 290 0.004081383 ubox
243 302 0.014583549 ubox
243 336 0.004246334 ubox
243 402 0.004513677 ubox
244 248 0.038817950 ubox
244 251 0.055523972 ubox
244 252 0.065860571 ubox
244 260 0.104620418 ubox
244 265 0.041040205 ubox
244 272 0.023359190 ubox
244 302 0.086723027 ubox
244 401 0.005460285 ubox
245 256 0.009375676 ubox
245 257 0.014346219 ubox
245 259 0.112361740 ubox
245 262 0.364100322 ubox
245 264 0.031237751 ubox
245 292 0.078124022 ubox
245 301 0.096803235 ubox
245 393 0.004177894 ubox
245 400 0.005108164 ubox
245 415 0.004665561 ubox
246 255 0.011289893 ubox
246 256 0.014354526 ubox
246 258 0.112128601 ubox
246 261 0.398427159 ubox
246 291 0.080831194 ubox
246 300 0.097320777 ubox
246 303 0.008234886 ubox
246 337 0.005504738 ubox
246 392 0.004259791 ubox
246 414 0.005222413 ubox
247 260 0.394817041 ubox
247 290 0.080568851 ubox
247 299 0.097143079 ubox
247 302 0.008275534 ubox
247 336 0.004111726 ubox
247 391 0.004234568 ubox
247 413 0.005206675 ubox
248 255 0.008866794 ubox
248 256 0.019508512 ubox
248 257 0.102450346 ubox
248 258 0.139572977 ubox
248 259 0.310251840 ubox
248 275 0.023053118 ubox
248 276 0.055589607 ubox
248 289 0.072896054 ubox
248 292 0.015607401 ubox
248 298 0.095776151 ubox
248 301 0.008091894 ubox
248 390 0.003885887 ubox
248 412 0.004981330 ubox
249 254 0.009359440 ubox
249 255 0.017523788 ubox
249 256 0.103790727 ubox
249 257 0.203826957 ubox
249 258 0.190186712 ubox
249 259 0.213615731 ubox
249 274 0.020840872 ubox
249 275 0.053699794 ubox
249 288 0.044505140 ubox
249 291 0.016068329 ubox
249 292 0.039838401 ubox
249 297 0.082938266 ubox
249 300 0.007441393 ubox
249 389 0.003348958 ubox
250 255 0.104505507 ubox
250 256 0.225699417 ubox
250 258 0.292431377 ubox
250 289 0.054834205 ubox
250 291 0.042086410 ubox
251 255 0.204375462 ubox
251 257 0.291490372 ubox
251 258 0.004556882 ubox
251 275 0.293373071 ubox
251 276 0.490508379 ubox
251 288 0.046833271 ubox
251 289 0.082899609 ubox
252 256 0.265399851 ubox
252 257 0.009370752 ubox
252 258 0.003615571 ubox
252 274 0.284436480 ubox
252 275 0.533915536 ubox
252 276 0.051210817 ubox
252 287 0.035888563 ubox
252 288 0.137107542 ubox
252 289 0.003380090 ubox
252 415 0.004008246 ubox
253 257 0.004186323 ubox
253 274 0.531730266 ubox
253 275 0.049549447 ubox
253 287 0.153659239 ubox
253 288 0.003944393 ubox
253 414 0.004258652 ubox
254 269 0.072809700 ubox
254 272 0.765919570 ubox
254 273 0.418210557 ubox
254 286 0.157399308 ubox
254 413 0.004277930 ubox
255 268 0.088368310 ubox
255 269 0.005076533 ubox
255 270 0.003921709 ubox
255 271 0.848488922 ubox
255 272 0.259560396 ubox
255 278 0.005182742 ubox
255 285 0.157609207 ubox
255 286 0.009382454 ubox
255 348 0.026096808 ubox
255 405 0.011546476 ubox
255 411 0.008324741 ubox
256 267 0.088448029 ubox
256 268 0.006794608 ubox
256 269 0.003713683 ubox
256 270 0.849371550 ubox
256 271 0.257357268 ubox
256 273 0.027788365 ubox
256 277 0.005184958 ubox
256 283 0.136079657 ubox
256 285 0.011094009 ubox
256 347 0.026206576 ubox
256 404 0.011659357 ubox
256 410 0.008348969 ubox
257 265 0.004133210 ubox
257 266 0.087834828 ubox
257 269 0.849315654 ubox
257 272 0.029678695 ubox
257 282 0.136151937 ubox
257 346 0.026173682 ubox
257 403 0.011653612 ubox
257 409 0.008347967 ubox
258 265 0.063480318 ubox
258 266 0.019384514 ubox
258 267 0.384166561 ubox
258 268 0.754104153 ubox
258 270 0.252315807 ubox
258 271 0.030046153 ubox
258 281 0.134664013 ubox
258 283 0.082178004 ubox
258 345 0.025563767 ubox
258 402 0.011618739 ubox
258 408 0.008329435 ubox
259 265 0.056674772 ubox
259 266 0.534759653 ubox
259 269 0.249039631 ubox
259 282 0.081274126 ubox
259 401 0.011572811 ubox
260 264 0.058134825 ubox
260 279 0.130114585 ubox
260 400 0.011050798 ubox
260 406 0.008110572 ubox
261 267 0.162770532 ubox
261 268 0.255412768 ubox
261 269 0.005619126 ubox
261 270 0.004513456 ubox
261 271 0.008690335 ubox
261 272 0.003580700 ubox
261 278 0.134844667 ubox
261 281 0.091340488 ubox
261 305 0.012377034 ubox
261 345 0.005334078 ubox
261 397 0.003757520 ubox
261 399 0.009153044 ubox
261 405 0.008192405 ubox
262 266 0.109033648 ubox
262 267 0.254568996 ubox
262 268 0.008671721 ubox
262 269 0.003617077 ubox
262 270 0.008825175 ubox
262 271 0.004724616 ubox
262 277 0.134437126 ubox
262 280 0.092375610 ubox
262 304 0.012538729 ubox
262 344 0.005863614 ubox
262 396 0.003816009 ubox
262 404 0.008172105 ubox
263 279 0.092372918 ubox
263 303 0.012556296 ubox
263 343 0.005845478 ubox
263 395 0.003786400 ubox
264 302 0.012522363 ubox
265 275 0.023340877 ubox
265 276 0.033348208 ubox
265 301 0.011387025 ubox
266 274 0.023035106 ubox
266 275 0.037347815 ubox
266 300 0.010406205 ubox
267 300 0.003508448 ubox
269 292 0.003567015 ubox
269 301 0.005316445 ubox
270 291 0.004107700 ubox
270 300 0.006093041 ubox
271 289 0.019816548 ubox
272 288 0.020257420 ubox
272 298 0.009436647 ubox
272 301 0.011215814 ubox
273 287 0.020378878 ubox
273 297 0.012552163 ubox
273 300 0.014296975 ubox
274 286 0.019789661 ubox
274 296 0.012911713 ubox
274 299 0.014045041 ubox
274 403 0.011497666 ubox
275 402 0.013828740 ubox
275 403 0.004412236 ubox
276 290 0.006703984 ubox
276 401 0.014336455 ubox
276 402 0.004664619 ubox
277 289 0.007468539 ubox
277 400 0.013271756 ubox
278 291 0.042621129 ubox
278 294 0.029916600 ubox
278 300 0.007628378 ubox
278 343 0.003926921 ubox
278 400 0.010642633 ubox
279 290 0.047604468 ubox
279 293 0.032926004 ubox
279 295 0.206250879 ubox
279 304 0.022380991 ubox
279 342 0.003546419 ubox
279 396 0.003857377 ubox
279 399 0.012032879 ubox
280 289 0.048296032 ubox
280 294 0.209477031 ubox
280 303 0.022840175 ubox
280 395 0.003839306 ubox
281 289 0.026746926 ubox
281 350 0.005647399 ubox
282 288 0.026821825 ubox
282 292 0.381474492 ubox
282 301 0.055579854 ubox
282 349 0.005508805 ubox
282 415 0.010214244 ubox
283 291 0.395571122 ubox
283 300 0.058148232 ubox
283 303 0.010439311 ubox
283 414 0.010623708 ubox
284 290 0.395382331 ubox
284 299 0.056865056 ubox
284 302 0.010248103 ubox
284 401 0.003507794 ubox
284 413 0.010131642 ubox
285 289 0.392276230 ubox
285 350 0.015685803 ubox
285 400 0.004051517 ubox
286 297 0.044150466 ubox
286 300 0.008457764 ubox
286 349 0.019340089 ubox
287 296 0.036364939 ubox
287 299 0.008011363 ubox
287 353 0.104415241 ubox
287 354 0.005479691 ubox
287 402 0.018424750 ubox
287 403 0.010530422 ubox
288 296 0.058459551 ubox
288 306 0.005599655 ubox
288 346 0.118393954 ubox
288 352 0.137356070 ubox
288 353 0.004801416 ubox
288 401 0.019725953 ubox
288 402 0.011395338 ubox
288 403 0.004382549 ubox
288 409 0.005585518 ubox
289 295 0.067394387 ubox
289 299 0.008231312 ubox
289 302 0.004841842 ubox
289 304 0.015760185 ubox
289 305 0.007019616 ubox
289 344 0.725206977 ubox
289 345 0.098319477 ubox
289 351 0.145385614 ubox
289 357 0.007495131 ubox
289 399 0.070459061 ubox
289 401 0.008851625 ubox
289 407 0.020965356 ubox
289 408 0.005275483 ubox
290 294 0.063221345 ubox
290 297 0.004831109 ubox
290 298 0.008602110 ubox
290 301 0.005057719 ubox
290 303 0.015719870 ubox
290 343 0.730249831 ubox
290 349 0.159768781 ubox
290 350 0.137543378 ubox
290 356 0.007785221 ubox
290 398 0.069854486 ubox
290 400 0.007446398 ubox
290 406 0.021000018 ubox
291 296 0.004608954 ubox
291 302 0.010647546 ubox
291 341 0.100727491 ubox
291 342 0.728546060 ubox
291 347 0.482488435 ubox
291 348 0.134227487 ubox
291 355 0.007798837 ubox
291 397 0.067155524 ubox
291 399 0.007682392 ubox
291 402 0.024538287 ubox
291 404 0.003167623 ubox
291 405 0.019938880 ubox
292 340 0.524424263 ubox
292 341 0.515714927 ubox
292 346 0.490907473 ubox
292 354 0.007519420 ubox
292 401 0.029025024 ubox
292 403 0.003960790 ubox
293 300 0.077455438 ubox
293 303 0.033573563 ubox
293 339 0.734929383 ubox
293 343 0.053501270 ubox
293 400 0.029835609 ubox
294 299 0.048991609 ubox
294 302 0.027516865 ubox
294 304 0.119277266 ubox
294 313 0.004786554 ubox
294 338 0.735243629 ubox
294 340 0.011119485 ubox
294 342 0.053158871 ubox
294 344 0.571932725 ubox
294 351 0.010440374 ubox
294 399 0.025753731 ubox
295 303 0.128590725 ubox
295 312 0.004756454 ubox
295 337 0.734021609 ubox
295 339 0.011126468 ubox
295 343 0.573890385 ubox
295 350 0.010511549 ubox
296 303 0.014939257 ubox
296 337 0.012856425 ubox
296 349 0.010437691 ubox
297 302 0.018489651 ubox
297 311 0.005761357 ubox
297 336 0.027090211 ubox
297 341 0.564126075 ubox
297 402 0.005294517 ubox
298 310 0.006081922 ubox
298 336 0.009762887 ubox
298 340 0.597625607 ubox
298 401 0.006048773 ubox
299 309 0.006109565 ubox
299 337 0.003608144 ubox
299 339 0.598170963 ubox
299 343 0.016047136 ubox
299 400 0.006100124 ubox
300 308 0.006103292 ubox
300 311 0.005166465 ubox
300 336 0.009551974 ubox
300 338 0.598150909 ubox
300 341 0.015584000 ubox
300 342 0.019022935 ubox
300 399 0.006108221 ubox
301 310 0.005766118 ubox
301 336 0.011173831 ubox
301 340 0.017988640 ubox
301 341 0.017832965 ubox
302 309 0.005837863 ubox
302 337 0.577013933 ubox
302 339 0.018616627 ubox
303 308 0.005818075 ubox
303 336 0.959625527 ubox
303 338 0.015534915 ubox
304 335 0.982750142 ubox
304 337 0.011830497 ubox
305 334 0.987748798 ubox
305 335 0.004248362 ubox
306 331 0.008224147 ubox
306 333 0.995671890 ubox
307 330 0.009443043 ubox
307 332 0.998830260 ubox
308 329 0.009752455 ubox
308 331 0.999869696 ubox
309 328 0.009043340 ubox
309 330 0.998915889 ubox
310 329 0.940247737 ubox
311 329 0.022292053 ubox
312 327 0.994942033 ubox
312 328 0.020970362 ubox
313 326 0.937341232 ubox
314 325 0.875458018 ubox
314 326 0.348268463 ubox
314 365 0.003717022 ubox
315 324 0.808414568 ubox
315 325 0.483229498 ubox
315 364 0.003789975 ubox
316 324 0.587934397 ubox
316 363 0.003840704 ubox
317 323 0.672117190 ubox
317 362 0.003890283 ubox
318 322 0.663157126 ubox
318 361 0.003889983 ubox
319 360 0.003817365 ubox
320 358 0.003377365 ubox
321 357 0.003297404 ubox
325 352 0.003837052 ubox
326 351 0.004418989 ubox
327 350 0.004424809 ubox
328 349 0.004417276 ubox
329 348 0.004407969 ubox
333 346 0.004697160 ubox
334 345 0.005260924 ubox
335 344 0.005474284 ubox
336 343 0.006113986 ubox
337 342 0.006802607 ubox
337 344 0.062226242 ubox
337 351 0.004926161 ubox
337 401 0.009857148 ubox
338 343 0.063190524 ubox
338 350 0.004983379 ubox
338 400 0.011039396 ubox
339 399 0.011064928 ubox
340 398 0.010741937 ubox
342 400 0.012290130 ubox
343 351 0.019741818 ubox
343 396 0.004866560 ubox
343 399 0.012336101 ubox
343 401 0.015538160 ubox
344 350 0.020071093 ubox
344 395 0.004829960 ubox
344 400 0.016814159 ubox
348 371 0.005170783 ubox
348 414 0.003810098 ubox
348 423 0.019571467 ubox
348 426 0.007881255 ubox
349 367 0.008706822 ubox
349 370 0.005082656 ubox
349 375 0.005522733 ubox
349 379 0.020492970 ubox
349 402 0.030987861 ubox
349 403 0.005322660 ubox
349 413 0.003793780 ubox
349 421 0.028857890 ubox
349 422 0.013986523 ubox
349 425 0.010142692 ubox
350 360 0.017936126 ubox
350 366 0.011229991 ubox
350 374 0.006296139 ubox
350 378 0.023188070 ubox
350 396 0.929368036 ubox
350 401 0.038335698 ubox
350 420 0.034530623 ubox
350 424 0.010728137 ubox
351 359 0.018749956 ubox
351 365 0.011426223 ubox
351 395 0.928565526 ubox
351 400 0.038978173 ubox
351 419 0.034584972 ubox
351 423 0.010669807 ubox
352 364 0.011169187 ubox
352 377 0.024676530 ubox
352 394 0.757942503 ubox
352 395 0.125368001 ubox
352 418 0.033149139 ubox
353 363 0.009490800 ubox
353 376 0.025506783 ubox
353 377 0.003397839 ubox
353 389 0.003262866 ubox
353 393 0.537856010 ubox
353 394 0.570950217 ubox
353 395 0.004146613 ubox
354 364 0.004317109 ubox
354 365 0.003392385 ubox
354 372 0.008771817 ubox
354 376 0.003596690 ubox
354 388 0.003950858 ubox
354 390 0.009505163 ubox
354 392 0.090500895 ubox
354 393 0.796407188 ubox
354 394 0.005803112 ubox
354 415 0.029923346 ubox
355 363 0.005638742 ubox
355 364 0.004139109 ubox
355 371 0.009114249 ubox
355 384 0.026171382 ubox
355 389 0.010699220 ubox
355 392 0.961357924 ubox
355 414 0.030545768 ubox
356 366 0.012978919 ubox
356 370 0.008670487 ubox
356 373 0.039884796 ubox
356 383 0.025722945 ubox
356 385 0.009371481 ubox
356 391 0.965135692 ubox
356 401 0.008914493 ubox
356 413 0.030406273 ubox
357 364 0.005357404 ubox
357 365 0.013989577 ubox
357 369 0.007747618 ubox
357 372 0.042408095 ubox
357 384 0.006689058 ubox
357 390 0.965349412 ubox
357 393 0.058347419 ubox
357 412 0.029654472 ubox
357 415 0.013533215 ubox
358 363 0.006826143 ubox
358 364 0.014977268 ubox
358 371 0.042550257 ubox
358 381 0.025305954 ubox
358 384 0.069376299 ubox
358 389 0.964710427 ubox
358 392 0.062710597 ubox
358 400 0.081609913 ubox
358 414 0.013793163 ubox
359 370 0.042274137 ubox
359 373 0.003834112 ubox
359 378 0.011281784 ubox
359 380 0.025359084 ubox
359 382 0.017187135 ubox
359 383 0.089924470 ubox
359 385 0.050337543 ubox
359 387 0.755422422 ubox
359 391 0.063523561 ubox
359 399 0.082203571 ubox
359 413 0.013738962 ubox
359 416 0.004673219 ubox
360 369 0.041957207 ubox
360 372 0.004056314 ubox
360 377 0.011099598 ubox
360 384 0.044372385 ubox
360 386 0.735627911 ubox
360 390 0.063735766 ubox
360 398 0.076984285 ubox
360 412 0.013500528 ubox
360 415 0.004691284 ubox
361 371 0.003788823 ubox
361 389 0.063723743 ubox
361 414 0.004675273 ubox
362 371 0.003538739 ubox
362 381 0.957322804 ubox
362 384 0.135285501 ubox
362 400 0.016737488 ubox
363 370 0.003560805 ubox
363 374 0.004128045 ubox
363 375 0.040081586 ubox
363 379 0.004890819 ubox
363 380 0.971154030 ubox
363 383 0.066252604 ubox
363 397 0.086064610 ubox
363 399 0.016841262 ubox
363 409 0.013963419 ubox
364 373 0.004086711 ubox
364 374 0.044136581 ubox
364 375 0.011629579 ubox
364 378 0.008368383 ubox
364 379 0.972054322 ubox
364 380 0.018731571 ubox
364 382 0.031888149 ubox
364 383 0.008101631 ubox
364 396 0.086338182 ubox
364 397 0.020627326 ubox
364 408 0.014367542 ubox
364 417 0.022125864 ubox
365 373 0.044883893 ubox
365 374 0.015553106 ubox
365 378 0.973600121 ubox
365 379 0.003684025 ubox
365 382 0.004106914 ubox
365 385 0.004158119 ubox
365 387 0.032281920 ubox
365 396 0.020698913 ubox
365 407 0.014368437 ubox
365 416 0.022181971 ubox
366 372 0.045179497 ubox
366 377 0.971109409 ubox
366 384 0.003816580 ubox
366 386 0.030658987 ubox
366 394 0.086996018 ubox
366 395 0.018019477 ubox
366 406 0.013552737 ubox
366 415 0.015813492 ubox
367 371 0.041448412 ubox
367 376 0.945149431 ubox
367 393 0.088189153 ubox
367 394 0.014224432 ubox
367 415 0.016112667 ubox
368 384 0.035267209 ubox
368 392 0.088822312 ubox
368 414 0.022459048 ubox
369 382 0.074394107 ubox
369 383 0.026029822 ubox
369 385 0.009798353 ubox
369 391 0.084425127 ubox
369 401 0.006464157 ubox
369 413 0.022608820 ubox
370 376 0.027969429 ubox
370 381 0.085375528 ubox
370 384 0.011013867 ubox
370 388 0.008846887 ubox
370 390 0.073366648 ubox
370 398 0.005701887 ubox
370 400 0.007263196 ubox
370 412 0.022599044 ubox
371 375 0.031376566 ubox
371 380 0.088788637 ubox
371 383 0.012727729 ubox
371 387 0.009861656 ubox
371 391 0.006441792 ubox
371 397 0.006001399 ubox
371 399 0.007461069 ubox
371 402 0.011625539 ubox
371 404 0.006439966 ubox
371 405 0.003513955 ubox
371 410 0.003327327 ubox
371 411 0.022303836 ubox
372 379 0.083928433 ubox
372 382 0.012979862 ubox
372 385 0.004495009 ubox
372 391 0.130964479 ubox
372 401 0.012393839 ubox
372 403 0.006405045 ubox
372 409 0.004365013 ubox
373 381 0.012717297 ubox
373 384 0.004306030 ubox
373 390 0.146149532 ubox
373 400 0.012069658 ubox
374 389 0.148148337 ubox
374 395 0.015555952 ubox
375 384 0.018343317 ubox
375 386 0.025874285 ubox
375 388 0.143342361 ubox
375 394 0.015419014 ubox
376 383 0.019873935 ubox
376 385 0.022860983 ubox
376 402 0.007819405 ubox
377 382 0.015947472 ubox
377 385 0.148123855 ubox
377 401 0.008760682 ubox
378 384 0.153329454 ubox
378 389 0.021056334 ubox
378 395 0.030629965 ubox
378 400 0.008786967 ubox
378 419 0.006469779 ubox
379 388 0.020940966 ubox
379 390 0.031928288 ubox
379 393 0.045642795 ubox
379 394 0.021693342 ubox
379 415 0.003678094 ubox
379 418 0.006534779 ubox
380 389 0.033641604 ubox
380 392 0.052237060 ubox
380 400 0.018123787 ubox
380 414 0.003824257 ubox
381 387 0.025097813 ubox
381 391 0.053696464 ubox
381 396 0.004054297 ubox
381 399 0.018354153 ubox
381 413 0.003727361 ubox
381 416 0.013488033 ubox
382 386 0.023121211 ubox
382 390 0.054193282 ubox
382 393 0.003822306 ubox
382 395 0.004065749 ubox
382 398 0.018027046 ubox
382 415 0.013868642 ubox
383 388 0.006628664 ubox
383 389 0.053716934 ubox
383 392 0.004222896 ubox
383 394 0.003998926 ubox
383 406 0.004874144 ubox
383 412 0.003209947 ubox
383 414 0.013842462 ubox
384 391 0.008720014 ubox
384 396 0.018055833 ubox
384 405 0.006457819 ubox
384 407 0.004410393 ubox
384 411 0.004058643 ubox
384 413 0.013656450 ubox
384 429 0.006764975 ubox
385 390 0.008974605 ubox
385 395 0.017800785 ubox
385 406 0.004480243 ubox
385 412 0.013438361 ubox
385 428 0.006718215 ubox
387 426 0.009419003 ubox
388 403 0.024120795 ubox
388 409 0.014829723 ubox
388 425 0.009440119 ubox
389 402 0.031034815 ubox
389 404 0.004603801 ubox
389 408 0.015459933 ubox
389 410 0.005158198 ubox
389 424 0.009416090 ubox
390 401 0.031855004 ubox
390 403 0.004384399 ubox
390 409 0.005036044 ubox
391 398 0.006008969 ubox
391 400 0.031962181 ubox
391 406 0.015102753 ubox
391 423 0.004023706 ubox
392 397 0.006774159 ubox
392 399 0.031748341 ubox
392 403 0.007015450 ubox
392 404 0.158775859 ubox
392 405 0.013434509 ubox
393 402 0.008384146 ubox
393 403 0.160703474 ubox
393 422 0.009879321 ubox
394 401 0.010085176 ubox
394 402 0.163423691 ubox
394 403 0.005877018 ubox
394 421 0.014451669 ubox
394 425 0.007586684 ubox
394 430 0.003431570 ubox
395 401 0.165754944 ubox
395 402 0.006397200 ubox
395 420 0.017036546 ubox
395 424 0.010656503 ubox
395 429 0.003939831 ubox
396 400 0.165421911 ubox
396 419 0.017043543 ubox
396 423 0.009379424 ubox
396 428 0.003939739 ubox
397 414 0.014274928 ubox
397 423 0.068089275 ubox
397 426 0.004318268 ubox
398 413 0.012810839 ubox
398 422 0.068001129 ubox
398 425 0.004647364 ubox
399 414 0.049178308 ubox
399 423 0.009130515 ubox
399 428 0.003170914 ubox
400 407 0.066151981 ubox
400 413 0.048222288 ubox
400 416 0.043857285 ubox
400 420 0.070899697 ubox
400 422 0.007338777 ubox
400 424 0.009846706 ubox
400 427 0.003205880 ubox
401 406 0.060585371 ubox
401 412 0.046714725 ubox
401 415 0.044731421 ubox
401 419 0.070594665 ubox
401 423 0.009796182 ubox
402 414 0.043841463 ubox
402 415 0.005209320 ubox
402 418 0.061184854 ubox
402 419 0.003887688 ubox
403 414 0.005026233 ubox
403 415 0.041011833 ubox
403 418 0.004808161 ubox
404 414 0.039951503 ubox
405 414 0.077564641 ubox
405 423 0.010885517 ubox
406 413 0.070362858 ubox
406 422 0.010393697 ubox
408 419 0.021115695 ubox
409 415 0.029776245 ubox
409 418 0.020993507 ubox
410 414 0.030706810 ubox
411 423 0.021010981 ubox
412 422 0.020698663 ubox
413 423 0.003835708 ubox
414 422 0.005324065 ubox
414 427 0.003180003 ubox
415 421 0.005434884 ubox
415 435 0.004210113 ubox
417 423 0.019640447 ubox
417 426 0.043306813 ubox
417 431 0.372676666 ubox
418 422 0.016060565 ubox
418 425 0.048787107 ubox
418 430 0.374259416 ubox
419 424 0.049995312 ubox
419 427 0.040947271 ubox
419 429 0.374721384 ubox
419 434 0.003635349 ubox
420 426 0.041495684 ubox
420 428 0.374477639 ubox
423 427 0.019134155 ubox
423 429 0.008530453 ubox
424 428 0.008611804 ubox
