1 11 0.059386566 ubox
1 13 0.019268820 ubox
1 14 0.126205975 ubox
1 18 0.046705122 ubox
1 24 0.003611046 ubox
1 83 0.008966451 ubox
1 199 0.007069711 ubox
1 221 0.005433819 ubox
1 389 0.004262118 ubox
1 414 0.005044979 ubox
1 431 0.013717373 ubox
2 11 0.215058324 ubox
2 13 0.126342139 ubox
2 18 0.179909579 ubox
2 23 0.003615209 ubox
2 82 0.009162487 ubox
2 205 0.007341514 ubox
2 221 0.092567189 ubox
2 400 0.003833697 ubox
2 414 0.009852606 ubox
2 428 0.008008824 ubox
2 431 0.007886567 ubox
3 9 0.051554499 ubox
3 10 0.198889011 ubox
3 15 0.013232578 ubox
3 17 0.181660446 ubox
3 22 0.003328599 ubox
3 42 0.043817669 ubox
3 81 0.009102452 ubox
3 204 0.007195757 ubox
3 206 0.007363791 ubox
3 220 0.094600722 ubox
3 387 0.005987416 ubox
3 399 0.003895191 ubox
3 413 0.009592939 ubox
3 416 0.376433276 ubox
3 427 0.007964965 ubox
3 429 0.010284213 ubox
3 430 0.005841565 ubox
3 433 0.125935385 ubox
4 8 0.050143251 ubox
4 12 0.173836376 ubox
4 14 0.005250211 ubox
4 19 0.003317689 ubox
4 41 0.043927011 ubox
4 200 0.004036285 ubox
4 201 0.003643586 ubox
4 205 0.007255237 ubox
4 219 0.094636550 ubox
4 226 0.004637740 ubox
4 386 0.005901622 ubox
4 412 0.009128066 ubox
4 415 0.378496460 ubox
4 426 0.007123408 ubox
4 428 0.005079406 ubox
4 432 0.126402674 ubox
5 11 0.178327618 ubox
5 13 0.006101545 ubox
5 14 0.221614727 ubox
5 18 0.003479522 ubox
5 40 0.043793231 ubox
5 199 0.003572033 ubox
5 218 0.094525699 ubox
5 225 0.004728472 ubox
5 414 0.366470123 ubox
5 431 0.124368758 ubox
6 13 0.221697618 ubox
6 40 0.003420132 ubox
6 199 0.009510881 ubox
6 224 0.004731747 ubox
6 384 0.006319176 ubox
6 414 0.107230332 ubox
6 423 0.003727994 ubox
6 431 0.019998050 ubox
7 38 0.041904663 ubox
7 39 0.004285288 ubox
7 96 0.004269139 ubox
7 198 0.009680604 ubox
7 223 0.004711949 ubox
7 383 0.006322557 ubox
7 413 0.120951611 ubox
7 422 0.003721213 ubox
7 430 0.024749895 ubox
8 15 0.003889845 ubox
8 37 0.043493196 ubox
8 38 0.003921179 ubox
8 93 0.016513138 ubox
8 95 0.009834466 ubox
8 197 0.009586502 ubox
8 212 0.003727036 ubox
8 222 0.004650499 ubox
8 245 0.009287141 ubox
8 382 0.006241345 ubox
8 413 0.271449862 ubox
8 421 0.003472324 ubox
8 435 0.003500359 ubox
9 14 0.003813894 ubox
9 19 0.011160331 ubox
9 33 0.006176984 ubox
9 36 0.043236007 ubox
9 75 0.008940968 ubox
9 92 0.012310238 ubox
9 196 0.009382979 ubox
9 211 0.003622147 ubox
9 214 0.091093340 ubox
9 221 0.004256875 ubox
9 244 0.010381493 ubox
9 381 0.005000045 ubox
9 412 0.303416045 ubox
9 415 0.007521706 ubox
9 432 0.003844538 ubox
10 18 0.012453558 ubox
10 30 0.008954988 ubox
10 32 0.008178339 ubox
10 35 0.041595508 ubox
10 74 0.009553815 ubox
10 92 0.072682464 ubox
10 195 0.007561768 ubox
10 205 0.040508208 ubox
10 208 0.008972598 ubox
10 211 0.014869429 ubox
10 213 0.091856318 ubox
10 243 0.010549250 ubox
10 381 0.003732491 ubox
10 412 0.040930821 ubox
10 414 0.007654361 ubox
10 431 0.003751837 ubox
11 17 0.012969484 ubox
11 29 0.010227710 ubox
11 31 0.008721055 ubox
11 73 0.009628667 ubox
11 80 0.004073513 ubox
11 91 0.080546880 ubox
11 203 0.024370854 ubox
11 204 0.055040038 ubox
11 207 0.017690560 ubox
11 210 0.015404342 ubox
11 212 0.091327579 ubox
11 242 0.010549373 ubox
11 380 0.005265879 ubox
11 410 0.395402513 ubox
11 411 0.031159095 ubox
11 435 0.025857853 ubox
12 27 0.008221314 ubox
12 72 0.009635701 ubox
12 79 0.004090531 ubox
12 90 0.080536739 ubox
12 202 0.024364139 ubox
12 375 0.004476026 ubox
12 379 0.005161713 ubox
12 409 0.397029990 ubox
12 430 0.004699556 ubox
12 435 0.659455125 ubox
13 22 0.011066934 ubox
13 26 0.008602696 ubox
13 27 0.006011026 ubox
13 71 0.009636267 ubox
13 78 0.004074393 ubox
13 89 0.080364958 ubox
13 194 0.010812744 ubox
13 203 0.139745932 ubox
13 204 0.162406832 ubox
13 207 0.029271805 ubox
13 210 0.092458612 ubox
13 240 0.010400802 ubox
13 374 0.004864455 ubox
13 378 0.004925301 ubox
13 408 0.397095214 ubox
13 417 0.005725939 ubox
13 429 0.004738319 ubox
13 434 0.841050031 ubox
13 435 0.003184545 ubox
14 21 0.011100981 ubox
14 25 0.008455653 ubox
14 26 0.005416051 ubox
14 29 0.019216842 ubox
14 31 0.035318799 ubox
14 70 0.009634745 ubox
14 76 0.003449688 ubox
14 88 0.080511644 ubox
14 193 0.011101837 ubox
14 202 0.140268091 ubox
14 203 0.163498813 ubox
14 206 0.029726797 ubox
14 209 0.092462576 ubox
14 239 0.010680494 ubox
14 373 0.005308307 ubox
14 407 0.397050482 ubox
14 416 0.006274193 ubox
14 429 0.003295876 ubox
14 433 0.841649903 ubox
14 434 0.003260033 ubox
15 20 0.010266241 ubox
15 28 0.019027539 ubox
15 30 0.035122517 ubox
15 69 0.009073302 ubox
15 75 0.003256057 ubox
15 87 0.080515542 ubox
15 192 0.011096221 ubox
15 200 0.107878978 ubox
15 201 0.140942196 ubox
15 205 0.029057058 ubox
15 208 0.090645540 ubox
15 226 0.018577699 ubox
15 238 0.010787329 ubox
15 372 0.005608275 ubox
15 406 0.372606447 ubox
15 415 0.006283853 ubox
15 432 0.839194752 ubox
16 24 0.064305805 ubox
16 83 0.003714243 ubox
16 86 0.078727751 ubox
16 191 0.008155533 ubox
16 196 0.017319289 ubox
16 199 0.110057189 ubox
16 225 0.019647933 ubox
16 237 0.010812146 ubox
16 371 0.005817444 ubox
16 414 0.006214880 ubox
16 431 0.833089165 ubox
17 23 0.064522922 ubox
17 82 0.003752936 ubox
17 86 0.014122623 ubox
17 191 0.012144697 ubox
17 195 0.017422702 ubox
17 199 0.478009451 ubox
17 205 0.151698083 ubox
17 208 0.011406502 ubox
17 221 0.003992943 ubox
17 224 0.019657525 ubox
17 236 0.010778765 ubox
17 371 0.004233741 ubox
17 381 0.004745634 ubox
17 400 0.033313770 ubox
17 428 0.032617547 ubox
17 431 0.058418805 ubox
18 22 0.061886814 ubox
18 27 0.009140584 ubox
18 81 0.003650433 ubox
18 85 0.017352932 ubox
18 190 0.014278119 ubox
18 194 0.017346722 ubox
18 198 0.359683381 ubox
18 203 0.072635760 ubox
18 204 0.151744630 ubox
18 207 0.012659802 ubox
18 220 0.004120485 ubox
18 223 0.018847530 ubox
18 368 0.003904167 ubox
18 370 0.003803071 ubox
18 374 0.003421581 ubox
18 380 0.004835857 ubox
18 399 0.033337640 ubox
18 402 0.013864779 ubox
18 403 0.272282504 ubox
18 404 0.093931831 ubox
18 427 0.031386031 ubox
18 430 0.068148352 ubox
19 26 0.009165272 ubox
19 189 0.013752083 ubox
19 197 0.254470609 ubox
19 198 0.786776299 ubox
19 202 0.069430555 ubox
19 222 0.017082799 ubox
19 367 0.003907113 ubox
19 373 0.003326805 ubox
19 379 0.004607691 ubox
19 401 0.013638842 ubox
19 402 0.276387096 ubox
19 403 0.088217081 ubox
20 25 0.007353176 ubox
20 85 0.009439400 ubox
20 197 0.905682913 ubox
20 366 0.003851379 ubox
20 401 0.276780699 ubox
20 402 0.071287158 ubox
21 83 0.091335033 ubox
21 84 0.007920155 ubox
21 196 0.951301707 ubox
21 365 0.003286534 ubox
21 400 0.275216690 ubox
22 40 0.008642645 ubox
22 45 0.036992938 ubox
22 82 0.092191376 ubox
22 83 0.005812825 ubox
22 104 0.006189221 ubox
22 186 0.009540064 ubox
22 191 0.044912682 ubox
22 195 0.951339394 ubox
22 279 0.008061275 ubox
22 363 0.003164963 ubox
22 400 0.057395267 ubox
23 38 0.016882693 ubox
23 39 0.007478972 ubox
23 44 0.037223293 ubox
23 47 0.012337951 ubox
23 77 0.004247281 ubox
23 81 0.092363965 ubox
23 103 0.010407752 ubox
23 185 0.009386956 ubox
23 190 0.045398393 ubox
23 194 0.951344437 ubox
23 278 0.008184031 ubox
23 362 0.003765612 ubox
23 397 0.270385591 ubox
23 399 0.055786559 ubox
23 434 0.003212696 ubox
24 31 0.015888558 ubox
24 37 0.028729042 ubox
24 38 0.006136718 ubox
24 42 0.046366110 ubox
24 44 0.005718766 ubox
24 46 0.012780771 ubox
24 76 0.005613155 ubox
24 80 0.092154814 ubox
24 102 0.010494388 ubox
24 184 0.005249455 ubox
24 187 0.020255251 ubox
24 189 0.045059158 ubox
24 193 0.951315397 ubox
24 277 0.008187493 ubox
24 361 0.003756316 ubox
24 396 0.270850643 ubox
24 399 0.010628895 ubox
24 433 0.003237703 ubox
25 30 0.014778310 ubox
25 33 0.005440777 ubox
25 34 0.017504748 ubox
25 35 0.016298577 ubox
25 36 0.034221076 ubox
25 41 0.046409185 ubox
25 43 0.005797706 ubox
25 45 0.012670079 ubox
25 75 0.006251848 ubox
25 101 0.009615351 ubox
25 186 0.022141282 ubox
25 188 0.045167554 ubox
25 192 0.946309470 ubox
25 276 0.008169514 ubox
25 394 0.007604694 ubox
25 395 0.259895163 ubox
25 398 0.010282073 ubox
26 32 0.005892193 ubox
26 33 0.020092020 ubox
26 34 0.019178116 ubox
26 35 0.036569085 ubox
26 36 0.006699351 ubox
26 40 0.044550305 ubox
26 41 0.014628856 ubox
26 74 0.005608700 ubox
26 75 0.005638927 ubox
26 191 0.897676328 ubox
26 192 0.065245644 ubox
26 275 0.008082649 ubox
26 393 0.010014418 ubox
26 394 0.184570736 ubox
26 395 0.009326464 ubox
27 32 0.018556618 ubox
27 33 0.019228143 ubox
27 34 0.035617933 ubox
27 35 0.007647423 ubox
27 40 0.015231812 ubox
27 74 0.006656391 ubox
27 181 0.003467735 ubox
27 183 0.207792986 ubox
27 186 0.432259095 ubox
27 191 0.091651507 ubox
27 274 0.007729721 ubox
27 386 0.003447329 ubox
27 392 0.011890646 ubox
27 393 0.123893888 ubox
27 394 0.007817899 ubox
28 39 0.014500377 ubox
28 73 0.006404373 ubox
28 180 0.003537930 ubox
28 182 0.210796883 ubox
28 184 0.805878323 ubox
28 185 0.309183439 ubox
28 273 0.006734993 ubox
28 385 0.004203589 ubox
28 391 0.009634456 ubox
29 40 0.077667767 ubox
29 53 0.006615716 ubox
29 179 0.003551143 ubox
29 181 0.211138135 ubox
29 183 0.876483137 ubox
29 186 0.131610437 ubox
29 384 0.004214597 ubox
29 392 0.087673207 ubox
30 39 0.076183584 ubox
30 52 0.006784227 ubox
30 180 0.211037259 ubox
30 182 0.876481301 ubox
30 184 0.126634513 ubox
30 185 0.096608295 ubox
30 383 0.003887400 ubox
30 385 0.004390286 ubox
30 391 0.073324085 ubox
31 40 0.207316203 ubox
31 51 0.006847873 ubox
31 179 0.210573394 ubox
31 181 0.876603259 ubox
31 183 0.156010892 ubox
31 186 0.260846978 ubox
31 384 0.005050769 ubox
31 392 0.021105569 ubox
32 38 0.014906823 ubox
32 39 0.203769203 ubox
32 50 0.006401556 ubox
32 96 0.003308190 ubox
32 180 0.864892931 ubox
32 182 0.153880614 ubox
32 185 0.260720584 ubox
32 383 0.005010771 ubox
32 391 0.017444788 ubox
33 37 0.013449865 ubox
33 38 0.176941907 ubox
33 39 0.009084689 ubox
33 95 0.003556685 ubox
33 96 0.008416322 ubox
33 184 0.249576209 ubox
33 185 0.015132629 ubox
33 382 0.004716381 ubox
34 38 0.009373381 ubox
34 90 0.007229673 ubox
34 95 0.008633415 ubox
34 96 0.012190490 ubox
34 184 0.015207204 ubox
34 185 0.004465100 ubox
35 89 0.007979048 ubox
35 95 0.011860640 ubox
35 96 0.063130731 ubox
35 184 0.004657644 ubox
36 88 0.008137976 ubox
36 93 0.007017629 ubox
36 95 0.068476695 ubox
36 177 0.055354205 ubox
36 180 0.252093284 ubox
36 182 0.022607141 ubox
36 391 0.064269585 ubox
37 87 0.008088280 ubox
37 92 0.005652195 ubox
37 176 0.034924475 ubox
37 179 0.274947141 ubox
37 181 0.021016269 ubox
37 390 0.096128729 ubox
38 86 0.004542262 ubox
38 178 0.246324129 ubox
38 179 0.029934882 ubox
38 389 0.096476013 ubox
39 45 0.007472373 ubox
39 54 0.003306403 ubox
39 92 0.094361911 ubox
39 98 0.004824922 ubox
39 176 0.942637829 ubox
39 178 0.012053569 ubox
39 388 0.096571211 ubox
40 44 0.009045674 ubox
40 89 0.006437754 ubox
40 90 0.015713964 ubox
40 91 0.098748126 ubox
40 97 0.005743841 ubox
40 175 0.955416536 ubox
40 361 0.003837645 ubox
40 387 0.096517514 ubox
40 404 0.010502643 ubox
41 52 0.014581377 ubox
41 88 0.008194522 ubox
41 89 0.022992728 ubox
41 90 0.096327820 ubox
41 96 0.005593828 ubox
41 174 0.955380663 ubox
41 360 0.003949755 ubox
41 385 0.095395142 ubox
41 403 0.010558869 ubox
42 51 0.016339295 ubox
42 53 0.032223761 ubox
42 86 0.011587912 ubox
42 173 0.955456992 ubox
42 359 0.003941315 ubox
42 384 0.095582706 ubox
43 50 0.014533776 ubox
43 52 0.033055487 ubox
43 85 0.011014805 ubox
43 172 0.955304671 ubox
43 360 0.003695560 ubox
43 382 0.060871202 ubox
43 383 0.071935130 ubox
43 385 0.005230755 ubox
43 401 0.012150246 ubox
44 51 0.033366265 ubox
44 53 0.007766575 ubox
44 82 0.006713041 ubox
44 84 0.009352885 ubox
44 86 0.214815389 ubox
44 101 0.028401940 ubox
44 171 0.955181124 ubox
44 359 0.004854509 ubox
44 381 0.086106270 ubox
44 384 0.005369349 ubox
44 400 0.012600507 ubox
45 50 0.019705180 ubox
45 52 0.008413627 ubox
45 60 0.005526352 ubox
45 81 0.006803355 ubox
45 85 0.217008951 ubox
45 100 0.028601884 ubox
45 169 0.625855290 ubox
45 170 0.721538979 ubox
45 358 0.004846618 ubox
45 380 0.085440074 ubox
45 383 0.004256792 ubox
45 399 0.012535272 ubox
46 51 0.008558652 ubox
46 54 0.003216859 ubox
46 55 0.050154595 ubox
46 56 0.178501799 ubox
46 59 0.005544327 ubox
46 83 0.008129369 ubox
46 84 0.217545848 ubox
46 99 0.028196193 ubox
46 167 0.009324973 ubox
46 168 0.884697345 ubox
47 53 0.003217147 ubox
47 54 0.050186148 ubox
47 55 0.179501188 ubox
47 56 0.014637821 ubox
47 58 0.005533246 ubox
47 82 0.008094755 ubox
47 83 0.216983706 ubox
47 84 0.029420265 ubox
47 166 0.010172536 ubox
47 167 0.884476941 ubox
47 168 0.359964364 ubox
48 53 0.049966554 ubox
48 54 0.179508140 ubox
48 55 0.014902098 ubox
48 56 0.006078188 ubox
48 82 0.215599785 ubox
48 83 0.033371879 ubox
48 84 0.049985124 ubox
48 162 0.014621985 ubox
48 166 0.883345452 ubox
48 167 0.360840030 ubox
48 168 0.005885660 ubox
49 53 0.178510241 ubox
49 54 0.014894226 ubox
49 55 0.006189172 ubox
49 82 0.036528900 ubox
49 83 0.050993156 ubox
49 161 0.020496746 ubox
49 162 0.729977039 ubox
49 166 0.360589484 ubox
49 167 0.006012946 ubox
50 54 0.005644132 ubox
50 82 0.051461514 ubox
50 161 0.731337943 ubox
50 166 0.005641962 ubox
51 76 0.039594761 ubox
51 81 0.077248026 ubox
51 160 0.729965690 ubox
51 163 0.578089558 ubox
51 165 0.006574201 ubox
52 74 0.034211308 ubox
52 75 0.030966990 ubox
52 82 0.019559138 ubox
52 161 0.231892046 ubox
52 162 0.549599564 ubox
53 72 0.004592193 ubox
53 73 0.042305174 ubox
53 77 0.055649226 ubox
53 78 0.149274231 ubox
53 79 0.066377497 ubox
53 80 0.047709939 ubox
53 81 0.126900904 ubox
53 156 0.013464354 ubox
53 157 0.123173274 ubox
53 158 0.137608548 ubox
53 159 0.708641032 ubox
53 160 0.279696386 ubox
53 164 0.018873151 ubox
53 165 0.004341704 ubox
54 71 0.005972092 ubox
54 72 0.046557281 ubox
54 76 0.059839372 ubox
54 77 0.148859059 ubox
54 78 0.070390076 ubox
54 79 0.046630507 ubox
54 80 0.127392983 ubox
54 81 0.013926612 ubox
54 155 0.013579081 ubox
54 156 0.123275782 ubox
54 157 0.128616057 ubox
54 158 0.860455371 ubox
54 159 0.199239898 ubox
54 160 0.294007989 ubox
54 163 0.018411470 ubox
54 164 0.004327881 ubox
55 70 0.005966235 ubox
55 71 0.047071687 ubox
55 76 0.148466534 ubox
55 77 0.069613626 ubox
55 78 0.048009803 ubox
55 79 0.126754738 ubox
55 80 0.013941773 ubox
55 81 0.004881639 ubox
55 154 0.019141835 ubox
55 155 0.122502462 ubox
55 156 0.114843721 ubox
55 157 0.935959663 ubox
55 158 0.031049695 ubox
55 159 0.042972510 ubox
55 160 0.015235811 ubox
55 163 0.003959733 ubox
55 348 0.005516678 ubox
56 70 0.046911868 ubox
56 73 0.168157250 ubox
56 76 0.067027051 ubox
56 77 0.026891594 ubox
56 78 0.124932055 ubox
56 79 0.007377884 ubox
56 80 0.004941741 ubox
56 119 0.003864281 ubox
56 154 0.130003744 ubox
56 155 0.083648217 ubox
56 156 0.939265877 ubox
56 157 0.023507940 ubox
56 158 0.009933131 ubox
56 159 0.017913004 ubox
56 160 0.003489711 ubox
56 347 0.005642421 ubox
57 68 0.005679509 ubox
57 72 0.262608255 ubox
57 73 0.012968949 ubox
57 77 0.105100913 ubox
57 79 0.004198949 ubox
57 118 0.003872664 ubox
57 155 0.941164199 ubox
57 158 0.020241638 ubox
57 159 0.003473032 ubox
57 165 0.012584278 ubox
57 346 0.005663672 ubox
58 67 0.005087724 ubox
58 68 0.045482964 ubox
58 71 0.286383691 ubox
58 76 0.057403753 ubox
58 117 0.003874907 ubox
58 154 0.940764307 ubox
58 156 0.005287815 ubox
58 157 0.020873031 ubox
58 158 0.003462177 ubox
58 164 0.012983760 ubox
58 345 0.005667893 ubox
58 362 0.013539350 ubox
59 67 0.052500555 ubox
59 70 0.290813965 ubox
59 71 0.003371610 ubox
59 116 0.003868874 ubox
59 149 0.763637454 ubox
59 152 0.570239284 ubox
59 156 0.018813304 ubox
59 157 0.003368786 ubox
59 163 0.012986669 ubox
59 344 0.005666140 ubox
59 361 0.013685232 ubox
60 66 0.052566641 ubox
60 69 0.290825430 ubox
60 148 0.764831443 ubox
60 151 0.568797071 ubox
60 162 0.012980749 ubox
60 343 0.005640256 ubox
61 65 0.043260436 ubox
61 68 0.258619202 ubox
61 147 0.764906410 ubox
61 360 0.014462313 ubox
62 69 0.004033386 ubox
62 113 0.003217298 ubox
62 132 0.003209004 ubox
62 148 0.321689217 ubox
62 161 0.012870097 ubox
62 224 0.005637903 ubox
62 359 0.014690329 ubox
63 68 0.003811584 ubox
63 131 0.003221374 ubox
63 146 0.951281375 ubox
63 147 0.057060710 ubox
63 156 0.004136434 ubox
63 160 0.012891441 ubox
63 223 0.005675362 ubox
63 358 0.014696558 ubox
64 130 0.003181386 ubox
64 145 0.953047671 ubox
64 155 0.004979700 ubox
64 159 0.012833685 ubox
64 222 0.005686944 ubox
64 357 0.014693465 ubox
65 140 0.003396901 ubox
65 144 0.950108931 ubox
65 153 0.035799773 ubox
65 221 0.005685032 ubox
65 356 0.014680235 ubox
66 100 0.003754028 ubox
66 129 0.003169496 ubox
66 139 0.004541795 ubox
66 142 0.677306180 ubox
66 143 0.672054001 ubox
66 152 0.036217961 ubox
66 220 0.005686355 ubox
66 355 0.014392872 ubox
67 99 0.003841759 ubox
67 110 0.005453798 ubox
67 138 0.004767926 ubox
67 141 0.954091817 ubox
67 151 0.036221852 ubox
67 218 0.005835767 ubox
67 350 0.003181926 ubox
68 86 0.003718184 ubox
68 98 0.003840875 ubox
68 109 0.005879783 ubox
68 137 0.004769565 ubox
68 140 0.953551307 ubox
68 150 0.036215806 ubox
68 217 0.005836672 ubox
68 349 0.003179744 ubox
69 85 0.007532383 ubox
69 97 0.003825106 ubox
69 108 0.005983999 ubox
69 136 0.004787403 ubox
69 139 0.954142824 ubox
69 142 0.008974084 ubox
69 149 0.036216666 ubox
69 216 0.005837761 ubox
69 348 0.003172700 ubox
69 351 0.003344455 ubox
70 83 0.005819675 ubox
70 84 0.009998109 ubox
70 107 0.006000421 ubox
70 126 0.003162857 ubox
70 135 0.004553527 ubox
70 138 0.954033434 ubox
70 141 0.009003345 ubox
70 148 0.036044254 ubox
70 215 0.004966366 ubox
70 350 0.003325971 ubox
71 82 0.006882742 ubox
71 83 0.012258165 ubox
71 84 0.013492122 ubox
71 106 0.006005854 ubox
71 126 0.006617655 ubox
71 135 0.008214083 ubox
71 137 0.945876340 ubox
71 138 0.010727539 ubox
71 140 0.007834092 ubox
72 82 0.012559732 ubox
72 83 0.024979908 ubox
72 84 0.004858425 ubox
72 87 0.267512571 ubox
72 105 0.005991918 ubox
72 124 0.042086275 ubox
72 125 0.006008589 ubox
72 133 0.010667594 ubox
72 134 0.015530380 ubox
72 135 0.077688725 ubox
72 137 0.013490477 ubox
72 214 0.004319880 ubox
72 372 0.008285067 ubox
72 377 0.003649264 ubox
73 82 0.028130841 ubox
73 83 0.007971584 ubox
73 86 0.277869921 ubox
73 104 0.005708398 ubox
73 123 0.045605940 ubox
73 124 0.004410505 ubox
73 128 0.003889584 ubox
73 132 0.009717462 ubox
73 133 0.013093461 ubox
73 134 0.059833074 ubox
73 213 0.004305793 ubox
73 371 0.011445911 ubox
73 376 0.005838907 ubox
74 85 0.198108628 ubox
74 89 0.039931041 ubox
74 90 0.058506607 ubox
74 122 0.046058563 ubox
74 127 0.004665823 ubox
74 212 0.004206154 ubox
74 367 0.020739006 ubox
74 370 0.011183929 ubox
74 375 0.005927720 ubox
75 85 0.703035921 ubox
75 88 0.039274362 ubox
75 89 0.062885770 ubox
75 121 0.046118248 ubox
75 127 0.070256347 ubox
75 366 0.023504091 ubox
76 83 0.189076974 ubox
76 84 0.797123739 ubox
76 99 0.010049735 ubox
76 106 0.008267672 ubox
76 107 0.005305368 ubox
76 120 0.045095445 ubox
76 126 0.074588357 ubox
76 135 0.050038630 ubox
76 141 0.007352681 ubox
76 365 0.023325401 ubox
77 82 0.172257458 ubox
77 83 0.763012692 ubox
77 84 0.146448182 ubox
77 87 0.118289333 ubox
77 98 0.009861910 ubox
77 105 0.008283083 ubox
77 107 0.008500843 ubox
77 125 0.072610810 ubox
77 133 0.019099607 ubox
77 134 0.044933701 ubox
77 140 0.003881751 ubox
77 141 0.027489361 ubox
77 364 0.009229705 ubox
77 372 0.011019218 ubox
78 82 0.743080004 ubox
78 83 0.336028819 ubox
78 84 0.046639903 ubox
78 86 0.122053317 ubox
78 99 0.046970880 ubox
78 104 0.008099298 ubox
78 106 0.017093266 ubox
78 107 0.006376835 ubox
78 126 0.009677307 ubox
78 132 0.020233636 ubox
78 135 0.025341251 ubox
78 140 0.030438841 ubox
78 141 0.006376121 ubox
78 151 0.004574968 ubox
78 363 0.007683839 ubox
78 365 0.032202517 ubox
78 371 0.011392275 ubox
79 83 0.042927703 ubox
79 87 0.035269322 ubox
79 98 0.046822267 ubox
79 105 0.017141975 ubox
79 106 0.006218653 ubox
79 125 0.009396968 ubox
79 133 0.018849147 ubox
79 134 0.023867917 ubox
79 140 0.006303307 ubox
79 150 0.004489906 ubox
79 168 0.003414587 ubox
79 364 0.003721946 ubox
79 365 0.058867220 ubox
80 86 0.036747449 ubox
80 104 0.012475618 ubox
80 106 0.004575352 ubox
80 132 0.018528400 ubox
80 138 0.033658269 ubox
80 167 0.004405159 ubox
80 364 0.095964605 ubox
80 365 0.005718443 ubox
81 101 0.009372940 ubox
81 104 0.018293435 ubox
81 120 0.081560396 ubox
81 132 0.023565907 ubox
81 137 0.034340129 ubox
81 148 0.005341938 ubox
81 166 0.004411006 ubox
81 363 0.096635756 ubox
81 364 0.005432572 ubox
81 400 0.003653327 ubox
82 89 0.011905435 ubox
82 90 0.008653744 ubox
82 91 0.108178250 ubox
82 94 0.004614680 ubox
82 95 0.199254089 ubox
82 96 0.007105733 ubox
82 97 0.008001686 ubox
82 100 0.009312409 ubox
82 103 0.026039244 ubox
82 118 0.052839528 ubox
82 119 0.082096468 ubox
82 131 0.023370053 ubox
82 136 0.037135101 ubox
82 147 0.009595923 ubox
82 165 0.004417500 ubox
82 362 0.096788369 ubox
82 399 0.003876351 ubox
82 405 0.004485597 ubox
83 88 0.013346157 ubox
83 89 0.010497569 ubox
83 90 0.105646703 ubox
83 91 0.079709852 ubox
83 93 0.011728404 ubox
83 94 0.265910192 ubox
83 95 0.007666793 ubox
83 96 0.006488957 ubox
83 97 0.010298756 ubox
83 102 0.026028567 ubox
83 103 0.020247520 ubox
83 117 0.098835911 ubox
83 118 0.009366902 ubox
83 130 0.014283669 ubox
83 146 0.009662150 ubox
83 164 0.004431848 ubox
83 358 0.007229395 ubox
83 361 0.096742330 ubox
83 362 0.005253511 ubox
83 397 0.005609877 ubox
83 404 0.004496315 ubox
84 88 0.008552520 ubox
84 89 0.097225220 ubox
84 90 0.076069307 ubox
84 93 0.435174809 ubox
84 94 0.009510323 ubox
84 95 0.005839550 ubox
84 96 0.008985258 ubox
84 100 0.024751434 ubox
84 102 0.020475717 ubox
84 116 0.099072656 ubox
84 117 0.006677031 ubox
84 129 0.013220155 ubox
84 136 0.005328760 ubox
84 145 0.009659594 ubox
84 163 0.004426021 ubox
84 357 0.009776031 ubox
84 360 0.093459424 ubox
84 361 0.005324102 ubox
84 396 0.005633845 ubox
84 399 0.050039391 ubox
85 92 0.483747768 ubox
85 98 0.064129185 ubox
85 99 0.014397553 ubox
85 101 0.020203152 ubox
85 115 0.099276989 ubox
85 128 0.011338084 ubox
85 144 0.009662168 ubox
85 356 0.010842630 ubox
85 359 0.092252756 ubox
85 395 0.005207632 ubox
85 398 0.050703289 ubox
86 91 0.505460751 ubox
86 94 0.045928674 ubox
86 97 0.077551531 ubox
86 100 0.019481322 ubox
86 114 0.099275037 ubox
86 127 0.006275215 ubox
86 136 0.013506080 ubox
86 143 0.009643896 ubox
86 355 0.010877793 ubox
86 358 0.095891451 ubox
86 397 0.050828609 ubox
87 93 0.070503849 ubox
87 95 0.004688788 ubox
87 96 0.078990829 ubox
87 112 0.011887113 ubox
87 127 0.003516451 ubox
87 354 0.010665782 ubox
87 357 0.095652805 ubox
88 92 0.066496462 ubox
88 99 0.010955914 ubox
88 111 0.011603039 ubox
88 125 0.009145855 ubox
88 126 0.003512653 ubox
88 135 0.003659200 ubox
88 141 0.005396250 ubox
88 356 0.091251753 ubox
88 394 0.005650780 ubox
88 395 0.063735339 ubox
89 98 0.011019140 ubox
89 110 0.011331817 ubox
89 111 0.094166635 ubox
89 124 0.009194998 ubox
89 125 0.003458086 ubox
89 134 0.003956948 ubox
89 140 0.005131478 ubox
89 393 0.004591668 ubox
89 394 0.093982666 ubox
90 109 0.010650649 ubox
90 110 0.093909386 ubox
90 111 0.011499526 ubox
90 123 0.008749749 ubox
90 124 0.003262951 ubox
90 133 0.003963171 ubox
90 138 0.003672246 ubox
90 393 0.109299323 ubox
91 109 0.093562166 ubox
91 110 0.014060375 ubox
91 113 0.026436798 ubox
91 132 0.003950225 ubox
91 137 0.011754086 ubox
91 392 0.112920095 ubox
92 112 0.026452876 ubox
92 121 0.006256122 ubox
92 357 0.003736239 ubox
92 391 0.112917386 ubox
93 107 0.065295227 ubox
93 111 0.026446682 ubox
93 120 0.005983567 ubox
93 133 0.009619847 ubox
93 356 0.006551208 ubox
93 390 0.112945965 ubox
94 106 0.065713519 ubox
94 107 0.069035521 ubox
94 110 0.026421965 ubox
94 126 0.003210625 ubox
94 132 0.009832703 ubox
94 135 0.916861918 ubox
94 389 0.112941166 ubox
95 105 0.059330830 ubox
95 106 0.069256287 ubox
95 109 0.022369229 ubox
95 125 0.003219305 ubox
95 133 0.027911801 ubox
95 134 0.929767445 ubox
95 135 0.006436889 ubox
95 168 0.006829994 ubox
95 388 0.103014832 ubox
95 432 0.003794260 ubox
96 104 0.051133796 ubox
96 105 0.074826152 ubox
96 132 0.032522624 ubox
96 133 0.943109357 ubox
96 134 0.008132366 ubox
96 167 0.011154245 ubox
96 388 0.003576152 ubox
96 432 0.090478495 ubox
97 104 0.079899641 ubox
97 106 0.003244762 ubox
97 132 0.943987493 ubox
97 166 0.022141602 ubox
97 384 0.053691520 ubox
97 431 0.094595656 ubox
98 130 0.943670439 ubox
98 147 0.003184656 ubox
98 165 0.023977393 ubox
98 352 0.233443715 ubox
98 353 0.009666328 ubox
98 354 0.008726328 ubox
98 383 0.052141700 ubox
98 402 0.007926053 ubox
98 430 0.094634055 ubox
99 108 0.022126285 ubox
99 114 0.009237898 ubox
99 121 0.003220269 ubox
99 127 0.004000783 ubox
99 129 0.948761378 ubox
99 136 0.007535549 ubox
99 142 0.005400074 ubox
99 146 0.003246710 ubox
99 164 0.024691867 ubox
99 351 0.265650369 ubox
99 352 0.007836308 ubox
99 353 0.011339906 ubox
99 382 0.049561334 ubox
99 385 0.007034426 ubox
99 401 0.010609344 ubox
99 429 0.094674243 ubox
100 107 0.022138033 ubox
100 109 0.035941466 ubox
100 113 0.009256985 ubox
100 126 0.004534287 ubox
100 128 0.948780414 ubox
100 135 0.007578379 ubox
100 140 0.013062918 ubox
100 141 0.003840709 ubox
100 350 0.265768840 ubox
100 381 0.049145786 ubox
100 384 0.007134881 ubox
100 400 0.010951311 ubox
100 428 0.094673270 ubox
101 108 0.036766461 ubox
101 112 0.009185393 ubox
101 121 0.008222410 ubox
101 127 0.948403028 ubox
101 136 0.003640815 ubox
101 139 0.013938206 ubox
101 142 0.004915928 ubox
101 163 0.025174115 ubox
101 169 0.006390792 ubox
101 351 0.039784459 ubox
101 380 0.044264948 ubox
101 383 0.005149294 ubox
101 399 0.010915123 ubox
101 427 0.094597936 ubox
102 107 0.036753895 ubox
102 110 0.009390712 ubox
102 120 0.006213935 ubox
102 126 0.948379208 ubox
102 135 0.003631802 ubox
102 138 0.013947023 ubox
102 141 0.004933859 ubox
102 162 0.025187954 ubox
102 168 0.006430373 ubox
102 350 0.041413669 ubox
102 426 0.091119121 ubox
103 109 0.009401687 ubox
103 120 0.942852034 ubox
103 132 0.008275334 ubox
103 137 0.013948244 ubox
103 140 0.004933850 ubox
103 161 0.025186843 ubox
103 167 0.006430235 ubox
103 381 0.004466345 ubox
103 423 0.006563442 ubox
103 426 0.004349302 ubox
104 108 0.009017041 ubox
104 119 0.944266347 ubox
104 122 0.005128489 ubox
104 131 0.008334483 ubox
104 136 0.013923691 ubox
104 139 0.004930526 ubox
104 160 0.025126530 ubox
104 347 0.293983571 ubox
104 380 0.004490683 ubox
104 410 0.003846810 ubox
105 118 0.944181633 ubox
105 121 0.004796310 ubox
105 122 0.005093647 ubox
105 130 0.008254168 ubox
105 158 0.007976436 ubox
105 159 0.023806349 ubox
105 165 0.006431036 ubox
105 346 0.294708503 ubox
105 379 0.004503234 ubox
105 409 0.003858965 ubox
106 117 0.944140378 ubox
106 119 0.004897581 ubox
106 121 0.004008077 ubox
106 122 0.085323175 ubox
106 129 0.007791568 ubox
106 157 0.011207558 ubox
106 158 0.022108832 ubox
106 164 0.006447200 ubox
106 345 0.294835299 ubox
106 378 0.004495570 ubox
106 408 0.003861329 ubox
107 114 0.110381342 ubox
107 116 0.937322123 ubox
107 118 0.004841257 ubox
107 121 0.093198925 ubox
107 127 0.006438657 ubox
107 136 0.016654918 ubox
107 149 0.012517925 ubox
107 156 0.010480926 ubox
107 157 0.019020045 ubox
107 163 0.006446458 ubox
107 344 0.294841528 ubox
107 407 0.003861328 ubox
108 113 0.148222617 ubox
108 120 0.093827499 ubox
108 126 0.006745668 ubox
108 128 0.003639603 ubox
108 132 0.019070266 ubox
108 135 0.016762604 ubox
108 148 0.014262116 ubox
108 162 0.006403023 ubox
108 343 0.294838736 ubox
109 117 0.012020672 ubox
109 118 0.008801776 ubox
109 119 0.092594853 ubox
109 127 0.003520671 ubox
109 131 0.018355779 ubox
109 147 0.014277253 ubox
109 155 0.009765687 ubox
109 156 0.007590467 ubox
109 342 0.294815107 ubox
109 375 0.004432079 ubox
109 405 0.003862123 ubox
110 116 0.012956139 ubox
110 117 0.055172232 ubox
110 118 0.067354131 ubox
110 119 0.009404103 ubox
110 122 0.005224774 ubox
110 130 0.014443538 ubox
110 131 0.037086839 ubox
110 146 0.014301866 ubox
110 154 0.010006911 ubox
110 155 0.005005738 ubox
110 160 0.005193759 ubox
110 341 0.294688505 ubox
110 374 0.004441627 ubox
110 404 0.003862458 ubox
111 118 0.012162096 ubox
111 121 0.005551041 ubox
111 130 0.037112219 ubox
111 145 0.014299393 ubox
111 159 0.005056783 ubox
111 340 0.294786220 ubox
111 373 0.004254918 ubox
111 403 0.003830707 ubox
112 120 0.005578579 ubox
112 144 0.014281206 ubox
112 150 0.003428145 ubox
112 153 0.007674809 ubox
112 339 0.294654586 ubox
112 372 0.003490497 ubox
113 119 0.005486624 ubox
113 121 0.007159484 ubox
113 129 0.045463492 ubox
113 142 0.004823464 ubox
113 143 0.013426008 ubox
113 149 0.003459409 ubox
113 152 0.007671292 ubox
113 338 0.294817849 ubox
113 368 0.003198071 ubox
113 401 0.003684087 ubox
114 120 0.007363545 ubox
114 128 0.045587016 ubox
114 141 0.006764125 ubox
114 148 0.003459620 ubox
114 151 0.007645376 ubox
114 337 0.294392104 ubox
114 400 0.003777081 ubox
115 121 0.005693556 ubox
115 127 0.045587723 ubox
115 147 0.003393005 ubox
115 228 0.003994323 ubox
115 336 0.250611883 ubox
115 366 0.003920778 ubox
116 120 0.006796067 ubox
116 126 0.043722603 ubox
116 141 0.012089890 ubox
116 225 0.221928604 ubox
116 227 0.004598871 ubox
116 335 0.172974414 ubox
116 365 0.004076433 ubox
117 126 0.024304449 ubox
117 135 0.003854747 ubox
117 138 0.005489746 ubox
117 140 0.012105619 ubox
117 224 0.222890847 ubox
117 225 0.018851273 ubox
117 227 0.017382640 ubox
117 334 0.144604761 ubox
117 335 0.003679707 ubox
117 364 0.004067118 ubox
118 125 0.026698634 ubox
118 133 0.081375736 ubox
118 134 0.004258126 ubox
118 138 0.012177084 ubox
118 219 0.004015774 ubox
118 224 0.017597569 ubox
118 225 0.009268294 ubox
118 226 0.024961856 ubox
118 301 0.030465578 ubox
118 333 0.067083246 ubox
119 128 0.012293000 ubox
119 132 0.084581132 ubox
119 137 0.013854919 ubox
119 140 0.004357829 ubox
119 218 0.004147126 ubox
119 221 0.266981183 ubox
119 224 0.011984732 ubox
119 225 0.025355466 ubox
119 294 0.018969503 ubox
119 300 0.031966309 ubox
119 303 0.019343725 ubox
119 363 0.003674509 ubox
120 127 0.009284025 ubox
120 129 0.024695258 ubox
120 131 0.083587449 ubox
120 136 0.014149478 ubox
120 139 0.004454652 ubox
120 220 0.267913344 ubox
120 223 0.011605460 ubox
120 293 0.019614020 ubox
120 299 0.031962516 ubox
120 302 0.019424879 ubox
120 362 0.003658845 ubox
121 126 0.004499026 ubox
121 128 0.025443354 ubox
121 135 0.014079664 ubox
121 138 0.004447160 ubox
121 218 0.003206249 ubox
121 219 0.267588970 ubox
121 225 0.007594646 ubox
121 292 0.019552358 ubox
121 298 0.031950037 ubox
121 301 0.019409105 ubox
122 128 0.015928914 ubox
122 134 0.013093599 ubox
122 218 0.266208093 ubox
122 224 0.010987995 ubox
122 291 0.019407542 ubox
122 297 0.031445616 ubox
122 300 0.018884540 ubox
123 127 0.013790672 ubox
123 223 0.011636748 ubox
123 290 0.018694118 ubox
123 296 0.029502992 ubox
123 299 0.017987345 ubox
124 222 0.011551586 ubox
125 155 0.013561461 ubox
125 165 0.005505827 ubox
125 286 0.010717721 ubox
125 296 0.015131008 ubox
126 136 0.009230150 ubox
126 154 0.014801222 ubox
126 164 0.006023530 ubox
126 212 0.003921078 ubox
126 216 0.008099895 ubox
126 220 0.008410224 ubox
126 285 0.011080158 ubox
126 293 0.017997603 ubox
126 295 0.016820798 ubox
127 135 0.009190278 ubox
127 137 0.015303105 ubox
127 153 0.014806686 ubox
127 211 0.004250545 ubox
127 215 0.008032580 ubox
127 217 0.277275010 ubox
127 219 0.006029607 ubox
127 284 0.008121745 ubox
127 292 0.007839486 ubox
127 294 0.015147596 ubox
128 136 0.088683756 ubox
128 152 0.014809597 ubox
128 163 0.006645119 ubox
128 210 0.004277225 ubox
128 216 0.279342581 ubox
128 283 0.007623150 ubox
128 290 0.006273957 ubox
128 293 0.014764201 ubox
129 135 0.088911617 ubox
129 151 0.014809112 ubox
129 162 0.006624187 ubox
129 215 0.279369078 ubox
129 289 0.006439334 ubox
130 134 0.080767329 ubox
130 150 0.014683310 ubox
130 162 0.003631150 ubox
130 214 0.270786679 ubox
130 288 0.006030430 ubox
130 292 0.009427764 ubox
131 137 0.005528690 ubox
131 148 0.007840375 ubox
131 161 0.009490302 ubox
131 291 0.009429454 ubox
132 136 0.007633494 ubox
132 146 0.008467127 ubox
132 147 0.004021987 ubox
132 156 0.003284028 ubox
132 160 0.009684791 ubox
132 290 0.007076651 ubox
133 145 0.008385541 ubox
133 155 0.003264598 ubox
133 159 0.009683063 ubox
134 158 0.009666359 ubox
134 286 0.003524587 ubox
135 142 0.010650266 ubox
135 149 0.009727554 ubox
135 152 0.018881790 ubox
135 157 0.009226478 ubox
135 206 0.004506699 ubox
135 209 0.294278662 ubox
135 285 0.003597695 ubox
136 141 0.010705526 ubox
136 148 0.009736776 ubox
136 151 0.019191864 ubox
136 205 0.004522424 ubox
136 208 0.294615011 ubox
137 147 0.009669113 ubox
137 155 0.005244705 ubox
137 156 0.004095261 ubox
137 204 0.004522912 ubox
137 207 0.294619652 ubox
137 210 0.014623837 ubox
137 281 0.004724195 ubox
138 146 0.009626981 ubox
138 149 0.022252382 ubox
138 152 0.007478883 ubox
138 154 0.005298682 ubox
138 203 0.004519770 ubox
138 206 0.294623306 ubox
138 209 0.014748944 ubox
138 280 0.004782206 ubox
139 148 0.022310211 ubox
139 151 0.007490271 ubox
139 199 0.005509377 ubox
139 205 0.294598914 ubox
139 208 0.014749576 ubox
139 279 0.004782967 ubox
140 147 0.022113184 ubox
140 194 0.003391366 ubox
140 198 0.012704589 ubox
140 203 0.003263054 ubox
140 204 0.294316511 ubox
140 207 0.014749437 ubox
140 278 0.004782760 ubox
141 146 0.021846614 ubox
141 149 0.008278341 ubox
141 152 0.006995725 ubox
141 193 0.003428230 ubox
141 197 0.053020715 ubox
141 203 0.289614550 ubox
141 206 0.014745480 ubox
141 277 0.004771245 ubox
142 148 0.008466456 ubox
142 151 0.007270778 ubox
142 167 0.024304636 ubox
142 196 0.165263650 ubox
142 205 0.012177417 ubox
142 237 0.003291268 ubox
143 166 0.024353127 ubox
143 195 0.165128385 ubox
143 199 0.153758347 ubox
143 236 0.003293447 ubox
144 165 0.023628469 ubox
144 189 0.004579232 ubox
144 197 0.073654363 ubox
144 198 0.137878904 ubox
144 202 0.014876657 ubox
145 188 0.003301477 ubox
145 192 0.163744778 ubox
145 196 0.098896392 ubox
145 200 0.048070887 ubox
145 201 0.014902513 ubox
145 235 0.003231023 ubox
146 162 0.023654106 ubox
146 191 0.166007418 ubox
146 195 0.101036604 ubox
146 196 0.098127938 ubox
146 199 0.049209290 ubox
146 234 0.003223228 ubox
147 161 0.023695796 ubox
147 188 0.266607389 ubox
147 191 0.003565612 ubox
147 195 0.072034424 ubox
148 160 0.023667589 ubox
148 163 0.007070330 ubox
148 184 0.003356769 ubox
148 187 0.292646205 ubox
148 194 0.024726413 ubox
148 197 0.004190495 ubox
148 233 0.004379723 ubox
149 162 0.007066839 ubox
149 166 0.005764628 ubox
149 183 0.004175212 ubox
149 186 0.293298510 ubox
149 196 0.004287463 ubox
149 232 0.004695758 ubox
150 158 0.022653959 ubox
150 159 0.005067755 ubox
150 165 0.005766524 ubox
150 182 0.003463322 ubox
150 185 0.292696636 ubox
150 231 0.004693432 ubox
151 157 0.023029364 ubox
151 158 0.004135184 ubox
151 163 0.003745351 ubox
151 164 0.004941049 ubox
151 182 0.049065188 ubox
151 184 0.289322350 ubox
152 162 0.004776052 ubox
152 181 0.052226382 ubox
152 183 0.289126737 ubox
152 229 0.004699700 ubox
153 180 0.055440886 ubox
153 182 0.288386082 ubox
153 228 0.004700133 ubox
154 179 0.058379182 ubox
154 181 0.287710029 ubox
154 227 0.004701050 ubox
155 168 0.005515986 ubox
155 178 0.059398097 ubox
155 226 0.004701025 ubox
156 162 0.005094930 ubox
156 167 0.006600617 ubox
156 225 0.004701284 ubox
157 161 0.005080201 ubox
157 166 0.006614967 ubox
157 179 0.137950552 ubox
157 224 0.004689221 ubox
158 178 0.128795851 ubox
158 179 0.016496530 ubox
158 201 0.005752189 ubox
159 178 0.019866704 ubox
159 200 0.006395031 ubox
160 171 0.288189834 ubox
160 173 0.011177396 ubox
160 199 0.006428271 ubox
160 221 0.004259946 ubox
161 170 0.289600387 ubox
161 175 0.048733844 ubox
161 198 0.006414223 ubox
161 220 0.004152487 ubox
162 169 0.289611167 ubox
162 172 0.003185939 ubox
162 174 0.048870983 ubox
162 197 0.006427453 ubox
163 168 0.288801617 ubox
163 171 0.003233658 ubox
163 173 0.048860032 ubox
163 196 0.006368202 ubox
164 195 0.006297554 ubox
164 218 0.003196152 ubox
165 171 0.041519235 ubox
165 178 0.003168573 ubox
165 217 0.003196857 ubox
166 170 0.040470783 ubox
166 172 0.003239178 ubox
166 194 0.006027857 ubox
166 216 0.003171716 ubox
167 175 0.004573791 ubox
167 193 0.006021017 ubox
167 198 0.007354091 ubox
167 210 0.003449828 ubox
168 174 0.004601248 ubox
168 197 0.025053768 ubox
168 209 0.003453520 ubox
169 173 0.004597757 ubox
169 196 0.026166349 ubox
169 208 0.003440843 ubox
170 191 0.004913009 ubox
170 195 0.026171697 ubox
171 189 0.004168514 ubox
171 190 0.004837629 ubox
171 194 0.026163573 ubox
171 206 0.003357639 ubox
172 178 0.006931251 ubox
172 179 0.004804586 ubox
172 188 0.006335036 ubox
172 205 0.003248016 ubox
173 177 0.006179017 ubox
173 187 0.006399485 ubox
173 193 0.026347300 ubox
173 204 0.003215999 ubox
174 186 0.004842923 ubox
174 192 0.026349804 ubox
175 186 0.004224644 ubox
175 191 0.026340488 ubox
175 199 0.003192982 ubox
176 184 0.003992573 ubox
176 185 0.004263137 ubox
176 189 0.004353345 ubox
177 183 0.004089285 ubox
177 188 0.004335306 ubox
178 182 0.003453525 ubox
179 187 0.007531321 ubox
179 189 0.036861348 ubox
179 220 0.013051718 ubox
179 391 0.012459099 ubox
180 186 0.007441974 ubox
180 188 0.037752404 ubox
180 219 0.013052956 ubox
180 390 0.014342518 ubox
181 185 0.003648467 ubox
181 187 0.037882073 ubox
181 189 0.004826674 ubox
181 194 0.003240003 ubox
181 220 0.003264503 ubox
182 186 0.035664680 ubox
182 188 0.005669597 ubox
182 217 0.013176396 ubox
182 219 0.003265314 ubox
182 388 0.016643232 ubox
183 187 0.005872225 ubox
183 190 0.008058198 ubox
183 193 0.016638580 ubox
183 216 0.013207679 ubox
183 220 0.004788962 ubox
183 387 0.016882178 ubox
184 188 0.004059423 ubox
184 192 0.019129592 ubox
184 215 0.013161428 ubox
184 218 0.018303320 ubox
184 219 0.004185401 ubox
184 386 0.012040697 ubox
185 191 0.025164490 ubox
185 214 0.012796813 ubox
185 217 0.045738836 ubox
185 386 0.040714015 ubox
185 388 0.004508152 ubox
186 190 0.037856165 ubox
186 216 0.048722401 ubox
186 385 0.045344618 ubox
186 387 0.004649312 ubox
187 215 0.048689230 ubox
187 371 0.003474110 ubox
187 384 0.045846171 ubox
187 392 0.010710531 ubox
188 197 0.019871734 ubox
188 202 0.007262166 ubox
188 212 0.005243751 ubox
188 370 0.003474565 ubox
188 383 0.045242322 ubox
188 391 0.010720487 ubox
189 196 0.025774685 ubox
189 200 0.168674031 ubox
189 201 0.007832185 ubox
189 211 0.005381284 ubox
189 369 0.003366634 ubox
189 390 0.010715872 ubox
190 195 0.027205246 ubox
190 199 0.172028792 ubox
190 208 0.015986275 ubox
190 381 0.045709661 ubox
190 384 0.009240534 ubox
190 389 0.010258216 ubox
191 198 0.163753724 ubox
191 207 0.016128612 ubox
191 380 0.045834316 ubox
191 383 0.011986777 ubox
192 197 0.146558063 ubox
192 379 0.044932787 ubox
192 382 0.012061579 ubox
192 385 0.003304276 ubox
193 381 0.011940185 ubox
193 384 0.003427892 ubox
194 205 0.046248154 ubox
194 208 0.053165786 ubox
194 363 0.003476074 ubox
194 381 0.003597341 ubox
195 204 0.048147418 ubox
195 207 0.053727009 ubox
195 246 0.003822931 ubox
195 362 0.003853462 ubox
195 374 0.042577995 ubox
195 375 0.011238695 ubox
195 379 0.012286983 ubox
195 380 0.003920307 ubox
195 434 0.004797890 ubox
196 202 0.004973896 ubox
196 203 0.048168191 ubox
196 206 0.053766642 ubox
196 245 0.003941651 ubox
196 361 0.003852273 ubox
196 373 0.042646900 ubox
196 374 0.011502341 ubox
196 378 0.014025445 ubox
196 433 0.004868657 ubox
197 201 0.006397455 ubox
197 205 0.047178986 ubox
197 226 0.004146859 ubox
197 244 0.004269602 ubox
197 369 0.003519751 ubox
197 372 0.041864587 ubox
197 377 0.013974547 ubox
197 432 0.004880623 ubox
198 205 0.053709992 ubox
198 208 0.005641264 ubox
198 211 0.005205152 ubox
198 221 0.004308979 ubox
198 225 0.004348848 ubox
198 243 0.004463317 ubox
198 359 0.003293593 ubox
198 369 0.141388858 ubox
198 371 0.026386052 ubox
198 376 0.007504630 ubox
198 431 0.004783528 ubox
199 204 0.112689214 ubox
199 207 0.022094215 ubox
199 210 0.007244987 ubox
199 220 0.009034053 ubox
199 223 0.003931803 ubox
199 242 0.004530188 ubox
199 283 0.003495802 ubox
199 358 0.003759062 ubox
199 368 0.205464961 ubox
199 375 0.003274972 ubox
199 404 0.011685173 ubox
199 430 0.007403139 ubox
199 435 0.012029504 ubox
200 222 0.004451752 ubox
200 223 0.005955481 ubox
200 282 0.003392442 ubox
200 357 0.003683560 ubox
200 367 0.205775592 ubox
200 402 0.003463624 ubox
200 403 0.011663507 ubox
200 435 0.005518693 ubox
201 212 0.006012852 ubox
201 222 0.006307995 ubox
201 366 0.205816773 ubox
201 401 0.003446385 ubox
201 402 0.010808878 ubox
201 435 0.005562031 ubox
202 211 0.006370813 ubox
202 219 0.081764645 ubox
202 221 0.004369692 ubox
202 226 0.090398681 ubox
202 235 0.013787082 ubox
202 238 0.008319409 ubox
202 365 0.205798899 ubox
202 372 0.003204474 ubox
202 432 0.220780047 ubox
203 218 0.084796178 ubox
203 225 0.091685811 ubox
203 230 0.013831473 ubox
203 234 0.014025093 ubox
203 237 0.008523220 ubox
203 364 0.205899791 ubox
203 371 0.003194806 ubox
203 431 0.226972546 ubox
204 221 0.010383321 ubox
204 224 0.091693582 ubox
204 229 0.013848629 ubox
204 232 0.021258553 ubox
204 236 0.008514764 ubox
204 363 0.205882647 ubox
204 400 0.009444112 ubox
204 428 0.625074597 ubox
204 431 0.115449789 ubox
205 216 0.135840435 ubox
205 220 0.010870620 ubox
205 222 0.016620516 ubox
205 223 0.086918434 ubox
205 228 0.013830516 ubox
205 231 0.027084140 ubox
205 360 0.003917348 ubox
205 362 0.202605096 ubox
205 399 0.009418893 ubox
205 427 0.631035063 ubox
205 429 0.383118896 ubox
205 430 0.134456771 ubox
206 215 0.136855888 ubox
206 221 0.023026631 ubox
206 225 0.006262485 ubox
206 227 0.013816953 ubox
206 230 0.028449879 ubox
206 359 0.006300096 ubox
206 426 0.630529122 ubox
206 428 0.274788652 ubox
207 221 0.086542724 ubox
207 224 0.006290049 ubox
207 229 0.028451085 ubox
207 232 0.010162883 ubox
207 359 0.086224016 ubox
207 426 0.039108537 ubox
207 428 0.566988205 ubox
207 431 0.018561914 ubox
208 216 0.187227060 ubox
208 220 0.084054529 ubox
208 222 0.010025908 ubox
208 223 0.004486762 ubox
208 228 0.028317915 ubox
208 231 0.011559039 ubox
208 358 0.085928876 ubox
208 360 0.048237977 ubox
208 396 0.005505192 ubox
208 424 0.624617937 ubox
208 425 0.035021150 ubox
208 427 0.631247103 ubox
208 429 0.133092774 ubox
208 430 0.004702503 ubox
209 215 0.187746601 ubox
209 221 0.010583431 ubox
209 225 0.031286109 ubox
209 227 0.028103566 ubox
209 230 0.011930792 ubox
209 359 0.048985751 ubox
209 395 0.005485176 ubox
209 423 0.615683159 ubox
209 426 0.619651944 ubox
209 428 0.134101322 ubox
210 224 0.031679405 ubox
210 229 0.011932349 ubox
210 300 0.029709376 ubox
210 303 0.004362299 ubox
210 423 0.077374498 ubox
210 426 0.177737886 ubox
210 431 0.015302526 ubox
211 222 0.005185510 ubox
211 223 0.030090002 ubox
211 228 0.011901850 ubox
211 299 0.029765512 ubox
211 302 0.004365162 ubox
211 357 0.039187134 ubox
211 360 0.005266605 ubox
211 422 0.089675824 ubox
211 425 0.212065893 ubox
211 430 0.015256854 ubox
212 221 0.006776215 ubox
212 224 0.016377156 ubox
212 227 0.011405527 ubox
212 298 0.029247876 ubox
212 301 0.004229882 ubox
212 307 0.005945622 ubox
212 356 0.038546474 ubox
212 359 0.005251144 ubox
212 423 0.589578885 ubox
212 426 0.006644586 ubox
212 431 0.004527340 ubox
213 223 0.015203379 ubox
213 306 0.006751203 ubox
213 353 0.085980185 ubox
213 354 0.017415739 ubox
213 422 0.850619993 ubox
213 425 0.013922704 ubox
213 430 0.005584886 ubox
214 222 0.013787001 ubox
214 223 0.030228233 ubox
214 296 0.029852943 ubox
214 306 0.003543649 ubox
214 352 0.088154648 ubox
214 353 0.017385507 ubox
214 354 0.010295717 ubox
214 421 0.868304864 ubox
214 422 0.008707013 ubox
214 425 0.244113089 ubox
215 222 0.038126151 ubox
215 295 0.030301430 ubox
215 304 0.086610441 ubox
215 305 0.003816132 ubox
215 344 0.003519200 ubox
215 351 0.087869560 ubox
215 352 0.016793707 ubox
215 353 0.007657403 ubox
215 360 0.009045145 ubox
215 420 0.870038749 ubox
215 424 0.247696464 ubox
215 427 0.058646216 ubox
216 221 0.038927412 ubox
216 224 0.011107156 ubox
216 291 0.003636445 ubox
216 294 0.030253481 ubox
216 303 0.086902977 ubox
216 343 0.003542534 ubox
216 350 0.087527779 ubox
216 359 0.009213630 ubox
216 414 0.003727874 ubox
216 419 0.869235087 ubox
216 423 0.247686364 ubox
216 426 0.058819538 ubox
217 223 0.010927007 ubox
217 286 0.004685680 ubox
217 290 0.004118511 ubox
217 296 0.005333396 ubox
217 302 0.086491210 ubox
217 346 0.009619073 ubox
217 352 0.004717455 ubox
217 353 0.005265303 ubox
217 354 0.039340927 ubox
217 403 0.116619422 ubox
217 409 0.003262124 ubox
217 413 0.004603782 ubox
217 421 0.016953050 ubox
217 422 0.243871143 ubox
217 425 0.058830496 ubox
218 222 0.007976069 ubox
218 285 0.005360026 ubox
218 295 0.011755800 ubox
218 341 0.003664483 ubox
218 345 0.009725771 ubox
218 347 0.018337264 ubox
218 352 0.005082957 ubox
218 353 0.049552703 ubox
218 354 0.037186884 ubox
218 355 0.035442722 ubox
218 358 0.006395928 ubox
218 361 0.172510392 ubox
218 402 0.144357841 ubox
218 403 0.004677892 ubox
218 404 0.006146468 ubox
218 408 0.003229429 ubox
218 410 0.013714371 ubox
218 420 0.023527777 ubox
218 421 0.186227864 ubox
218 422 0.034183258 ubox
218 424 0.058693929 ubox
219 228 0.005712675 ubox
219 290 0.035338731 ubox
219 340 0.003762350 ubox
219 346 0.017824315 ubox
219 352 0.050701163 ubox
219 353 0.039930732 ubox
219 354 0.034138958 ubox
219 357 0.006251986 ubox
219 360 0.172677173 ubox
219 401 0.147283719 ubox
219 402 0.003583326 ubox
219 403 0.004674451 ubox
219 409 0.013641885 ubox
219 421 0.054172395 ubox
220 227 0.006288727 ubox
220 289 0.037540972 ubox
220 291 0.004614292 ubox
220 294 0.019206561 ubox
220 300 0.101637725 ubox
220 303 0.005938004 ubox
220 339 0.003789726 ubox
220 343 0.006119191 ubox
220 359 0.172691174 ubox
220 400 0.149297887 ubox
220 414 0.486576247 ubox
220 423 0.029083780 ubox
221 285 0.040425874 ubox
221 290 0.004213504 ubox
221 293 0.019515211 ubox
221 299 0.102485570 ubox
221 302 0.005929442 ubox
221 338 0.003784035 ubox
221 342 0.006087860 ubox
221 344 0.007950681 ubox
221 351 0.123641082 ubox
221 358 0.159239073 ubox
221 399 0.149132857 ubox
221 407 0.013929110 ubox
221 413 0.474355496 ubox
221 416 0.168790592 ubox
221 420 0.251332339 ubox
221 422 0.005572156 ubox
222 284 0.037883179 ubox
222 288 0.022907329 ubox
222 292 0.019215551 ubox
222 298 0.102925797 ubox
222 301 0.005989771 ubox
222 337 0.003276552 ubox
222 343 0.006721082 ubox
222 350 0.129687363 ubox
222 356 0.008066307 ubox
222 398 0.127323908 ubox
222 406 0.009969258 ubox
222 412 0.335595733 ubox
222 415 0.164740942 ubox
222 419 0.251853613 ubox
223 247 0.004587905 ubox
223 284 0.081535887 ubox
223 287 0.024187957 ubox
223 291 0.017210013 ubox
223 297 0.102907699 ubox
223 300 0.005741216 ubox
223 343 0.003597073 ubox
223 349 0.169872556 ubox
223 356 0.147669039 ubox
223 398 0.054965054 ubox
223 406 0.024717532 ubox
223 412 0.790437049 ubox
223 414 0.103599712 ubox
223 418 0.251887128 ubox
224 246 0.004997215 ubox
224 251 0.064571402 ubox
224 281 0.009407549 ubox
224 282 0.062565311 ubox
224 283 0.088810232 ubox
224 286 0.023490496 ubox
224 290 0.011639943 ubox
224 296 0.102837822 ubox
224 299 0.004153823 ubox
224 305 0.004883909 ubox
224 342 0.004947367 ubox
224 348 0.172757128 ubox
224 354 0.009081641 ubox
224 355 0.149320748 ubox
224 397 0.077726834 ubox
224 405 0.028960998 ubox
224 408 0.005323475 ubox
224 409 0.006183458 ubox
224 410 0.018341430 ubox
224 411 0.872758344 ubox
224 413 0.007027779 ubox
224 417 0.252019711 ubox
224 434 0.003963590 ubox
225 245 0.004814328 ubox
225 246 0.003362748 ubox
225 250 0.081555996 ubox
225 280 0.007960986 ubox
225 281 0.101030299 ubox
225 282 0.081003541 ubox
225 283 0.126051718 ubox
225 285 0.020655052 ubox
225 295 0.102403769 ubox
225 304 0.004866642 ubox
225 341 0.004637944 ubox
225 347 0.172713165 ubox
225 353 0.025294921 ubox
225 354 0.121607850 ubox
225 355 0.009105251 ubox
225 396 0.059061589 ubox
225 404 0.028963245 ubox
225 407 0.005306079 ubox
225 408 0.008325958 ubox
225 409 0.016640433 ubox
225 410 0.872853917 ubox
225 416 0.251507180 ubox
225 433 0.003975080 ubox
226 245 0.003275772 ubox
226 249 0.082285705 ubox
226 282 0.127564783 ubox
226 286 0.004808317 ubox
226 296 0.003202516 ubox
226 340 0.004495920 ubox
226 346 0.168897837 ubox
226 352 0.034512161 ubox
226 353 0.109540397 ubox
226 354 0.009817668 ubox
226 403 0.028178953 ubox
226 409 0.871379925 ubox
227 242 0.049896091 ubox
227 248 0.082537359 ubox
227 280 0.404219136 ubox
227 281 0.091793324 ubox
227 285 0.005687652 ubox
227 293 0.017314186 ubox
227 295 0.003446956 ubox
227 344 0.008864714 ubox
227 345 0.087500698 ubox
227 351 0.041180338 ubox
227 352 0.019269867 ubox
227 399 0.016527266 ubox
227 402 0.003199595 ubox
227 407 0.611304456 ubox
227 408 0.614719575 ubox
227 413 0.224821215 ubox
227 416 0.011301330 ubox
228 241 0.050176857 ubox
228 247 0.082672071 ubox
228 279 0.421870126 ubox
228 284 0.005578661 ubox
228 287 0.007975914 ubox
228 292 0.015934316 ubox
228 294 0.003357187 ubox
228 343 0.011865058 ubox
228 349 0.037219544 ubox
228 350 0.027410890 ubox
228 398 0.019157950 ubox
228 406 0.863177574 ubox
228 412 0.225035860 ubox
228 415 0.019248163 ubox
229 240 0.050206923 ubox
229 246 0.082691147 ubox
229 251 0.003507899 ubox
229 278 0.430432021 ubox
229 281 0.027426365 ubox
229 283 0.004205503 ubox
229 286 0.008106597 ubox
229 293 0.003266049 ubox
229 342 0.007499485 ubox
229 345 0.013323748 ubox
229 348 0.043049145 ubox
229 352 0.010307852 ubox
229 397 0.019216506 ubox
229 404 0.005723449 ubox
229 405 0.864749333 ubox
229 408 0.023647893 ubox
229 411 0.224989768 ubox
230 239 0.050242772 ubox
230 245 0.082174545 ubox
230 250 0.005782027 ubox
230 277 0.430592486 ubox
230 280 0.028033754 ubox
230 282 0.003298933 ubox
230 285 0.007846613 ubox
230 290 0.010675732 ubox
230 344 0.014235580 ubox
230 347 0.043013970 ubox
230 351 0.011546989 ubox
230 396 0.019054401 ubox
230 399 0.009222226 ubox
230 403 0.005269192 ubox
230 404 0.863696728 ubox
230 407 0.026950848 ubox
230 410 0.224771665 ubox
230 413 0.021955584 ubox
231 238 0.050008166 ubox
231 241 0.003426039 ubox
231 243 0.067174666 ubox
231 244 0.059744568 ubox
231 274 0.016450186 ubox
231 276 0.419389929 ubox
231 279 0.028305404 ubox
231 284 0.007476124 ubox
231 287 0.183335559 ubox
231 289 0.016662742 ubox
231 343 0.014232332 ubox
231 349 0.127492595 ubox
231 350 0.010929228 ubox
231 395 0.017330425 ubox
231 398 0.015987219 ubox
231 400 0.087419700 ubox
231 406 0.027073261 ubox
231 412 0.022017150 ubox
232 239 0.011090221 ubox
232 242 0.088276960 ubox
232 248 0.035651242 ubox
232 273 0.019172440 ubox
232 277 0.012179563 ubox
232 278 0.028032756 ubox
232 280 0.007326234 ubox
232 283 0.006766846 ubox
232 285 0.852288173 ubox
232 286 0.036915037 ubox
232 342 0.014016645 ubox
232 344 0.008206902 ubox
232 348 0.130670532 ubox
232 397 0.013890898 ubox
232 399 0.090442986 ubox
232 401 0.011061620 ubox
232 405 0.025124655 ubox
232 407 0.172183356 ubox
232 411 0.022024062 ubox
233 238 0.011052645 ubox
233 241 0.088169266 ubox
233 243 0.011430773 ubox
233 247 0.038296536 ubox
233 254 0.025569189 ubox
233 274 0.378855653 ubox
233 276 0.012042228 ubox
233 279 0.007234026 ubox
233 284 0.857501676 ubox
233 343 0.008111215 ubox
233 349 0.010908016 ubox
233 398 0.087677281 ubox
233 400 0.009492506 ubox
233 406 0.172038640 ubox
234 240 0.084232654 ubox
234 242 0.012113657 ubox
234 246 0.038600348 ubox
234 250 0.012895049 ubox
234 252 0.012441393 ubox
234 253 0.028446076 ubox
234 270 0.095297772 ubox
234 273 0.427518119 ubox
234 278 0.004858245 ubox
234 283 0.858180378 ubox
234 342 0.007738351 ubox
234 347 0.136874696 ubox
234 348 0.007987154 ubox
234 397 0.083380083 ubox
234 399 0.010076581 ubox
234 404 0.020601883 ubox
234 405 0.170837909 ubox
234 410 0.022386290 ubox
235 245 0.038312269 ubox
235 248 0.006001458 ubox
235 249 0.014245459 ubox
235 251 0.036614139 ubox
235 252 0.038518467 ubox
235 269 0.098016893 ubox
235 272 0.429269327 ubox
235 282 0.858161069 ubox
235 341 0.006783780 ubox
235 346 0.137913106 ubox
235 403 0.022533555 ubox
235 409 0.022965754 ubox
236 246 0.006103398 ubox
236 248 0.013391522 ubox
236 250 0.041070816 ubox
236 251 0.044325881 ubox
236 268 0.098523859 ubox
236 271 0.429527895 ubox
236 278 0.008629762 ubox
236 281 0.858254413 ubox
236 340 0.004152036 ubox
236 342 0.003731556 ubox
236 345 0.138056862 ubox
236 348 0.023651936 ubox
236 397 0.005685785 ubox
236 402 0.018871501 ubox
236 403 0.142529322 ubox
236 404 0.072991451 ubox
236 405 0.021606330 ubox
236 408 0.022968093 ubox
237 245 0.004874774 ubox
237 246 0.051240952 ubox
237 249 0.040249802 ubox
237 250 0.047034885 ubox
237 267 0.098532786 ubox
237 270 0.429502812 ubox
237 277 0.009046124 ubox
237 280 0.857418434 ubox
237 341 0.003910610 ubox
237 344 0.137305981 ubox
237 347 0.023724334 ubox
237 396 0.005264362 ubox
237 401 0.012350588 ubox
237 402 0.152798049 ubox
237 403 0.068826188 ubox
237 404 0.023008233 ubox
237 407 0.022931441 ubox
238 245 0.055758056 ubox
238 248 0.039949952 ubox
238 249 0.046026303 ubox
238 251 0.006457403 ubox
238 252 0.005814418 ubox
238 265 0.004422126 ubox
238 266 0.096730773 ubox
238 269 0.420386762 ubox
238 290 0.004719453 ubox
238 340 0.006565620 ubox
238 346 0.022920421 ubox
238 401 0.154563800 ubox
238 402 0.062769751 ubox
238 403 0.022690338 ubox
239 255 0.017654441 ubox
239 256 0.003632994 ubox
239 262 0.019443641 ubox
239 289 0.005433205 ubox
239 339 0.006581094 ubox
239 400 0.154934868 ubox
240 254 0.020236535 ubox
240 255 0.003569530 ubox
240 261 0.019184893 ubox
240 274 0.043394955 ubox
240 288 0.005049668 ubox
241 253 0.020480740 ubox
241 260 0.015300049 ubox
241 273 0.044308510 ubox
241 290 0.003830058 ubox
241 340 0.067280387 ubox
241 401 0.039704752 ubox
242 261 0.052840387 ubox
242 289 0.004103573 ubox
242 291 0.003761951 ubox
242 303 0.018823339 ubox
242 337 0.004260756 ubox
242 339 0.067541137 ubox
242 400 0.041026350 ubox
243 249 0.034309792 ubox
243 252 0.043500008 ubox
243 253 0.050139749 ubox
243 260 0.038806239 ubox
243 266 0.038532509 ubox
243 273 0.035461757 ubox
243 290 0.003767317 ubox
243 302 0.013586393 ubox
243 336 0.003537935 ubox
244 248 0.032154845 ubox
244 251 0.045243372 ubox
244 252 0.057497808 ubox
244 260 0.101857385 ubox
244 265 0.039268434 ubox
244 272 0.019444277 ubox
244 302 0.085505965 ubox
244 401 0.003913361 ubox
245 256 0.008108460 ubox
245 257 0.012274356 ubox
245 259 0.109236949 ubox
245 262 0.385604505 ubox
245 264 0.030208929 ubox
245 292 0.078805035 ubox
245 301 0.094990956 ubox
245 393 0.003408437 ubox
245 400 0.003640698 ubox
245 415 0.004479000 ubox
246 255 0.009773359 ubox
246 256 0.012267329 ubox
246 258 0.109077718 ubox
246 261 0.420042367 ubox
246 291 0.081077004 ubox
246 300 0.095410566 ubox
246 303 0.007685286 ubox
246 337 0.004996802 ubox
246 392 0.003468173 ubox
246 414 0.005045553 ubox
247 260 0.416598954 ubox
247 290 0.080821915 ubox
247 299 0.095262936 ubox
247 302 0.007710675 ubox
247 336 0.003738661 ubox
247 391 0.003450257 ubox
247 413 0.005033185 ubox
248 255 0.007295011 ubox
248 256 0.018197714 ubox
248 257 0.101351744 ubox
248 258 0.140203055 ubox
248 259 0.328474404 ubox
248 275 0.020055664 ubox
248 276 0.050554876 ubox
248 289 0.073557205 ubox
248 292 0.015830916 ubox
248 298 0.094016595 ubox
248 301 0.007535798 ubox
248 390 0.003171831 ubox
248 412 0.004839084 ubox
249 254 0.007400301 ubox
249 255 0.016608818 ubox
249 256 0.102363891 ubox
249 257 0.207293614 ubox
249 258 0.200731889 ubox
249 259 0.226496292 ubox
249 274 0.018210724 ubox
249 275 0.048924665 ubox
249 288 0.044072225 ubox
249 291 0.016148289 ubox
249 292 0.038909091 ubox
249 297 0.082124940 ubox
249 300 0.006994201 ubox
250 255 0.102947159 ubox
250 256 0.231018252 ubox
250 258 0.311548226 ubox
250 289 0.058531714 ubox
250 291 0.040903099 ubox
251 255 0.210646517 ubox
251 257 0.310806034 ubox
251 258 0.003754642 ubox
251 275 0.288728469 ubox
251 276 0.505256352 ubox
251 288 0.049712325 ubox
251 289 0.083522896 ubox
252 256 0.286902541 ubox
252 257 0.008212428 ubox
252 274 0.281214977 ubox
252 275 0.545452693 ubox
252 276 0.045148302 ubox
252 287 0.037957442 ubox
252 288 0.135183778 ubox
252 415 0.003762921 ubox
253 257 0.003556295 ubox
253 274 0.542953271 ubox
253 275 0.043396063 ubox
253 287 0.150909094 ubox
253 288 0.003428830 ubox
253 414 0.003964767 ubox
254 269 0.062178406 ubox
254 272 0.754828447 ubox
254 273 0.428482203 ubox
254 286 0.154877109 ubox
254 413 0.003979084 ubox
255 268 0.076552114 ubox
255 269 0.004213683 ubox
255 270 0.003310307 ubox
255 271 0.837749158 ubox
255 272 0.269596907 ubox
255 278 0.004222773 ubox
255 285 0.155050303 ubox
255 286 0.008682462 ubox
255 348 0.024501019 ubox
255 405 0.010103313 ubox
255 411 0.007429726 ubox
256 267 0.076613354 ubox
256 268 0.005716057 ubox
256 270 0.838518170 ubox
256 271 0.267701768 ubox
256 273 0.024676967 ubox
256 277 0.004221002 ubox
256 283 0.136033582 ubox
256 285 0.010089704 ubox
256 347 0.024583236 ubox
256 404 0.010176642 ubox
256 410 0.007446256 ubox
257 265 0.003412435 ubox
257 266 0.076164004 ubox
257 269 0.838546247 ubox
257 272 0.026010874 ubox
257 282 0.136087951 ubox
257 346 0.024563162 ubox
257 403 0.010172403 ubox
257 409 0.007445441 ubox
258 265 0.056794330 ubox
258 266 0.017214201 ubox
258 267 0.396202871 ubox
258 268 0.736523590 ubox
258 270 0.263238593 ubox
258 271 0.026260111 ubox
258 281 0.134962070 ubox
258 283 0.077130913 ubox
258 345 0.024157097 ubox
258 402 0.010150310 ubox
258 408 0.007433818 ubox
259 265 0.051143195 ubox
259 266 0.553031545 ubox
259 269 0.260130275 ubox
259 282 0.076335136 ubox
259 401 0.010121824 ubox
260 264 0.053024714 ubox
260 279 0.130809298 ubox
260 400 0.009724472 ubox
260 406 0.007241663 ubox
261 267 0.152521281 ubox
261 268 0.264226077 ubox
261 269 0.004494583 ubox
261 270 0.003549267 ubox
261 271 0.007689300 ubox
261 278 0.135108829 ubox
261 281 0.085588013 ubox
261 305 0.010390979 ubox
261 345 0.004441831 ubox
261 399 0.007922500 ubox
261 405 0.007302452 ubox
262 266 0.103260558 ubox
262 267 0.262984942 ubox
262 268 0.007095656 ubox
262 270 0.007801699 ubox
262 271 0.003881722 ubox
262 277 0.134791234 ubox
262 280 0.086455006 ubox
262 304 0.010510268 ubox
262 344 0.004854826 ubox
262 404 0.007285416 ubox
263 279 0.086455149 ubox
263 303 0.010528162 ubox
263 343 0.004843571 ubox
264 302 0.010505636 ubox
265 275 0.021862066 ubox
265 276 0.032275784 ubox
265 301 0.009643354 ubox
266 274 0.021743024 ubox
266 275 0.036338165 ubox
266 300 0.008917828 ubox
269 301 0.004366516 ubox
270 291 0.003525848 ubox
270 300 0.004987144 ubox
271 289 0.019239662 ubox
272 288 0.019530342 ubox
272 298 0.007646397 ubox
272 301 0.009617554 ubox
273 287 0.019578436 ubox
273 297 0.010193082 ubox
273 300 0.012051204 ubox
274 286 0.018995530 ubox
274 296 0.010482189 ubox
274 299 0.011830043 ubox
274 403 0.009555181 ubox
275 402 0.011440326 ubox
275 403 0.003799016 ubox
276 290 0.006237863 ubox
276 401 0.011802884 ubox
276 402 0.003998247 ubox
277 289 0.006920902 ubox
277 400 0.010885468 ubox
278 291 0.040495673 ubox
278 294 0.025437046 ubox
278 300 0.006369843 ubox
278 400 0.008918683 ubox
279 290 0.045847004 ubox
279 293 0.028820987 ubox
279 295 0.198066841 ubox
279 304 0.018355121 ubox
279 399 0.010092541 ubox
280 289 0.046596752 ubox
280 294 0.201061413 ubox
280 303 0.018776081 ubox
281 289 0.027354285 ubox
281 350 0.005663813 ubox
282 288 0.027221972 ubox
282 292 0.398852189 ubox
282 301 0.053570507 ubox
282 349 0.005446361 ubox
282 415 0.007913946 ubox
283 291 0.412193091 ubox
283 300 0.055894650 ubox
283 303 0.009304183 ubox
283 414 0.008192996 ubox
284 290 0.412151588 ubox
284 299 0.054877922 ubox
284 302 0.009153492 ubox
284 413 0.007848401 ubox
285 289 0.409640324 ubox
285 350 0.016403579 ubox
285 400 0.003170576 ubox
286 297 0.042800131 ubox
286 300 0.007597202 ubox
286 349 0.019175661 ubox
287 296 0.034670049 ubox
287 299 0.007148094 ubox
287 353 0.117446018 ubox
287 354 0.005369531 ubox
287 402 0.017591552 ubox
287 403 0.009290502 ubox
288 296 0.054117678 ubox
288 306 0.004627500 ubox
288 346 0.103997123 ubox
288 352 0.152909683 ubox
288 353 0.004627481 ubox
288 401 0.018629706 ubox
288 402 0.010069585 ubox
288 403 0.003499905 ubox
288 409 0.004381497 ubox
289 295 0.062474203 ubox
289 299 0.006876561 ubox
289 302 0.003850601 ubox
289 304 0.013967982 ubox
289 305 0.005827195 ubox
289 344 0.686372266 ubox
289 345 0.086428772 ubox
289 351 0.161080884 ubox
289 357 0.006182500 ubox
289 399 0.069582240 ubox
289 401 0.008219322 ubox
289 407 0.016971949 ubox
289 408 0.004165355 ubox
290 294 0.058822814 ubox
290 297 0.003577217 ubox
290 298 0.007160993 ubox
290 301 0.004009962 ubox
290 303 0.013950282 ubox
290 343 0.690413026 ubox
290 349 0.179800620 ubox
290 350 0.152429715 ubox
290 356 0.006418404 ubox
290 398 0.068987809 ubox
290 400 0.006919593 ubox
290 406 0.016984848 ubox
291 296 0.003348031 ubox
291 302 0.009879261 ubox
291 341 0.087811737 ubox
291 342 0.688655424 ubox
291 347 0.529632518 ubox
291 348 0.149805429 ubox
291 355 0.006427177 ubox
291 397 0.066286266 ubox
291 399 0.007043669 ubox
291 402 0.021831743 ubox
291 405 0.016140402 ubox
292 340 0.494119440 ubox
292 341 0.487490861 ubox
292 346 0.539639841 ubox
292 354 0.006200332 ubox
292 401 0.025112695 ubox
293 300 0.087455145 ubox
293 303 0.036024737 ubox
293 339 0.693504447 ubox
293 343 0.050917310 ubox
293 400 0.025791464 ubox
294 299 0.052809113 ubox
294 302 0.029672128 ubox
294 304 0.120726714 ubox
294 313 0.004009601 ubox
294 338 0.693720248 ubox
294 340 0.009698074 ubox
294 342 0.050605256 ubox
294 344 0.626160974 ubox
294 351 0.011232020 ubox
294 399 0.021792065 ubox
295 303 0.132976830 ubox
295 312 0.003982613 ubox
295 337 0.692701301 ubox
295 339 0.009702346 ubox
295 343 0.627905790 ubox
295 350 0.011305519 ubox
296 303 0.014779981 ubox
296 337 0.010575560 ubox
296 349 0.011231976 ubox
297 302 0.017384620 ubox
297 311 0.004785637 ubox
297 336 0.023038920 ubox
297 341 0.619330825 ubox
297 402 0.004337802 ubox
298 310 0.005009588 ubox
298 336 0.007623928 ubox
298 340 0.648103076 ubox
298 401 0.004864551 ubox
299 309 0.005027237 ubox
299 339 0.648491087 ubox
299 343 0.014276368 ubox
299 400 0.004900535 ubox
300 308 0.005023140 ubox
300 311 0.004247047 ubox
300 336 0.007472934 ubox
300 338 0.648590254 ubox
300 341 0.012612337 ubox
300 342 0.016865058 ubox
300 399 0.004909754 ubox
301 310 0.004655322 ubox
301 336 0.008884203 ubox
301 340 0.014474222 ubox
301 341 0.015923537 ubox
302 309 0.004703705 ubox
302 337 0.631649102 ubox
302 339 0.015057548 ubox
303 308 0.004688273 ubox
303 336 0.961708039 ubox
303 338 0.012648678 ubox
304 335 0.984610000 ubox
304 337 0.009675509 ubox
305 334 0.989431684 ubox
305 335 0.003497163 ubox
306 331 0.006235633 ubox
306 333 0.996752891 ubox
307 330 0.007068987 ubox
307 332 0.999160832 ubox
308 329 0.007272481 ubox
308 331 0.999920991 ubox
309 328 0.006733602 ubox
309 330 0.999181054 ubox
310 329 0.947938220 ubox
311 329 0.020382055 ubox
312 327 0.995374682 ubox
312 328 0.019906642 ubox
313 326 0.937949232 ubox
314 325 0.876345656 ubox
314 326 0.346671080 ubox
314 365 0.003185610 ubox
315 324 0.809740368 ubox
315 325 0.481636041 ubox
315 364 0.003245541 ubox
316 324 0.586276884 ubox
316 363 0.003285708 ubox
317 323 0.671098549 ubox
317 362 0.003325088 ubox
318 322 0.664965229 ubox
318 361 0.003324899 ubox
319 360 0.003268246 ubox
325 352 0.003283956 ubox
326 351 0.003876066 ubox
327 350 0.003880968 ubox
328 349 0.003875483 ubox
329 348 0.003869184 ubox
333 346 0.004093281 ubox
334 345 0.004611750 ubox
335 344 0.004818639 ubox
336 343 0.005440722 ubox
337 342 0.006127943 ubox
337 344 0.056461765 ubox
337 351 0.004846784 ubox
337 401 0.008545691 ubox
338 343 0.057227530 ubox
338 350 0.004895221 ubox
338 400 0.009621289 ubox
339 399 0.009647641 ubox
340 398 0.009389131 ubox
342 400 0.010862463 ubox
343 351 0.021187898 ubox
343 396 0.003891798 ubox
343 399 0.010902641 ubox
343 401 0.013335018 ubox
344 350 0.021533715 ubox
344 395 0.003868692 ubox
344 400 0.014393626 ubox
348 371 0.004237402 ubox
348 414 0.003168704 ubox
348 423 0.013713648 ubox
348 426 0.006082388 ubox
349 367 0.006455209 ubox
349 370 0.004174002 ubox
349 375 0.004561716 ubox
349 379 0.018129285 ubox
349 402 0.027221722 ubox
349 403 0.004288105 ubox
349 421 0.019449704 ubox
349 422 0.009792287 ubox
349 425 0.007678116 ubox
350 360 0.015493597 ubox
350 366 0.008362804 ubox
350 374 0.005155044 ubox
350 378 0.020638063 ubox
350 396 0.922249928 ubox
350 401 0.033224965 ubox
350 420 0.023299147 ubox
350 424 0.008063824 ubox
351 359 0.016191729 ubox
351 365 0.008508049 ubox
351 395 0.921651587 ubox
351 400 0.033745655 ubox
351 419 0.023332432 ubox
351 423 0.008023735 ubox
352 364 0.008349589 ubox
352 377 0.022349765 ubox
352 394 0.752560417 ubox
352 395 0.121634552 ubox
352 418 0.022364177 ubox
353 363 0.007256513 ubox
353 376 0.023049052 ubox
353 389 0.003173970 ubox
353 393 0.534291313 ubox
353 394 0.569518647 ubox
353 395 0.003559686 ubox
354 364 0.003694606 ubox
354 372 0.006740072 ubox
354 388 0.003737771 ubox
354 390 0.007797851 ubox
354 392 0.087056392 ubox
354 393 0.793028129 ubox
354 394 0.005031140 ubox
354 415 0.020348734 ubox
355 363 0.004761486 ubox
355 364 0.003469762 ubox
355 371 0.006992603 ubox
355 384 0.027119534 ubox
355 389 0.008736803 ubox
355 392 0.956590450 ubox
355 414 0.020764635 ubox
356 366 0.010272410 ubox
356 370 0.006671481 ubox
356 373 0.034209958 ubox
356 383 0.026749712 ubox
356 385 0.008306691 ubox
356 391 0.960193129 ubox
356 401 0.007555858 ubox
356 413 0.020679191 ubox
357 364 0.004320982 ubox
357 365 0.011021695 ubox
357 369 0.006042174 ubox
357 372 0.036293120 ubox
357 384 0.005682466 ubox
357 390 0.960363915 ubox
357 393 0.051976332 ubox
357 412 0.020219706 ubox
357 415 0.009027049 ubox
358 363 0.005394426 ubox
358 364 0.011891237 ubox
358 371 0.036395009 ubox
358 381 0.026499532 ubox
358 384 0.067348375 ubox
358 389 0.959901950 ubox
358 392 0.055837320 ubox
358 400 0.073762404 ubox
358 414 0.009184167 ubox
359 370 0.036214133 ubox
359 378 0.009567725 ubox
359 380 0.026510192 ubox
359 382 0.014342883 ubox
359 383 0.085551582 ubox
359 385 0.045855058 ubox
359 387 0.767156004 ubox
359 391 0.056470414 ubox
359 399 0.074224155 ubox
359 413 0.009155002 ubox
360 369 0.036018319 ubox
360 377 0.009403157 ubox
360 384 0.039305410 ubox
360 386 0.750247557 ubox
360 390 0.056623493 ubox
360 398 0.069482873 ubox
360 412 0.009029245 ubox
360 415 0.003166763 ubox
361 389 0.056614093 ubox
362 381 0.953438223 ubox
362 384 0.129176637 ubox
362 400 0.013681415 ubox
363 374 0.003268315 ubox
363 375 0.038045296 ubox
363 379 0.003831641 ubox
363 380 0.965690334 ubox
363 383 0.058305628 ubox
363 397 0.077677146 ubox
363 399 0.013768353 ubox
363 409 0.009307298 ubox
364 373 0.003238294 ubox
364 374 0.041473445 ubox
364 375 0.011194965 ubox
364 378 0.006596796 ubox
364 379 0.966394637 ubox
364 380 0.015570699 ubox
364 382 0.028262015 ubox
364 383 0.005907753 ubox
364 396 0.077896849 ubox
364 397 0.016702795 ubox
364 408 0.009534461 ubox
364 417 0.023010221 ubox
365 373 0.042630469 ubox
365 374 0.017177478 ubox
365 378 0.968297422 ubox
365 385 0.003188065 ubox
365 387 0.031942093 ubox
365 396 0.016766157 ubox
365 407 0.009534535 ubox
365 416 0.023057144 ubox
366 372 0.043057518 ubox
366 377 0.966377028 ubox
366 386 0.030508101 ubox
366 394 0.078673192 ubox
366 395 0.014491576 ubox
366 406 0.009018140 ubox
366 415 0.016420339 ubox
367 371 0.039965984 ubox
367 376 0.945022192 ubox
367 393 0.079526449 ubox
367 394 0.011424653 ubox
367 415 0.016621990 ubox
368 384 0.034745214 ubox
368 392 0.080001806 ubox
368 414 0.023250222 ubox
369 382 0.076510745 ubox
369 383 0.025591755 ubox
369 385 0.012083356 ubox
369 391 0.075724246 ubox
369 401 0.006004508 ubox
369 413 0.023400327 ubox
370 376 0.024012320 ubox
370 381 0.086996821 ubox
370 384 0.013429437 ubox
370 388 0.008471319 ubox
370 390 0.065365383 ubox
370 398 0.005574866 ubox
370 400 0.006771412 ubox
370 412 0.023394100 ubox
371 375 0.026891338 ubox
371 380 0.090572655 ubox
371 383 0.014898629 ubox
371 387 0.009238244 ubox
371 391 0.007135160 ubox
371 397 0.005844288 ubox
371 399 0.006975670 ubox
371 402 0.010100302 ubox
371 404 0.006028511 ubox
371 405 0.003817751 ubox
371 411 0.023153894 ubox
372 379 0.085617287 ubox
372 382 0.015087722 ubox
372 385 0.004147734 ubox
372 391 0.163033803 ubox
372 401 0.010798894 ubox
372 403 0.006002823 ubox
372 409 0.004008986 ubox
373 381 0.014842099 ubox
373 384 0.003980500 ubox
373 390 0.177992926 ubox
373 400 0.010560403 ubox
374 389 0.179566156 ubox
374 395 0.014880312 ubox
375 384 0.015339877 ubox
375 386 0.023587908 ubox
375 388 0.173766607 ubox
375 394 0.014753416 ubox
376 383 0.016794795 ubox
376 385 0.021040498 ubox
376 391 0.003213872 ubox
376 402 0.007420464 ubox
377 382 0.013581690 ubox
377 385 0.175600287 ubox
377 401 0.008211684 ubox
378 384 0.181244058 ubox
378 389 0.022926459 ubox
378 395 0.029896613 ubox
378 400 0.008240500 ubox
378 419 0.006559734 ubox
379 388 0.022823875 ubox
379 390 0.035681849 ubox
379 393 0.043658759 ubox
379 394 0.021165591 ubox
379 415 0.003363271 ubox
379 418 0.006643857 ubox
380 389 0.037413119 ubox
380 392 0.050121666 ubox
380 400 0.018000157 ubox
380 414 0.003480682 ubox
381 387 0.026384688 ubox
381 391 0.051901126 ubox
381 396 0.003590838 ubox
381 399 0.018203954 ubox
381 413 0.003392058 ubox
381 416 0.014118764 ubox
382 386 0.024256769 ubox
382 390 0.052486766 ubox
382 393 0.003885881 ubox
382 395 0.003598330 ubox
382 398 0.017941312 ubox
382 415 0.014539231 ubox
383 388 0.005921710 ubox
383 389 0.052107279 ubox
383 392 0.004287529 ubox
383 394 0.003537168 ubox
383 406 0.005440418 ubox
383 414 0.014530405 ubox
384 391 0.009686079 ubox
384 396 0.017991595 ubox
384 405 0.007194661 ubox
384 407 0.003594353 ubox
384 411 0.003731112 ubox
384 413 0.014372874 ubox
384 429 0.007090977 ubox
385 390 0.009968742 ubox
385 395 0.017759947 ubox
385 406 0.003717211 ubox
385 412 0.014157054 ubox
385 428 0.007044983 ubox
387 426 0.009497021 ubox
388 403 0.024603700 ubox
388 409 0.014986169 ubox
388 425 0.009510320 ubox
389 402 0.031796003 ubox
389 404 0.004233643 ubox
389 408 0.015524380 ubox
389 410 0.004630965 ubox
389 424 0.009493601 ubox
390 401 0.032509762 ubox
390 403 0.004035454 ubox
390 409 0.004535512 ubox
391 398 0.005721496 ubox
391 400 0.032612859 ubox
391 406 0.015877393 ubox
391 423 0.004230875 ubox
392 397 0.006509760 ubox
392 399 0.032447502 ubox
392 403 0.007171065 ubox
392 404 0.192264152 ubox
392 405 0.014649831 ubox
393 402 0.008402325 ubox
393 403 0.194045679 ubox
393 422 0.009565551 ubox
394 401 0.009970383 ubox
394 402 0.196461094 ubox
394 403 0.005513536 ubox
394 421 0.012862307 ubox
394 425 0.006111104 ubox
395 401 0.198516309 ubox
395 402 0.006011979 ubox
395 420 0.014930212 ubox
395 424 0.008559694 ubox
395 429 0.003473633 ubox
396 400 0.198175297 ubox
396 419 0.014935873 ubox
396 423 0.007481541 ubox
396 428 0.003473994 ubox
397 414 0.012839892 ubox
397 423 0.062397164 ubox
397 426 0.003706894 ubox
398 413 0.011572506 ubox
398 422 0.062335123 ubox
398 425 0.003919348 ubox
399 414 0.046701430 ubox
399 423 0.006808491 ubox
400 407 0.060861468 ubox
400 413 0.045847012 ubox
400 416 0.037137963 ubox
400 420 0.064474785 ubox
400 422 0.005387001 ubox
400 424 0.007905883 ubox
401 406 0.055234816 ubox
401 412 0.044571048 ubox
401 415 0.038023609 ubox
401 419 0.064238933 ubox
401 423 0.007868745 ubox
402 414 0.037387521 ubox
402 415 0.004347189 ubox
402 418 0.056212979 ubox
403 414 0.004189243 ubox
403 415 0.036078806 ubox
403 418 0.003961233 ubox
404 414 0.035018221 ubox
405 414 0.074061833 ubox
405 423 0.008445765 ubox
406 413 0.067369823 ubox
406 422 0.008080269 ubox
408 419 0.016860889 ubox
409 415 0.027485275 ubox
409 418 0.016814671 ubox
410 414 0.028260858 ubox
411 423 0.015914034 ubox
412 422 0.015704257 ubox
414 422 0.003781016 ubox
415 421 0.003810054 ubox
415 435 0.003815557 ubox
417 423 0.015475018 ubox
417 426 0.039905272 ubox
417 431 0.405650779 ubox
418 422 0.012760540 ubox
418 425 0.043869837 ubox
418 430 0.406973580 ubox
419 424 0.044682312 ubox
419 427 0.040099103 ubox
419 429 0.407332738 ubox
419 434 0.003347420 ubox
420 426 0.040596236 ubox
420 428 0.407129894 ubox
423 427 0.018792860 ubox
423 429 0.007739720 ubox
424 428 0.007797401 ubox
