1 11 0.051297400 ubox
1 13 0.016503732 ubox
1 14 0.081633589 ubox
1 18 0.026132155 ubox
1 24 0.008010876 ubox
1 83 0.013599192 ubox
1 199 0.004882831 ubox
1 221 0.004530516 ubox
1 389 0.003627935 ubox
1 414 0.005126695 ubox
1 431 0.014771118 ubox
2 11 0.176005507 ubox
2 13 0.081826585 ubox
2 18 0.088572769 ubox
2 23 0.008026567 ubox
2 82 0.013840196 ubox
2 86 0.003487918 ubox
2 205 0.007459153 ubox
2 208 0.003364845 ubox
2 221 0.069298452 ubox
2 400 0.005028670 ubox
2 414 0.010596796 ubox
2 428 0.015093781 ubox
2 431 0.009503730 ubox
3 9 0.045600405 ubox
3 10 0.163444348 ubox
3 15 0.010992312 ubox
3 17 0.089767808 ubox
3 22 0.007392735 ubox
3 42 0.050106276 ubox
3 81 0.013708965 ubox
3 85 0.003357582 ubox
3 202 0.003598949 ubox
3 204 0.007216017 ubox
3 206 0.008756610 ubox
3 207 0.003374314 ubox
3 220 0.071153937 ubox
3 387 0.005673639 ubox
3 399 0.005125373 ubox
3 413 0.010357931 ubox
3 416 0.307808009 ubox
3 427 0.015132202 ubox
3 429 0.011334086 ubox
3 430 0.007181216 ubox
3 433 0.135154722 ubox
4 8 0.044151400 ubox
4 12 0.132541099 ubox
4 14 0.004568631 ubox
4 19 0.004920368 ubox
4 20 0.003278535 ubox
4 41 0.050333250 ubox
4 200 0.004278514 ubox
4 201 0.003962519 ubox
4 205 0.008649704 ubox
4 219 0.071185079 ubox
4 226 0.005155013 ubox
4 386 0.005590219 ubox
4 398 0.004417683 ubox
4 412 0.009695122 ubox
4 415 0.310050279 ubox
4 426 0.013744794 ubox
4 428 0.007135533 ubox
4 432 0.135824522 ubox
5 11 0.137717800 ubox
5 13 0.005456817 ubox
5 14 0.118736528 ubox
5 18 0.005157657 ubox
5 40 0.049999997 ubox
5 83 0.003359252 ubox
5 84 0.003343499 ubox
5 199 0.003897504 ubox
5 218 0.071021873 ubox
5 225 0.005305427 ubox
5 414 0.299882512 ubox
5 431 0.133056767 ubox
6 13 0.118926697 ubox
6 40 0.005924093 ubox
6 82 0.003372820 ubox
6 83 0.003352438 ubox
6 199 0.008983886 ubox
6 224 0.005312356 ubox
6 384 0.006464875 ubox
6 414 0.091520568 ubox
6 423 0.005992498 ubox
6 426 0.003223291 ubox
6 431 0.022340711 ubox
7 38 0.046030823 ubox
7 39 0.007316084 ubox
7 96 0.008205346 ubox
7 198 0.009144096 ubox
7 223 0.005286725 ubox
7 383 0.006479100 ubox
7 413 0.101969477 ubox
7 422 0.005970760 ubox
7 430 0.026991654 ubox
7 435 0.003625736 ubox
8 15 0.005333225 ubox
8 25 0.003610719 ubox
8 37 0.049175020 ubox
8 38 0.006738180 ubox
8 93 0.029559361 ubox
8 95 0.018411414 ubox
8 197 0.008978906 ubox
8 212 0.005800667 ubox
8 222 0.005195636 ubox
8 245 0.010761039 ubox
8 382 0.006372371 ubox
8 413 0.211949904 ubox
8 421 0.005465896 ubox
8 435 0.005434884 ubox
9 14 0.005197621 ubox
9 19 0.012933199 ubox
9 24 0.003575595 ubox
9 33 0.011069659 ubox
9 35 0.003565019 ubox
9 36 0.048638100 ubox
9 75 0.012903177 ubox
9 92 0.022030575 ubox
9 196 0.008690893 ubox
9 201 0.003256175 ubox
9 211 0.005673557 ubox
9 214 0.066459330 ubox
9 221 0.004792189 ubox
9 244 0.011756285 ubox
9 381 0.005140077 ubox
9 412 0.234877556 ubox
9 415 0.008783780 ubox
9 432 0.004849530 ubox
10 18 0.014526225 ubox
10 28 0.003915718 ubox
10 30 0.011279389 ubox
10 32 0.013855577 ubox
10 33 0.003720602 ubox
10 34 0.004214443 ubox
10 35 0.046166578 ubox
10 74 0.014039838 ubox
10 92 0.125746495 ubox
10 195 0.006702633 ubox
10 205 0.039351436 ubox
10 208 0.013477241 ubox
10 211 0.019309565 ubox
10 213 0.067398816 ubox
10 243 0.011975343 ubox
10 284 0.004926501 ubox
10 381 0.003792037 ubox
10 412 0.042596285 ubox
10 414 0.009069236 ubox
10 431 0.004530660 ubox
11 17 0.015135724 ubox
11 27 0.004805742 ubox
11 29 0.012732816 ubox
11 31 0.014595976 ubox
11 73 0.014218152 ubox
11 78 0.004998437 ubox
11 80 0.008259806 ubox
11 91 0.138681015 ubox
11 96 0.003209741 ubox
11 203 0.032261694 ubox
11 204 0.050993572 ubox
11 207 0.022397825 ubox
11 210 0.020332286 ubox
11 212 0.066673401 ubox
11 242 0.011948833 ubox
11 283 0.005317007 ubox
11 347 0.004387504 ubox
11 380 0.005317561 ubox
11 410 0.335832968 ubox
11 411 0.032839787 ubox
11 430 0.003387524 ubox
11 435 0.032260628 ubox
12 26 0.004814045 ubox
12 27 0.010315660 ubox
12 72 0.014246491 ubox
12 77 0.005004134 ubox
12 79 0.008314339 ubox
12 90 0.138691545 ubox
12 95 0.005790923 ubox
12 202 0.032301375 ubox
12 282 0.005320334 ubox
12 346 0.004454925 ubox
12 375 0.005143637 ubox
12 379 0.005191381 ubox
12 409 0.338303143 ubox
12 430 0.006560903 ubox
12 435 0.686275996 ubox
13 22 0.015608109 ubox
13 25 0.003654687 ubox
13 26 0.010882228 ubox
13 27 0.006442980 ubox
13 71 0.014249914 ubox
13 76 0.004941077 ubox
13 78 0.008269369 ubox
13 89 0.138122626 ubox
13 94 0.006134719 ubox
13 194 0.010503360 ubox
13 203 0.125785143 ubox
13 204 0.173972820 ubox
13 207 0.040825729 ubox
13 210 0.068576057 ubox
13 240 0.011747678 ubox
13 281 0.005319821 ubox
13 345 0.004458170 ubox
13 374 0.005645534 ubox
13 378 0.004914976 ubox
13 408 0.338432099 ubox
13 417 0.008361692 ubox
13 429 0.006728592 ubox
13 430 0.004849586 ubox
13 434 0.883786635 ubox
13 435 0.004750351 ubox
14 21 0.015709361 ubox
14 25 0.010687237 ubox
14 26 0.005856331 ubox
14 29 0.025323703 ubox
14 31 0.038489921 ubox
14 42 0.004120485 ubox
14 70 0.014246114 ubox
14 76 0.006953742 ubox
14 77 0.003747983 ubox
14 88 0.138547270 ubox
14 93 0.005995312 ubox
14 193 0.010804544 ubox
14 202 0.126440635 ubox
14 203 0.175641179 ubox
14 206 0.041687041 ubox
14 209 0.068583204 ubox
14 239 0.012224316 ubox
14 280 0.005275042 ubox
14 344 0.004428013 ubox
14 373 0.006053574 ubox
14 407 0.338375659 ubox
14 416 0.008963345 ubox
14 429 0.005237678 ubox
14 433 0.884792605 ubox
14 434 0.004925651 ubox
15 20 0.014605630 ubox
15 28 0.025061644 ubox
15 30 0.038208351 ubox
15 41 0.004213550 ubox
15 69 0.013445366 ubox
15 75 0.006578546 ubox
15 87 0.138629806 ubox
15 92 0.005624484 ubox
15 192 0.010790535 ubox
15 200 0.083619977 ubox
15 201 0.124490168 ubox
15 205 0.040563358 ubox
15 208 0.067018332 ubox
15 226 0.011341066 ubox
15 238 0.012376867 ubox
15 279 0.004748319 ubox
15 343 0.003808257 ubox
15 372 0.006359604 ubox
15 406 0.320757429 ubox
15 415 0.008962336 ubox
15 432 0.881658289 ubox
16 24 0.084086633 ubox
16 40 0.003790317 ubox
16 83 0.006966502 ubox
16 86 0.134644724 ubox
16 191 0.007988141 ubox
16 196 0.012468344 ubox
16 199 0.087888839 ubox
16 225 0.012468735 ubox
16 237 0.012431012 ubox
16 371 0.006543780 ubox
16 414 0.008839109 ubox
16 431 0.871693939 ubox
17 23 0.084409326 ubox
17 40 0.004317594 ubox
17 45 0.003769747 ubox
17 82 0.007099506 ubox
17 86 0.027843316 ubox
17 191 0.011946678 ubox
17 195 0.012707717 ubox
17 199 0.432533979 ubox
17 205 0.142970102 ubox
17 208 0.014480428 ubox
17 221 0.003395827 ubox
17 224 0.012489589 ubox
17 236 0.012369932 ubox
17 371 0.003749327 ubox
17 381 0.006731937 ubox
17 400 0.022672847 ubox
17 428 0.044731194 ubox
17 431 0.069203351 ubox
18 22 0.077951874 ubox
18 27 0.010389437 ubox
18 39 0.004666273 ubox
18 44 0.003785741 ubox
18 81 0.006878643 ubox
18 85 0.035646363 ubox
18 190 0.013969433 ubox
18 194 0.012610709 ubox
18 198 0.322917545 ubox
18 203 0.087856411 ubox
18 204 0.142897001 ubox
18 207 0.015539328 ubox
18 220 0.003494250 ubox
18 223 0.011918148 ubox
18 368 0.006978118 ubox
18 370 0.003382515 ubox
18 374 0.003526006 ubox
18 380 0.006868832 ubox
18 399 0.022665015 ubox
18 402 0.014980792 ubox
18 403 0.239241907 ubox
18 404 0.099768091 ubox
18 427 0.043340223 ubox
18 430 0.081120484 ubox
19 26 0.010531593 ubox
19 38 0.004583061 ubox
19 189 0.013333357 ubox
19 197 0.228620122 ubox
19 198 0.763074636 ubox
19 202 0.083197047 ubox
19 222 0.010655532 ubox
19 367 0.007003493 ubox
19 373 0.003433940 ubox
19 379 0.006514205 ubox
19 401 0.015262341 ubox
19 402 0.246841272 ubox
19 403 0.094528310 ubox
20 25 0.008292788 ubox
20 37 0.003884199 ubox
20 85 0.020393108 ubox
20 197 0.906073389 ubox
20 366 0.006851687 ubox
20 401 0.248439066 ubox
20 402 0.078830363 ubox
21 83 0.149781324 ubox
21 84 0.017214575 ubox
21 196 0.948899235 ubox
21 364 0.004751728 ubox
21 365 0.005742999 ubox
21 400 0.247304075 ubox
22 40 0.008047093 ubox
22 45 0.031682249 ubox
22 82 0.150826633 ubox
22 83 0.012772308 ubox
22 104 0.008629634 ubox
22 186 0.009612640 ubox
22 191 0.035551611 ubox
22 195 0.948952218 ubox
22 279 0.008042889 ubox
22 363 0.006177117 ubox
22 364 0.004182348 ubox
22 400 0.061458879 ubox
23 38 0.015284544 ubox
23 39 0.007057828 ubox
23 44 0.031936312 ubox
23 47 0.013133861 ubox
23 77 0.007823091 ubox
23 81 0.151257795 ubox
23 103 0.013216434 ubox
23 185 0.009426927 ubox
23 190 0.036171115 ubox
23 194 0.948954102 ubox
23 278 0.008184968 ubox
23 362 0.007253760 ubox
23 397 0.244969031 ubox
23 399 0.058293505 ubox
23 405 0.003643643 ubox
23 434 0.006490928 ubox
24 31 0.018827182 ubox
24 37 0.028740596 ubox
24 38 0.005996338 ubox
24 42 0.040976322 ubox
24 44 0.006020645 ubox
24 46 0.013620478 ubox
24 76 0.009902422 ubox
24 80 0.150716540 ubox
24 102 0.013364667 ubox
24 184 0.004567744 ubox
24 187 0.019007218 ubox
24 189 0.035840952 ubox
24 193 0.948884976 ubox
24 277 0.008190692 ubox
24 361 0.007237235 ubox
24 396 0.245613963 ubox
24 399 0.013428115 ubox
24 404 0.003634233 ubox
24 433 0.006574751 ubox
25 30 0.018112191 ubox
25 33 0.008731340 ubox
25 34 0.023240625 ubox
25 35 0.022631022 ubox
25 36 0.036167108 ubox
25 41 0.041259021 ubox
25 43 0.006317379 ubox
25 45 0.013618171 ubox
25 75 0.011704317 ubox
25 101 0.012279119 ubox
25 186 0.023140102 ubox
25 188 0.037935851 ubox
25 192 0.941414702 ubox
25 276 0.008160656 ubox
25 394 0.006656924 ubox
25 395 0.234799509 ubox
25 398 0.012984336 ubox
25 432 0.004318601 ubox
26 32 0.009094379 ubox
26 33 0.025616429 ubox
26 34 0.025436404 ubox
26 35 0.038730379 ubox
26 36 0.008254365 ubox
26 40 0.038844995 ubox
26 41 0.015729987 ubox
26 74 0.010085713 ubox
26 75 0.010122553 ubox
26 191 0.879749318 ubox
26 192 0.074880079 ubox
26 275 0.008007585 ubox
26 393 0.008301783 ubox
26 394 0.162785287 ubox
26 395 0.010266695 ubox
27 32 0.023580211 ubox
27 33 0.025324031 ubox
27 34 0.037415396 ubox
27 35 0.009436543 ubox
27 40 0.016493896 ubox
27 74 0.012252458 ubox
27 181 0.004442369 ubox
27 183 0.191069784 ubox
27 186 0.435913650 ubox
27 191 0.104886821 ubox
27 274 0.007494925 ubox
27 386 0.004688309 ubox
27 392 0.009591934 ubox
27 393 0.094684365 ubox
27 394 0.008164695 ubox
28 39 0.015696073 ubox
28 73 0.011692523 ubox
28 180 0.004545351 ubox
28 182 0.194380511 ubox
28 184 0.786635301 ubox
28 185 0.313727994 ubox
28 273 0.006483926 ubox
28 385 0.005741057 ubox
28 391 0.008167838 ubox
29 40 0.074378551 ubox
29 51 0.003261436 ubox
29 53 0.010171218 ubox
29 179 0.004560202 ubox
29 181 0.194807143 ubox
29 183 0.862847750 ubox
29 186 0.156393152 ubox
29 384 0.005760125 ubox
29 392 0.060833851 ubox
30 39 0.072425128 ubox
30 52 0.010360834 ubox
30 180 0.194625265 ubox
30 182 0.862945077 ubox
30 184 0.157845564 ubox
30 185 0.116138532 ubox
30 383 0.005293049 ubox
30 385 0.006102929 ubox
30 391 0.051958612 ubox
31 40 0.206228328 ubox
31 51 0.010445196 ubox
31 179 0.193809794 ubox
31 181 0.863107517 ubox
31 183 0.191345517 ubox
31 186 0.265952904 ubox
31 384 0.006994480 ubox
31 392 0.018039495 ubox
32 38 0.017999963 ubox
32 39 0.203102184 ubox
32 50 0.009782925 ubox
32 96 0.004640976 ubox
32 180 0.848174398 ubox
32 182 0.188138401 ubox
32 185 0.265783375 ubox
32 383 0.006919019 ubox
32 391 0.015223414 ubox
33 37 0.015722423 ubox
33 38 0.177450855 ubox
33 39 0.012084338 ubox
33 95 0.004981705 ubox
33 96 0.010300618 ubox
33 184 0.250408956 ubox
33 185 0.022207166 ubox
33 382 0.006439839 ubox
34 38 0.012054254 ubox
34 90 0.009329179 ubox
34 95 0.010625181 ubox
34 96 0.013242009 ubox
34 184 0.022282727 ubox
34 185 0.007547830 ubox
35 89 0.010627184 ubox
35 95 0.012675019 ubox
35 96 0.058682883 ubox
35 184 0.007980694 ubox
35 185 0.003573468 ubox
36 88 0.010984017 ubox
36 93 0.010027696 ubox
36 95 0.064973436 ubox
36 177 0.067697316 ubox
36 180 0.248768905 ubox
36 182 0.031659066 ubox
36 184 0.003789140 ubox
36 391 0.042596785 ubox
37 87 0.010913396 ubox
37 92 0.008039710 ubox
37 176 0.043647525 ubox
37 179 0.278477340 ubox
37 181 0.028778405 ubox
37 183 0.003647605 ubox
37 390 0.065165077 ubox
38 55 0.004167922 ubox
38 86 0.005863407 ubox
38 99 0.003306904 ubox
38 178 0.248482404 ubox
38 179 0.042748028 ubox
38 389 0.065556812 ubox
39 45 0.010235705 ubox
39 54 0.004819892 ubox
39 92 0.096323300 ubox
39 98 0.006125848 ubox
39 176 0.932717906 ubox
39 178 0.018547724 ubox
39 388 0.065699551 ubox
40 44 0.011957404 ubox
40 89 0.009718476 ubox
40 90 0.022467238 ubox
40 91 0.101199492 ubox
40 94 0.004452023 ubox
40 97 0.007169157 ubox
40 175 0.951187259 ubox
40 177 0.004297563 ubox
40 355 0.003356275 ubox
40 361 0.005894820 ubox
40 387 0.065592435 ubox
40 404 0.012615664 ubox
41 52 0.013968275 ubox
41 88 0.012555634 ubox
41 89 0.031492692 ubox
41 90 0.097371382 ubox
41 93 0.004437097 ubox
41 96 0.006931104 ubox
41 174 0.951181369 ubox
41 354 0.003222057 ubox
41 360 0.006050827 ubox
41 385 0.064260422 ubox
41 403 0.012661397 ubox
42 51 0.015890650 ubox
42 53 0.037391914 ubox
42 86 0.014946633 ubox
42 173 0.951303587 ubox
42 359 0.006025144 ubox
42 384 0.064497604 ubox
43 50 0.014389813 ubox
43 52 0.038114720 ubox
43 85 0.014032734 ubox
43 172 0.951071732 ubox
43 360 0.004861452 ubox
43 382 0.039037227 ubox
43 383 0.049695091 ubox
43 385 0.005075322 ubox
43 401 0.014932793 ubox
44 51 0.038427016 ubox
44 53 0.010098094 ubox
44 82 0.007097431 ubox
44 84 0.011652038 ubox
44 86 0.221769500 ubox
44 101 0.026059444 ubox
44 171 0.950722496 ubox
44 359 0.005818613 ubox
44 381 0.055167244 ubox
44 384 0.005209593 ubox
44 400 0.015643656 ubox
45 50 0.027304165 ubox
45 52 0.010631928 ubox
45 60 0.006090810 ubox
45 81 0.007198108 ubox
45 85 0.224327508 ubox
45 100 0.026289782 ubox
45 169 0.628747174 ubox
45 170 0.713220724 ubox
45 358 0.005807244 ubox
45 380 0.054664897 ubox
45 383 0.004232332 ubox
45 399 0.015526107 ubox
46 51 0.010772676 ubox
46 54 0.004250169 ubox
46 55 0.054343281 ubox
46 56 0.190958141 ubox
46 59 0.006131364 ubox
46 83 0.009882768 ubox
46 84 0.224509540 ubox
46 99 0.025707536 ubox
46 167 0.012223518 ubox
46 168 0.888448901 ubox
47 53 0.004253009 ubox
47 54 0.054413246 ubox
47 55 0.192182727 ubox
47 56 0.020266557 ubox
47 58 0.006110199 ubox
47 82 0.009816462 ubox
47 83 0.223752435 ubox
47 84 0.030256911 ubox
47 166 0.013298286 ubox
47 167 0.888083764 ubox
47 168 0.337753588 ubox
48 53 0.054153707 ubox
48 54 0.192197275 ubox
48 55 0.020772393 ubox
48 56 0.007863468 ubox
48 82 0.221576868 ubox
48 83 0.035557156 ubox
48 84 0.050225618 ubox
48 162 0.019135823 ubox
48 166 0.885888875 ubox
48 167 0.339179640 ubox
48 168 0.009949336 ubox
49 53 0.190660171 ubox
49 54 0.020783340 ubox
49 55 0.008211457 ubox
49 56 0.006327842 ubox
49 82 0.039567007 ubox
49 83 0.052075866 ubox
49 84 0.003183352 ubox
49 99 0.004390198 ubox
49 161 0.026722267 ubox
49 162 0.676602543 ubox
49 166 0.338942473 ubox
49 167 0.010138096 ubox
50 54 0.007368917 ubox
50 55 0.006258826 ubox
50 82 0.052965650 ubox
50 98 0.004565134 ubox
50 161 0.678532946 ubox
50 166 0.009191648 ubox
51 76 0.034247294 ubox
51 81 0.081720077 ubox
51 97 0.004574144 ubox
51 160 0.676242098 ubox
51 163 0.603289590 ubox
51 165 0.010446740 ubox
52 74 0.030160759 ubox
52 75 0.028365063 ubox
52 82 0.031474061 ubox
52 123 0.003429164 ubox
52 161 0.291038743 ubox
52 162 0.571815652 ubox
53 72 0.006233573 ubox
53 73 0.035928419 ubox
53 77 0.059756833 ubox
53 78 0.141769520 ubox
53 79 0.072761926 ubox
53 80 0.054290139 ubox
53 81 0.142334560 ubox
53 122 0.003634369 ubox
53 156 0.017075918 ubox
53 157 0.135477645 ubox
53 158 0.155646727 ubox
53 159 0.635265189 ubox
53 160 0.337732223 ubox
53 164 0.025502035 ubox
53 165 0.008197048 ubox
54 71 0.008222037 ubox
54 72 0.042155967 ubox
54 76 0.065084318 ubox
54 77 0.141489544 ubox
54 78 0.078440099 ubox
54 79 0.052862436 ubox
54 80 0.142764982 ubox
54 81 0.013766607 ubox
54 121 0.003768746 ubox
54 155 0.017293522 ubox
54 156 0.135641218 ubox
54 157 0.147585116 ubox
54 158 0.826392863 ubox
54 159 0.240211695 ubox
54 160 0.311174095 ubox
54 163 0.024799086 ubox
54 164 0.008183501 ubox
55 70 0.008214349 ubox
55 71 0.042990085 ubox
55 76 0.141088365 ubox
55 77 0.077459376 ubox
55 78 0.055028121 ubox
55 79 0.141735382 ubox
55 80 0.013796430 ubox
55 81 0.005388934 ubox
55 154 0.024014853 ubox
55 155 0.134533530 ubox
55 156 0.132898618 ubox
55 157 0.924136830 ubox
55 158 0.037779486 ubox
55 159 0.054117859 ubox
55 160 0.026056383 ubox
55 163 0.007590047 ubox
55 348 0.006196387 ubox
56 70 0.042820117 ubox
56 73 0.167358243 ubox
56 76 0.074551214 ubox
56 77 0.033624955 ubox
56 78 0.139331625 ubox
56 79 0.007896810 ubox
56 80 0.005482895 ubox
56 119 0.007035982 ubox
56 154 0.143540654 ubox
56 155 0.096541865 ubox
56 156 0.928653848 ubox
56 157 0.028867405 ubox
56 158 0.012781564 ubox
56 159 0.029696383 ubox
56 160 0.006388321 ubox
56 347 0.006360544 ubox
57 68 0.007523988 ubox
57 72 0.276366379 ubox
57 73 0.015438604 ubox
57 77 0.115942922 ubox
57 79 0.004659122 ubox
57 118 0.007071330 ubox
57 155 0.930977191 ubox
57 158 0.032985708 ubox
57 159 0.006343482 ubox
57 165 0.024111387 ubox
57 346 0.006396068 ubox
58 67 0.006760326 ubox
58 68 0.042963513 ubox
58 71 0.303695310 ubox
58 72 0.003736923 ubox
58 76 0.063260595 ubox
58 117 0.007080336 ubox
58 154 0.929922090 ubox
58 155 0.004573689 ubox
58 156 0.006514612 ubox
58 157 0.033837804 ubox
58 158 0.006309598 ubox
58 164 0.025011867 ubox
58 345 0.006403390 ubox
58 362 0.010109845 ubox
59 67 0.051256053 ubox
59 70 0.308670445 ubox
59 71 0.004624533 ubox
59 116 0.007057465 ubox
59 149 0.732819228 ubox
59 152 0.596907327 ubox
59 154 0.005128242 ubox
59 156 0.031690139 ubox
59 157 0.006142279 ubox
59 163 0.025021987 ubox
59 344 0.006400139 ubox
59 361 0.010267650 ubox
60 66 0.051387753 ubox
60 69 0.308686399 ubox
60 148 0.734707493 ubox
60 151 0.594940072 ubox
60 162 0.025002271 ubox
60 343 0.006358198 ubox
61 65 0.041424196 ubox
61 68 0.279370612 ubox
61 121 0.004953537 ubox
61 147 0.734231529 ubox
61 360 0.011343686 ubox
62 69 0.005638073 ubox
62 113 0.005323440 ubox
62 120 0.005514170 ubox
62 132 0.003518182 ubox
62 148 0.330286773 ubox
62 161 0.024721620 ubox
62 224 0.006163485 ubox
62 359 0.011616114 ubox
63 68 0.006224511 ubox
63 112 0.004204997 ubox
63 119 0.005524853 ubox
63 131 0.003539324 ubox
63 146 0.941954236 ubox
63 147 0.066667942 ubox
63 156 0.007311159 ubox
63 160 0.024790915 ubox
63 223 0.006228435 ubox
63 358 0.011625713 ubox
64 112 0.004581550 ubox
64 118 0.005345343 ubox
64 130 0.003482475 ubox
64 145 0.944449953 ubox
64 155 0.008708328 ubox
64 159 0.024633738 ubox
64 222 0.006261540 ubox
64 357 0.011620418 ubox
65 101 0.003264908 ubox
65 111 0.005103697 ubox
65 115 0.005006185 ubox
65 140 0.007388078 ubox
65 144 0.938942562 ubox
65 153 0.059831086 ubox
65 221 0.006260544 ubox
65 356 0.011596244 ubox
66 100 0.004357908 ubox
66 114 0.005276424 ubox
66 129 0.003421795 ubox
66 139 0.009620596 ubox
66 142 0.674951651 ubox
66 143 0.664358791 ubox
66 152 0.060656838 ubox
66 220 0.006261379 ubox
66 355 0.011230454 ubox
67 99 0.004503577 ubox
67 110 0.009849524 ubox
67 113 0.004721951 ubox
67 128 0.003398657 ubox
67 138 0.010072901 ubox
67 141 0.946907306 ubox
67 151 0.060666685 ubox
67 218 0.006370648 ubox
67 350 0.003237576 ubox
68 86 0.003977189 ubox
68 98 0.004498039 ubox
68 109 0.010983337 ubox
68 137 0.010078987 ubox
68 140 0.946266954 ubox
68 150 0.060652535 ubox
68 217 0.006372283 ubox
68 349 0.003233370 ubox
69 85 0.007488415 ubox
69 97 0.004459458 ubox
69 108 0.011158006 ubox
69 127 0.003195362 ubox
69 136 0.010121672 ubox
69 139 0.947031051 ubox
69 142 0.014673826 ubox
69 149 0.060652744 ubox
69 216 0.006373846 ubox
69 348 0.003220931 ubox
70 83 0.007418087 ubox
70 84 0.011316502 ubox
70 107 0.011203716 ubox
70 126 0.003404518 ubox
70 135 0.009657704 ubox
70 138 0.946778131 ubox
70 141 0.014731174 ubox
70 148 0.060182784 ubox
70 215 0.005578506 ubox
71 82 0.009128253 ubox
71 83 0.014812462 ubox
71 84 0.014184091 ubox
71 106 0.011213075 ubox
71 126 0.008156460 ubox
71 135 0.016014092 ubox
71 137 0.933535778 ubox
71 138 0.015640512 ubox
71 140 0.011992256 ubox
72 82 0.015488930 ubox
72 83 0.023690871 ubox
72 84 0.006165911 ubox
72 87 0.222088902 ubox
72 105 0.011161459 ubox
72 124 0.042666709 ubox
72 125 0.007514017 ubox
72 133 0.018849317 ubox
72 134 0.030663066 ubox
72 135 0.111513331 ubox
72 137 0.019357296 ubox
72 214 0.004319249 ubox
72 372 0.005133320 ubox
73 82 0.027409348 ubox
73 83 0.009825970 ubox
73 86 0.232563785 ubox
73 104 0.010378281 ubox
73 123 0.046789240 ubox
73 124 0.005600299 ubox
73 128 0.005451058 ubox
73 132 0.016510654 ubox
73 133 0.025524821 ubox
73 134 0.083191646 ubox
73 137 0.004106336 ubox
73 213 0.004284046 ubox
73 371 0.007763878 ubox
73 376 0.003796522 ubox
74 85 0.168479758 ubox
74 89 0.042965129 ubox
74 90 0.062563711 ubox
74 122 0.047505909 ubox
74 127 0.006389025 ubox
74 212 0.004146659 ubox
74 367 0.017335477 ubox
74 370 0.007620240 ubox
74 375 0.003889642 ubox
75 85 0.640500964 ubox
75 88 0.041691926 ubox
75 89 0.065972101 ubox
75 121 0.047672696 ubox
75 127 0.069313529 ubox
75 366 0.020004094 ubox
76 83 0.179020858 ubox
76 84 0.729144032 ubox
76 99 0.013848279 ubox
76 106 0.011087013 ubox
76 107 0.008500434 ubox
76 110 0.003952846 ubox
76 120 0.046408111 ubox
76 126 0.074354719 ubox
76 135 0.072533764 ubox
76 141 0.012164571 ubox
76 365 0.019733989 ubox
77 82 0.163127226 ubox
77 83 0.694379416 ubox
77 84 0.152688480 ubox
77 87 0.121290716 ubox
77 98 0.013543142 ubox
77 105 0.011113220 ubox
77 107 0.013173227 ubox
77 109 0.003789614 ubox
77 125 0.071954606 ubox
77 133 0.033676538 ubox
77 134 0.065770380 ubox
77 140 0.007173818 ubox
77 141 0.039413545 ubox
77 364 0.009465644 ubox
77 372 0.007649106 ubox
78 82 0.668656469 ubox
78 83 0.320792385 ubox
78 84 0.052853516 ubox
78 86 0.126003336 ubox
78 99 0.051537858 ubox
78 104 0.010744161 ubox
78 106 0.023997175 ubox
78 107 0.009654268 ubox
78 126 0.011505701 ubox
78 132 0.035200383 ubox
78 135 0.035665911 ubox
78 140 0.044162786 ubox
78 141 0.010591887 ubox
78 151 0.007960665 ubox
78 168 0.003911734 ubox
78 363 0.008245526 ubox
78 365 0.021930364 ubox
78 371 0.007970947 ubox
79 83 0.048102328 ubox
79 87 0.047077000 ubox
79 98 0.051144582 ubox
79 105 0.024076179 ubox
79 106 0.009267777 ubox
79 107 0.005100884 ubox
79 125 0.011035841 ubox
79 133 0.030195035 ubox
79 134 0.033399330 ubox
79 140 0.010359625 ubox
79 150 0.007802048 ubox
79 168 0.006388851 ubox
79 365 0.043727706 ubox
80 86 0.049372502 ubox
80 104 0.017883582 ubox
80 106 0.007725228 ubox
80 107 0.006163709 ubox
80 132 0.029827308 ubox
80 138 0.050152771 ubox
80 141 0.005080909 ubox
80 162 0.003395202 ubox
80 167 0.008435385 ubox
80 168 0.003177702 ubox
80 364 0.064961219 ubox
80 365 0.004977014 ubox
81 101 0.011686709 ubox
81 104 0.024621469 ubox
81 106 0.006155216 ubox
81 120 0.084237129 ubox
81 132 0.033057220 ubox
81 137 0.051059853 ubox
81 140 0.005067157 ubox
81 148 0.009767563 ubox
81 161 0.003400614 ubox
81 166 0.008450907 ubox
81 363 0.065448047 ubox
81 364 0.004729356 ubox
81 400 0.006493632 ubox
82 89 0.017121685 ubox
82 90 0.013651080 ubox
82 91 0.114741208 ubox
82 94 0.007274103 ubox
82 95 0.251406957 ubox
82 96 0.011718486 ubox
82 97 0.010545432 ubox
82 100 0.011604228 ubox
82 103 0.032459071 ubox
82 118 0.061314971 ubox
82 119 0.084776841 ubox
82 131 0.032841778 ubox
82 136 0.054203989 ubox
82 139 0.005010714 ubox
82 147 0.016760688 ubox
82 156 0.003306953 ubox
82 165 0.008465690 ubox
82 362 0.065592535 ubox
82 399 0.006743188 ubox
82 405 0.006425806 ubox
83 88 0.020484020 ubox
83 89 0.016978587 ubox
83 90 0.111966545 ubox
83 91 0.101208331 ubox
83 93 0.018611631 ubox
83 94 0.336359790 ubox
83 95 0.013036709 ubox
83 96 0.007935317 ubox
83 97 0.012800242 ubox
83 102 0.032402618 ubox
83 103 0.024639840 ubox
83 117 0.107039508 ubox
83 118 0.010964148 ubox
83 130 0.019840643 ubox
83 146 0.016889690 ubox
83 155 0.004044916 ubox
83 164 0.008517813 ubox
83 358 0.007968564 ubox
83 361 0.065494402 ubox
83 362 0.004643399 ubox
83 397 0.009427581 ubox
83 404 0.006455060 ubox
84 88 0.012116229 ubox
84 89 0.099684561 ubox
84 90 0.096585073 ubox
84 93 0.508419349 ubox
84 94 0.015636110 ubox
84 95 0.006659035 ubox
84 96 0.011014619 ubox
84 100 0.030332004 ubox
84 102 0.025133458 ubox
84 116 0.107351857 ubox
84 117 0.007877735 ubox
84 129 0.018583376 ubox
84 136 0.008142268 ubox
84 145 0.016883402 ubox
84 154 0.004607749 ubox
84 163 0.008498247 ubox
84 357 0.010682598 ubox
84 360 0.061366424 ubox
84 361 0.004748590 ubox
84 396 0.009503902 ubox
84 399 0.065284771 ubox
85 92 0.540835850 ubox
85 98 0.057650423 ubox
85 99 0.018759770 ubox
85 101 0.024816530 ubox
85 115 0.107597861 ubox
85 128 0.016406859 ubox
85 135 0.004130450 ubox
85 144 0.016886920 ubox
85 153 0.004618219 ubox
85 161 0.003809385 ubox
85 162 0.006505659 ubox
85 356 0.011989953 ubox
85 359 0.060053222 ubox
85 395 0.008896639 ubox
85 398 0.066122374 ubox
86 91 0.553367602 ubox
86 94 0.043995640 ubox
86 96 0.003635525 ubox
86 97 0.069760861 ubox
86 100 0.023901198 ubox
86 114 0.107568065 ubox
86 127 0.009267163 ubox
86 136 0.014857767 ubox
86 143 0.016824030 ubox
86 152 0.004604491 ubox
86 160 0.005209962 ubox
86 355 0.012032809 ubox
86 358 0.063925789 ubox
86 397 0.066265009 ubox
87 93 0.068557422 ubox
87 95 0.006389078 ubox
87 96 0.071000839 ubox
87 112 0.013529869 ubox
87 127 0.005778136 ubox
87 159 0.005055699 ubox
87 354 0.011710287 ubox
87 357 0.063624862 ubox
88 92 0.062532655 ubox
88 99 0.012649333 ubox
88 111 0.013048542 ubox
88 125 0.012040483 ubox
88 126 0.005790321 ubox
88 135 0.005046425 ubox
88 141 0.007865573 ubox
88 356 0.059496136 ubox
88 394 0.007427500 ubox
88 395 0.077385980 ubox
89 98 0.012533761 ubox
89 110 0.012554924 ubox
89 111 0.098629201 ubox
89 124 0.012110839 ubox
89 125 0.005663171 ubox
89 134 0.005579682 ubox
89 140 0.007074516 ubox
89 393 0.006268590 ubox
89 394 0.112389632 ubox
90 109 0.011184818 ubox
90 110 0.098412262 ubox
90 111 0.012311797 ubox
90 123 0.011276130 ubox
90 124 0.005250776 ubox
90 133 0.005592316 ubox
90 137 0.004564369 ubox
90 138 0.006234808 ubox
90 141 0.003836856 ubox
90 393 0.132345057 ubox
91 109 0.097944906 ubox
91 110 0.015429124 ubox
91 113 0.037879396 ubox
91 132 0.005561175 ubox
91 137 0.015705199 ubox
91 140 0.003969778 ubox
91 392 0.136809496 ubox
92 112 0.037930336 ubox
92 121 0.008061148 ubox
92 357 0.004247362 ubox
92 391 0.136805262 ubox
93 107 0.066327982 ubox
93 111 0.037916855 ubox
93 120 0.007633880 ubox
93 133 0.014923753 ubox
93 356 0.006938387 ubox
93 390 0.136855268 ubox
94 106 0.066931655 ubox
94 107 0.074215098 ubox
94 110 0.037854128 ubox
94 126 0.004872180 ubox
94 132 0.015367927 ubox
94 135 0.882873432 ubox
94 151 0.003771118 ubox
94 168 0.004028339 ubox
94 389 0.136832456 ubox
94 395 0.003936242 ubox
95 105 0.060078459 ubox
95 106 0.074541238 ubox
95 109 0.031521246 ubox
95 125 0.004896766 ubox
95 133 0.037996870 ubox
95 134 0.901981529 ubox
95 135 0.010150097 ubox
95 150 0.003721031 ubox
95 168 0.011863220 ubox
95 388 0.124494963 ubox
95 394 0.003832920 ubox
95 432 0.006971629 ubox
96 104 0.050448381 ubox
96 105 0.080254561 ubox
96 107 0.003908775 ubox
96 111 0.004000803 ubox
96 124 0.004613422 ubox
96 132 0.045498600 ubox
96 133 0.924099517 ubox
96 134 0.013174725 ubox
96 167 0.022056532 ubox
96 388 0.005725965 ubox
96 393 0.003630652 ubox
96 432 0.146304631 ubox
97 104 0.085327517 ubox
97 106 0.004254225 ubox
97 109 0.004461457 ubox
97 110 0.004174703 ubox
97 113 0.003488845 ubox
97 132 0.925833302 ubox
97 148 0.006584372 ubox
97 166 0.044399211 ubox
97 384 0.076335661 ubox
97 392 0.003560183 ubox
97 431 0.154917008 ubox
98 112 0.003489311 ubox
98 122 0.004609240 ubox
98 130 0.931503382 ubox
98 147 0.007164471 ubox
98 165 0.049118421 ubox
98 352 0.210989804 ubox
98 353 0.011882905 ubox
98 354 0.011842576 ubox
98 383 0.075031765 ubox
98 402 0.013257397 ubox
98 430 0.155132776 ubox
99 108 0.031077632 ubox
99 114 0.013938709 ubox
99 121 0.005041891 ubox
99 127 0.005882682 ubox
99 129 0.941073030 ubox
99 136 0.012317715 ubox
99 142 0.015469803 ubox
99 146 0.007342319 ubox
99 164 0.050987930 ubox
99 351 0.242702621 ubox
99 352 0.011148917 ubox
99 353 0.015577095 ubox
99 360 0.003633578 ubox
99 382 0.072892783 ubox
99 385 0.010170095 ubox
99 401 0.018047098 ubox
99 429 0.155288893 ubox
100 107 0.031103970 ubox
100 109 0.044425623 ubox
100 113 0.013990526 ubox
100 120 0.004607403 ubox
100 126 0.006662416 ubox
100 128 0.941120278 ubox
100 135 0.012401671 ubox
100 137 0.005932735 ubox
100 140 0.030619947 ubox
100 141 0.011018448 ubox
100 350 0.242807372 ubox
100 359 0.003857038 ubox
100 381 0.072378303 ubox
100 384 0.010401139 ubox
100 400 0.018563018 ubox
100 428 0.155286740 ubox
101 108 0.045994830 ubox
101 112 0.013828540 ubox
101 121 0.012075563 ubox
101 127 0.940576243 ubox
101 136 0.006969357 ubox
101 139 0.033123034 ubox
101 142 0.011254508 ubox
101 163 0.052516753 ubox
101 169 0.011041712 ubox
101 351 0.046415303 ubox
101 380 0.067652842 ubox
101 383 0.007844446 ubox
101 399 0.018464031 ubox
101 427 0.155157214 ubox
102 107 0.045973708 ubox
102 110 0.014322887 ubox
102 120 0.009265659 ubox
102 126 0.940375718 ubox
102 135 0.006949949 ubox
102 138 0.033154326 ubox
102 141 0.011315587 ubox
102 162 0.052569669 ubox
102 168 0.011136671 ubox
102 350 0.049526649 ubox
102 364 0.004586221 ubox
102 426 0.150226268 ubox
103 109 0.014355703 ubox
103 120 0.931201727 ubox
103 132 0.013992582 ubox
103 137 0.033156253 ubox
103 140 0.011315603 ubox
103 161 0.052565056 ubox
103 167 0.011135314 ubox
103 363 0.004620171 ubox
103 381 0.006344631 ubox
103 423 0.013615806 ubox
103 426 0.007748940 ubox
104 108 0.013256864 ubox
104 119 0.933159987 ubox
104 122 0.008523369 ubox
104 131 0.014139909 ubox
104 136 0.033062507 ubox
104 139 0.011297693 ubox
104 160 0.052392220 ubox
104 283 0.008430187 ubox
104 347 0.305470756 ubox
104 362 0.003300739 ubox
104 380 0.006408702 ubox
104 410 0.005312448 ubox
104 422 0.005214537 ubox
105 118 0.933029994 ubox
105 121 0.007716014 ubox
105 122 0.008129310 ubox
105 130 0.013914945 ubox
105 158 0.016863230 ubox
105 159 0.049502736 ubox
105 165 0.011132613 ubox
105 282 0.008505818 ubox
105 346 0.307267017 ubox
105 379 0.006435757 ubox
105 409 0.005347233 ubox
105 421 0.004401407 ubox
106 117 0.932860977 ubox
106 119 0.007373104 ubox
106 121 0.006515266 ubox
106 122 0.107238305 ubox
106 129 0.012750743 ubox
106 154 0.003827449 ubox
106 157 0.023673457 ubox
106 158 0.045571303 ubox
106 164 0.011189703 ubox
106 281 0.008544756 ubox
106 345 0.307585869 ubox
106 378 0.006409572 ubox
106 408 0.005352733 ubox
106 420 0.003489907 ubox
107 114 0.142803028 ubox
107 116 0.921033572 ubox
107 118 0.007232685 ubox
107 121 0.123258005 ubox
107 127 0.009258826 ubox
107 129 0.005803887 ubox
107 136 0.023290159 ubox
107 149 0.028825278 ubox
107 156 0.021805846 ubox
107 157 0.037168393 ubox
107 163 0.011186754 ubox
107 280 0.008545845 ubox
107 344 0.307605610 ubox
107 407 0.005351824 ubox
108 113 0.193890353 ubox
108 120 0.125509030 ubox
108 126 0.009838947 ubox
108 128 0.007662549 ubox
108 132 0.037735212 ubox
108 135 0.023477741 ubox
108 148 0.032818225 ubox
108 162 0.011068466 ubox
108 279 0.008545709 ubox
108 343 0.307600802 ubox
109 117 0.019993867 ubox
109 118 0.012647013 ubox
109 119 0.123479118 ubox
109 127 0.007395497 ubox
109 131 0.036472427 ubox
109 147 0.032869102 ubox
109 155 0.016527363 ubox
109 156 0.015222092 ubox
109 157 0.006084361 ubox
109 278 0.008544743 ubox
109 342 0.307558884 ubox
109 375 0.006252458 ubox
109 405 0.005350106 ubox
110 116 0.021478314 ubox
110 117 0.066115314 ubox
110 118 0.093645848 ubox
110 119 0.015760096 ubox
110 122 0.009984052 ubox
110 130 0.029397085 ubox
110 131 0.048294075 ubox
110 146 0.032937410 ubox
110 154 0.017120268 ubox
110 155 0.010691346 ubox
110 156 0.006578752 ubox
110 160 0.009064978 ubox
110 277 0.008525205 ubox
110 341 0.307317279 ubox
110 374 0.006281034 ubox
110 404 0.005350127 ubox
111 118 0.019542589 ubox
111 121 0.011096486 ubox
111 130 0.048851997 ubox
111 145 0.032926132 ubox
111 155 0.006154470 ubox
111 159 0.008755809 ubox
111 340 0.307478325 ubox
111 373 0.006052211 ubox
111 403 0.005267010 ubox
112 120 0.011189420 ubox
112 144 0.032821998 ubox
112 150 0.008467617 ubox
112 153 0.015910816 ubox
112 339 0.307328249 ubox
112 369 0.003705457 ubox
112 372 0.005100792 ubox
113 119 0.010982558 ubox
113 121 0.012648318 ubox
113 129 0.066820880 ubox
113 136 0.004090413 ubox
113 142 0.013363127 ubox
113 143 0.029963154 ubox
113 149 0.008583071 ubox
113 152 0.015957376 ubox
113 233 0.004732124 ubox
113 338 0.307561512 ubox
113 368 0.004257563 ubox
113 401 0.004841012 ubox
114 120 0.013199952 ubox
114 128 0.067068011 ubox
114 135 0.004108987 ubox
114 141 0.018694420 ubox
114 148 0.008583969 ubox
114 151 0.015873726 ubox
114 224 0.003864789 ubox
114 232 0.005938890 ubox
114 337 0.306958259 ubox
114 400 0.004982414 ubox
115 121 0.007668540 ubox
115 127 0.067025384 ubox
115 147 0.008372546 ubox
115 222 0.003368392 ubox
115 223 0.004295754 ubox
115 228 0.005286195 ubox
115 231 0.006179604 ubox
115 336 0.266208121 ubox
115 366 0.005672886 ubox
116 120 0.008986453 ubox
116 126 0.064307525 ubox
116 138 0.006529057 ubox
116 141 0.025778059 ubox
116 221 0.003781722 ubox
116 225 0.196321675 ubox
116 227 0.005992470 ubox
116 230 0.006381873 ubox
116 335 0.203092545 ubox
116 365 0.005905311 ubox
117 126 0.027638204 ubox
117 135 0.005463363 ubox
117 137 0.006491132 ubox
117 138 0.016247432 ubox
117 140 0.025816693 ubox
117 141 0.006086686 ubox
117 224 0.197403350 ubox
117 225 0.020069019 ubox
117 227 0.026363219 ubox
117 229 0.006189400 ubox
117 334 0.175987912 ubox
117 335 0.004877692 ubox
117 364 0.005890451 ubox
118 125 0.031996742 ubox
118 133 0.077988968 ubox
118 134 0.005455243 ubox
118 137 0.004011700 ubox
118 138 0.025889804 ubox
118 141 0.006240185 ubox
118 219 0.005967159 ubox
118 224 0.018782785 ubox
118 225 0.013719205 ubox
118 226 0.037930261 ubox
118 301 0.053882859 ubox
118 333 0.097500787 ubox
118 363 0.003599119 ubox
119 128 0.016608216 ubox
119 132 0.082503043 ubox
119 137 0.031462182 ubox
119 140 0.009767971 ubox
119 161 0.005279072 ubox
119 218 0.006228810 ubox
119 221 0.260198705 ubox
119 224 0.019031634 ubox
119 225 0.038817584 ubox
119 294 0.040406682 ubox
119 300 0.057242873 ubox
119 303 0.035529098 ubox
119 331 0.005209015 ubox
119 363 0.004844445 ubox
120 127 0.012621963 ubox
120 129 0.028997232 ubox
120 131 0.080961352 ubox
120 136 0.031927198 ubox
120 139 0.010045234 ubox
120 142 0.005098202 ubox
120 160 0.005325984 ubox
120 220 0.261786338 ubox
120 223 0.018409846 ubox
120 293 0.041314047 ubox
120 299 0.057251745 ubox
120 302 0.035771835 ubox
120 330 0.004056906 ubox
120 362 0.004819164 ubox
121 126 0.005921588 ubox
121 128 0.029983978 ubox
121 133 0.003377425 ubox
121 134 0.003559005 ubox
121 135 0.031714930 ubox
121 138 0.010016970 ubox
121 141 0.005078581 ubox
121 218 0.004805406 ubox
121 219 0.260907553 ubox
121 225 0.011953042 ubox
121 226 0.004453219 ubox
121 292 0.041120509 ubox
121 298 0.057192936 ubox
121 301 0.035759824 ubox
122 128 0.016455469 ubox
122 132 0.003479672 ubox
122 133 0.003800600 ubox
122 134 0.029257944 ubox
122 137 0.005824211 ubox
122 140 0.004282549 ubox
122 218 0.258113050 ubox
122 224 0.018436990 ubox
122 225 0.004153878 ubox
122 291 0.040504422 ubox
122 297 0.055629360 ubox
122 300 0.034769266 ubox
123 127 0.014129913 ubox
123 223 0.020096271 ubox
123 290 0.038654777 ubox
123 296 0.050677820 ubox
123 299 0.032837636 ubox
124 222 0.020519384 ubox
124 223 0.003831844 ubox
125 155 0.030436414 ubox
125 165 0.008580016 ubox
125 222 0.003823331 ubox
125 286 0.023048126 ubox
125 296 0.031279328 ubox
125 306 0.004072909 ubox
126 136 0.012917358 ubox
126 139 0.004111471 ubox
126 154 0.033323995 ubox
126 164 0.009585039 ubox
126 212 0.006000394 ubox
126 216 0.009889371 ubox
126 220 0.015753909 ubox
126 285 0.024091100 ubox
126 293 0.032155837 ubox
126 295 0.035100459 ubox
126 305 0.005084064 ubox
127 135 0.012847279 ubox
127 137 0.025220587 ubox
127 140 0.004875013 ubox
127 150 0.005280629 ubox
127 153 0.033340936 ubox
127 211 0.006621859 ubox
127 215 0.009765594 ubox
127 217 0.284153560 ubox
127 219 0.011251396 ubox
127 284 0.019125810 ubox
127 291 0.006066152 ubox
127 292 0.017203561 ubox
127 294 0.032376245 ubox
128 136 0.094447230 ubox
128 139 0.005739160 ubox
128 149 0.005363000 ubox
128 152 0.033350212 ubox
128 163 0.010809486 ubox
128 210 0.006683490 ubox
128 216 0.288301807 ubox
128 283 0.018116483 ubox
128 290 0.014343760 ubox
128 293 0.031552383 ubox
128 295 0.005038248 ubox
128 304 0.005778022 ubox
129 135 0.094884534 ubox
129 138 0.005736379 ubox
129 148 0.005361093 ubox
129 151 0.033348065 ubox
129 162 0.010767451 ubox
129 215 0.288442475 ubox
129 227 0.003189704 ubox
129 289 0.014947269 ubox
129 294 0.005020942 ubox
129 303 0.005779631 ubox
130 134 0.085216360 ubox
130 137 0.004215468 ubox
130 150 0.032955314 ubox
130 162 0.005556160 ubox
130 214 0.277698746 ubox
130 226 0.003708699 ubox
130 288 0.013890590 ubox
130 292 0.021869527 ubox
130 301 0.005073219 ubox
131 137 0.010568673 ubox
131 140 0.003275431 ubox
131 148 0.017623756 ubox
131 161 0.015325358 ubox
131 208 0.003171619 ubox
131 225 0.003743066 ubox
131 291 0.021879974 ubox
131 300 0.005104827 ubox
132 136 0.012840228 ubox
132 139 0.003258878 ubox
132 146 0.018810082 ubox
132 147 0.010004824 ubox
132 156 0.005630699 ubox
132 160 0.015637568 ubox
132 290 0.017231539 ubox
132 299 0.004517489 ubox
133 145 0.018646148 ubox
133 155 0.005663729 ubox
133 159 0.015633268 ubox
133 223 0.003163113 ubox
134 147 0.003207258 ubox
134 158 0.015589304 ubox
134 286 0.006209747 ubox
135 142 0.023790421 ubox
135 149 0.020958001 ubox
135 152 0.029126468 ubox
135 157 0.014774261 ubox
135 206 0.006831579 ubox
135 209 0.306767686 ubox
135 285 0.006339039 ubox
136 141 0.023907047 ubox
136 148 0.020980707 ubox
136 151 0.029634243 ubox
136 205 0.006863392 ubox
136 208 0.307385009 ubox
137 143 0.006227519 ubox
137 147 0.020729692 ubox
137 155 0.007948341 ubox
137 156 0.006412476 ubox
137 170 0.003239485 ubox
137 204 0.006864107 ubox
137 207 0.307397382 ubox
137 210 0.017256288 ubox
137 281 0.008301325 ubox
138 142 0.006135119 ubox
138 146 0.020484259 ubox
138 149 0.037340436 ubox
138 152 0.012557682 ubox
138 154 0.008036362 ubox
138 155 0.004128926 ubox
138 169 0.003264084 ubox
138 203 0.006857244 ubox
138 206 0.307403624 ubox
138 209 0.017531873 ubox
138 280 0.008429551 ubox
139 148 0.037495130 ubox
139 151 0.012570901 ubox
139 168 0.003259451 ubox
139 199 0.007917042 ubox
139 205 0.307365436 ubox
139 208 0.017534668 ubox
139 279 0.008431958 ubox
140 147 0.037047886 ubox
140 164 0.005349872 ubox
140 194 0.003580393 ubox
140 198 0.015164475 ubox
140 203 0.004815745 ubox
140 204 0.306996946 ubox
140 207 0.017534389 ubox
140 278 0.008431221 ubox
141 146 0.036258784 ubox
141 149 0.014281545 ubox
141 152 0.010491892 ubox
141 163 0.006039896 ubox
141 169 0.003292058 ubox
141 193 0.003678058 ubox
141 197 0.063237216 ubox
141 202 0.003407455 ubox
141 203 0.300511797 ubox
141 206 0.017526679 ubox
141 277 0.008400798 ubox
142 148 0.014490233 ubox
142 151 0.010711116 ubox
142 162 0.006200748 ubox
142 167 0.026725938 ubox
142 168 0.004054436 ubox
142 196 0.182896416 ubox
142 205 0.014765961 ubox
142 237 0.005538883 ubox
143 161 0.006191972 ubox
143 166 0.026791884 ubox
143 167 0.004030186 ubox
143 195 0.182694750 ubox
143 199 0.143806386 ubox
143 236 0.005540278 ubox
144 165 0.026037288 ubox
144 189 0.007126952 ubox
144 197 0.074055115 ubox
144 198 0.128227506 ubox
144 202 0.019728189 ubox
145 188 0.004876957 ubox
145 192 0.178462873 ubox
145 196 0.097001379 ubox
145 200 0.051552871 ubox
145 201 0.019835906 ubox
145 235 0.005407218 ubox
146 162 0.025702453 ubox
146 191 0.180711761 ubox
146 195 0.099291641 ubox
146 196 0.083646920 ubox
146 199 0.053449373 ubox
146 234 0.005410280 ubox
147 161 0.025771265 ubox
147 188 0.279734635 ubox
147 191 0.005356668 ubox
147 195 0.060761682 ubox
148 160 0.025737163 ubox
148 163 0.009254144 ubox
148 184 0.004987385 ubox
148 187 0.305474597 ubox
148 194 0.022257979 ubox
148 197 0.004311695 ubox
148 233 0.007433060 ubox
149 162 0.009248817 ubox
149 166 0.007014285 ubox
149 183 0.005861180 ubox
149 186 0.306089526 ubox
149 196 0.004412123 ubox
149 232 0.007984339 ubox
150 158 0.024431229 ubox
150 159 0.006982051 ubox
150 165 0.007026929 ubox
150 182 0.004752460 ubox
150 185 0.305142991 ubox
150 231 0.007972660 ubox
151 157 0.024895914 ubox
151 158 0.005808386 ubox
151 163 0.005224447 ubox
151 164 0.006041903 ubox
151 182 0.062575682 ubox
151 184 0.299471008 ubox
152 162 0.006333679 ubox
152 181 0.067395389 ubox
152 183 0.299008272 ubox
152 229 0.007990489 ubox
153 180 0.072278254 ubox
153 182 0.297600925 ubox
153 228 0.007993474 ubox
154 162 0.003322022 ubox
154 179 0.076813014 ubox
154 181 0.296167774 ubox
154 227 0.007995409 ubox
155 168 0.007180508 ubox
155 178 0.078142030 ubox
155 226 0.007994268 ubox
156 162 0.007371258 ubox
156 167 0.008659380 ubox
156 168 0.004281253 ubox
156 225 0.007992696 ubox
157 161 0.007342132 ubox
157 166 0.008681492 ubox
157 167 0.004309274 ubox
157 179 0.128264760 ubox
157 224 0.007941298 ubox
158 166 0.004253457 ubox
158 178 0.119694248 ubox
158 179 0.021631724 ubox
158 201 0.006319616 ubox
159 178 0.025607216 ubox
159 200 0.007239418 ubox
160 171 0.300887844 ubox
160 173 0.014727035 ubox
160 199 0.007301343 ubox
160 208 0.005939267 ubox
160 221 0.006339259 ubox
161 170 0.302915150 ubox
161 175 0.045224729 ubox
161 198 0.007275585 ubox
161 207 0.006102884 ubox
161 220 0.006088927 ubox
162 169 0.302936708 ubox
162 172 0.005293524 ubox
162 174 0.045444796 ubox
162 180 0.003833106 ubox
162 197 0.007300765 ubox
162 206 0.006162971 ubox
162 216 0.003351923 ubox
163 168 0.301892951 ubox
163 171 0.005365917 ubox
163 173 0.045420661 ubox
163 179 0.003678861 ubox
163 196 0.007222063 ubox
163 205 0.006129739 ubox
163 215 0.003341973 ubox
164 179 0.003521227 ubox
164 195 0.007120076 ubox
164 218 0.004637558 ubox
165 171 0.035991361 ubox
165 178 0.003761749 ubox
165 217 0.004630278 ubox
166 170 0.035043125 ubox
166 172 0.004385377 ubox
166 177 0.003522085 ubox
166 194 0.006899270 ubox
166 204 0.003875428 ubox
166 216 0.004575736 ubox
167 175 0.005635840 ubox
167 193 0.006892729 ubox
167 198 0.009345677 ubox
167 203 0.003875325 ubox
167 210 0.004628408 ubox
168 174 0.005688299 ubox
168 197 0.028632685 ubox
168 209 0.004635793 ubox
169 173 0.005676479 ubox
169 196 0.030050503 ubox
169 208 0.004595645 ubox
170 191 0.005587996 ubox
170 195 0.030061114 ubox
171 189 0.004823759 ubox
171 190 0.005466434 ubox
171 194 0.030043243 ubox
171 206 0.004381940 ubox
172 176 0.003246882 ubox
172 178 0.007657862 ubox
172 179 0.005624743 ubox
172 188 0.007245281 ubox
172 205 0.004237712 ubox
173 177 0.006857194 ubox
173 187 0.007332809 ubox
173 193 0.030284153 ubox
173 204 0.004179317 ubox
174 186 0.005610808 ubox
174 192 0.030291010 ubox
174 200 0.003973383 ubox
175 181 0.003450476 ubox
175 183 0.003514188 ubox
175 186 0.004847878 ubox
175 191 0.030263635 ubox
175 199 0.004032313 ubox
176 180 0.003237176 ubox
176 182 0.003550918 ubox
176 184 0.004456047 ubox
176 185 0.004900452 ubox
176 189 0.005196051 ubox
176 198 0.003830262 ubox
177 181 0.003329815 ubox
177 183 0.004681302 ubox
177 188 0.005175939 ubox
178 182 0.003912432 ubox
179 187 0.010763141 ubox
179 189 0.054123007 ubox
179 220 0.008839497 ubox
179 391 0.009424302 ubox
180 186 0.010607477 ubox
180 188 0.055834789 ubox
180 195 0.003734966 ubox
180 219 0.008824686 ubox
180 390 0.010658771 ubox
181 185 0.004835737 ubox
181 187 0.056107650 ubox
181 189 0.009445709 ubox
181 190 0.004177121 ubox
181 194 0.004036734 ubox
182 186 0.052352827 ubox
182 188 0.010496106 ubox
182 191 0.003234020 ubox
182 217 0.008946251 ubox
182 388 0.012116546 ubox
183 187 0.010616006 ubox
183 190 0.009063531 ubox
183 193 0.014479244 ubox
183 216 0.008985229 ubox
183 220 0.003514224 ubox
183 387 0.012305407 ubox
184 188 0.006042532 ubox
184 192 0.018210646 ubox
184 215 0.008944912 ubox
184 218 0.013878629 ubox
184 386 0.008791460 ubox
185 191 0.030515290 ubox
185 214 0.008604533 ubox
185 217 0.031193081 ubox
185 386 0.029136083 ubox
185 388 0.003220483 ubox
186 190 0.044540118 ubox
186 216 0.033566416 ubox
186 385 0.033003149 ubox
186 387 0.003266107 ubox
187 199 0.003527564 ubox
187 215 0.033530962 ubox
187 384 0.033540502 ubox
187 392 0.007233545 ubox
188 197 0.029155475 ubox
188 198 0.003263757 ubox
188 202 0.009381890 ubox
188 212 0.004169541 ubox
188 383 0.032791228 ubox
188 391 0.007248909 ubox
189 196 0.038298314 ubox
189 200 0.172665561 ubox
189 201 0.009709029 ubox
189 211 0.004278672 ubox
189 390 0.007245731 ubox
190 195 0.040698481 ubox
190 199 0.177133866 ubox
190 208 0.011084260 ubox
190 381 0.033372043 ubox
190 384 0.006851471 ubox
190 389 0.006925604 ubox
191 198 0.168178378 ubox
191 207 0.011199308 ubox
191 380 0.033534051 ubox
191 383 0.008270049 ubox
192 197 0.144702378 ubox
192 379 0.032656858 ubox
192 382 0.008369197 ubox
193 381 0.008225603 ubox
194 205 0.037639199 ubox
194 208 0.038130340 ubox
195 204 0.039985716 ubox
195 207 0.038725723 ubox
195 246 0.003342499 ubox
195 374 0.030677173 ubox
195 375 0.007886488 ubox
195 379 0.008596294 ubox
195 380 0.003372616 ubox
195 434 0.004671685 ubox
196 202 0.007896334 ubox
196 203 0.040018934 ubox
196 206 0.038815749 ubox
196 245 0.003470987 ubox
196 373 0.030796854 ubox
196 374 0.008175607 ubox
196 378 0.010340110 ubox
196 433 0.004758160 ubox
197 201 0.009139814 ubox
197 205 0.033776142 ubox
197 244 0.003789630 ubox
197 372 0.030097815 ubox
197 377 0.010304803 ubox
197 432 0.004744282 ubox
198 205 0.061882115 ubox
198 208 0.008692056 ubox
198 211 0.008573315 ubox
198 221 0.003908762 ubox
198 243 0.004113069 ubox
198 369 0.109464022 ubox
198 371 0.017749630 ubox
198 376 0.005711176 ubox
198 431 0.004606504 ubox
199 204 0.111042967 ubox
199 207 0.022922194 ubox
199 210 0.010965957 ubox
199 220 0.006961626 ubox
199 223 0.003225147 ubox
199 242 0.004216898 ubox
199 283 0.003776013 ubox
199 368 0.147486785 ubox
199 403 0.003747789 ubox
199 404 0.011357935 ubox
199 430 0.009400764 ubox
199 435 0.006305517 ubox
200 222 0.003954946 ubox
200 223 0.004682494 ubox
200 282 0.003632990 ubox
200 367 0.147928551 ubox
200 402 0.004247994 ubox
200 403 0.011331229 ubox
200 435 0.004240061 ubox
201 212 0.006833474 ubox
201 222 0.005481404 ubox
201 366 0.148014413 ubox
201 401 0.004266417 ubox
201 402 0.010388702 ubox
201 435 0.004241872 ubox
202 211 0.007306321 ubox
202 219 0.052552249 ubox
202 221 0.004020734 ubox
202 226 0.059247267 ubox
202 235 0.015932837 ubox
202 238 0.009552006 ubox
202 365 0.148009247 ubox
202 400 0.003641650 ubox
202 432 0.120125526 ubox
203 218 0.055274550 ubox
203 225 0.060570007 ubox
203 230 0.016348223 ubox
203 234 0.016367083 ubox
203 237 0.009887306 ubox
203 364 0.148121623 ubox
203 431 0.126975006 ubox
204 221 0.009406091 ubox
204 224 0.060589126 ubox
204 229 0.016385203 ubox
204 232 0.025331517 ubox
204 236 0.009864027 ubox
204 363 0.148101646 ubox
204 400 0.009399080 ubox
204 426 0.004314982 ubox
204 428 0.644626102 ubox
204 431 0.093206709 ubox
205 216 0.097786140 ubox
205 220 0.009752106 ubox
205 222 0.012061155 ubox
205 223 0.056776908 ubox
205 228 0.016351485 ubox
205 231 0.031490477 ubox
205 233 0.003379484 ubox
205 360 0.004546147 ubox
205 362 0.145865436 ubox
205 399 0.009384251 ubox
205 424 0.003680486 ubox
205 425 0.003259720 ubox
205 427 0.652450553 ubox
205 429 0.330009307 ubox
205 430 0.119958102 ubox
206 215 0.098698429 ubox
206 221 0.016473409 ubox
206 225 0.006305905 ubox
206 227 0.016325233 ubox
206 230 0.032979618 ubox
206 359 0.007118724 ubox
206 423 0.003680427 ubox
206 426 0.651320952 ubox
206 428 0.239919627 ubox
207 221 0.055648291 ubox
207 224 0.006357377 ubox
207 229 0.032981268 ubox
207 232 0.012327981 ubox
207 359 0.076169705 ubox
207 423 0.005450877 ubox
207 426 0.053091743 ubox
207 428 0.573151251 ubox
207 431 0.021013849 ubox
208 216 0.126694085 ubox
208 220 0.053468001 ubox
208 222 0.009413641 ubox
208 223 0.004645658 ubox
208 228 0.032724480 ubox
208 231 0.014229093 ubox
208 358 0.075839872 ubox
208 360 0.043737862 ubox
208 396 0.005631710 ubox
208 422 0.004019587 ubox
208 424 0.639882611 ubox
208 425 0.048987405 ubox
208 427 0.623162071 ubox
208 429 0.155939634 ubox
208 430 0.006843642 ubox
209 215 0.127316761 ubox
209 221 0.010000057 ubox
209 225 0.028781238 ubox
209 227 0.032195824 ubox
209 230 0.014676113 ubox
209 359 0.044398941 ubox
209 395 0.005606423 ubox
209 423 0.627397089 ubox
209 426 0.607739013 ubox
209 428 0.157843977 ubox
210 224 0.029850863 ubox
210 229 0.014683262 ubox
210 300 0.031608746 ubox
210 303 0.006479325 ubox
210 423 0.099107060 ubox
210 426 0.203312109 ubox
210 431 0.016786122 ubox
211 222 0.005069881 ubox
211 223 0.028180767 ubox
211 228 0.014615775 ubox
211 299 0.031722500 ubox
211 302 0.006488254 ubox
211 357 0.033387292 ubox
211 360 0.005939251 ubox
211 422 0.113002475 ubox
211 425 0.240082460 ubox
211 430 0.016853319 ubox
212 221 0.006342051 ubox
212 224 0.016795451 ubox
212 227 0.013699733 ubox
212 298 0.030590513 ubox
212 301 0.006215372 ubox
212 307 0.007479607 ubox
212 356 0.032810647 ubox
212 359 0.005917340 ubox
212 423 0.549782897 ubox
212 426 0.011280360 ubox
212 431 0.006644986 ubox
213 223 0.015822568 ubox
213 306 0.008762762 ubox
213 353 0.076760488 ubox
213 354 0.016531834 ubox
213 422 0.838163283 ubox
213 425 0.021322062 ubox
213 430 0.008888396 ubox
214 222 0.014365219 ubox
214 223 0.038465971 ubox
214 296 0.032305700 ubox
214 306 0.005527452 ubox
214 352 0.079737042 ubox
214 353 0.016709879 ubox
214 354 0.009921053 ubox
214 421 0.862602658 ubox
214 422 0.012876870 ubox
214 425 0.304673476 ubox
214 430 0.005337749 ubox
215 222 0.047654505 ubox
215 290 0.004266283 ubox
215 295 0.033204121 ubox
215 304 0.092115013 ubox
215 305 0.005513725 ubox
215 344 0.004481150 ubox
215 351 0.079555004 ubox
215 352 0.016061521 ubox
215 353 0.007859111 ubox
215 360 0.007899515 ubox
215 420 0.865614590 ubox
215 421 0.003233289 ubox
215 424 0.311504985 ubox
215 427 0.081400104 ubox
215 429 0.005318040 ubox
216 221 0.048588906 ubox
216 224 0.016416245 ubox
216 289 0.004772540 ubox
216 291 0.008656812 ubox
216 294 0.033052591 ubox
216 303 0.092624665 ubox
216 343 0.004524557 ubox
216 350 0.079099069 ubox
216 359 0.008095856 ubox
216 414 0.005982066 ubox
216 419 0.864232639 ubox
216 423 0.311493122 ubox
216 426 0.081783073 ubox
216 428 0.005101169 ubox
216 431 0.003481784 ubox
217 223 0.016161753 ubox
217 286 0.006034967 ubox
217 290 0.009110713 ubox
217 296 0.009022674 ubox
217 302 0.092105827 ubox
217 346 0.011499900 ubox
217 352 0.005300725 ubox
217 353 0.006485496 ubox
217 354 0.033954800 ubox
217 402 0.003444063 ubox
217 403 0.106122507 ubox
217 409 0.004539749 ubox
217 413 0.007266054 ubox
217 421 0.025903585 ubox
217 422 0.306163611 ubox
217 425 0.081807848 ubox
217 430 0.003802523 ubox
218 222 0.011110714 ubox
218 250 0.003447872 ubox
218 285 0.007317136 ubox
218 295 0.020103807 ubox
218 305 0.005042315 ubox
218 341 0.004661378 ubox
218 345 0.011620530 ubox
218 347 0.020769100 ubox
218 351 0.003481713 ubox
218 352 0.006374353 ubox
218 353 0.042189362 ubox
218 354 0.029248234 ubox
218 355 0.030567678 ubox
218 358 0.006402043 ubox
218 361 0.109023808 ubox
218 402 0.128446880 ubox
218 403 0.004883144 ubox
218 404 0.006791778 ubox
218 408 0.004483770 ubox
218 410 0.012492055 ubox
218 420 0.035824696 ubox
218 421 0.240023404 ubox
218 422 0.040221508 ubox
218 424 0.081434598 ubox
218 429 0.003904388 ubox
219 228 0.005520866 ubox
219 249 0.003384965 ubox
219 290 0.037506926 ubox
219 340 0.004911812 ubox
219 346 0.019988495 ubox
219 352 0.043344200 ubox
219 353 0.032021335 ubox
219 354 0.029560027 ubox
219 357 0.006235129 ubox
219 360 0.109252354 ubox
219 401 0.131973788 ubox
219 402 0.003831196 ubox
219 403 0.005168503 ubox
219 409 0.012387160 ubox
219 421 0.064865434 ubox
220 227 0.006220904 ubox
220 289 0.040331947 ubox
220 291 0.007344973 ubox
220 294 0.033439282 ubox
220 300 0.113415310 ubox
220 303 0.010496780 ubox
220 339 0.004974147 ubox
220 343 0.007139453 ubox
220 359 0.109271094 ubox
220 400 0.133375950 ubox
220 414 0.481389737 ubox
220 423 0.044066526 ubox
220 428 0.004249878 ubox
221 277 0.003325631 ubox
221 285 0.041242925 ubox
221 290 0.006558494 ubox
221 293 0.033823243 ubox
221 299 0.114383628 ubox
221 302 0.010491740 ubox
221 338 0.004966127 ubox
221 342 0.007089519 ubox
221 344 0.008914645 ubox
221 351 0.094930788 ubox
221 358 0.098857416 ubox
221 399 0.133170536 ubox
221 407 0.012916790 ubox
221 413 0.469687875 ubox
221 416 0.195706181 ubox
221 420 0.314661017 ubox
221 422 0.010835136 ubox
221 427 0.004227115 ubox
222 276 0.003459048 ubox
222 284 0.038763609 ubox
222 288 0.027106886 ubox
222 289 0.003320108 ubox
222 292 0.033107298 ubox
222 298 0.114987999 ubox
222 301 0.010539493 ubox
222 337 0.004384355 ubox
222 343 0.007828671 ubox
222 350 0.099825018 ubox
222 356 0.007124652 ubox
222 398 0.113957933 ubox
222 406 0.009275173 ubox
222 412 0.332168943 ubox
222 415 0.190550956 ubox
222 419 0.315818641 ubox
222 426 0.003623886 ubox
223 247 0.007199902 ubox
223 254 0.003236076 ubox
223 284 0.088034761 ubox
223 287 0.028908551 ubox
223 291 0.028377091 ubox
223 297 0.114856861 ubox
223 300 0.009633324 ubox
223 349 0.132532695 ubox
223 356 0.087355033 ubox
223 398 0.044802492 ubox
223 406 0.024278207 ubox
223 412 0.780980827 ubox
223 414 0.111798481 ubox
223 418 0.315619302 ubox
224 246 0.007798414 ubox
224 251 0.093359631 ubox
224 252 0.004205206 ubox
224 281 0.011205443 ubox
224 282 0.075664450 ubox
224 283 0.096162545 ubox
224 286 0.028112243 ubox
224 290 0.017602346 ubox
224 296 0.114600357 ubox
224 299 0.006033102 ubox
224 305 0.007160216 ubox
224 342 0.004240788 ubox
224 345 0.003303924 ubox
224 348 0.135116866 ubox
224 354 0.006784238 ubox
224 355 0.089038830 ubox
224 397 0.063319643 ubox
224 405 0.027560354 ubox
224 408 0.006800200 ubox
224 409 0.009379374 ubox
224 410 0.021078787 ubox
224 411 0.866902898 ubox
224 413 0.008417500 ubox
224 417 0.315780999 ubox
225 245 0.007543058 ubox
225 246 0.005072771 ubox
225 250 0.116158017 ubox
225 280 0.009557251 ubox
225 281 0.109814951 ubox
225 282 0.085939984 ubox
225 283 0.114773925 ubox
225 285 0.024057552 ubox
225 295 0.113696754 ubox
225 304 0.007175627 ubox
225 341 0.003685151 ubox
225 347 0.135038273 ubox
225 353 0.018630832 ubox
225 354 0.074194860 ubox
225 355 0.006539400 ubox
225 396 0.047962510 ubox
225 404 0.027557928 ubox
225 407 0.006755022 ubox
225 408 0.012029813 ubox
225 409 0.018715562 ubox
225 410 0.867072639 ubox
225 416 0.314443422 ubox
226 245 0.004960562 ubox
226 249 0.117139787 ubox
226 282 0.118446985 ubox
226 286 0.009227557 ubox
226 296 0.005373111 ubox
226 340 0.003454496 ubox
226 346 0.131240319 ubox
226 352 0.025336721 ubox
226 353 0.065266359 ubox
226 354 0.007078973 ubox
226 403 0.026633880 ubox
226 409 0.864546043 ubox
227 242 0.045297568 ubox
227 248 0.117517242 ubox
227 280 0.379563793 ubox
227 281 0.085944051 ubox
227 285 0.010581928 ubox
227 293 0.030432106 ubox
227 295 0.005870657 ubox
227 344 0.008137586 ubox
227 345 0.071476237 ubox
227 351 0.030117974 ubox
227 352 0.016457339 ubox
227 399 0.019830917 ubox
227 402 0.003957595 ubox
227 407 0.605395208 ubox
227 408 0.610271064 ubox
227 413 0.275176256 ubox
227 416 0.021338180 ubox
228 241 0.045789287 ubox
228 247 0.117758390 ubox
228 279 0.395601747 ubox
228 284 0.010356364 ubox
228 287 0.012728863 ubox
228 289 0.003963520 ubox
228 292 0.029208552 ubox
228 294 0.005770437 ubox
228 343 0.010953626 ubox
228 349 0.032326268 ubox
228 350 0.020412099 ubox
228 398 0.023593195 ubox
228 406 0.853936447 ubox
228 412 0.275634211 ubox
228 415 0.039117966 ubox
229 240 0.045870389 ubox
229 246 0.117796207 ubox
229 251 0.004987933 ubox
229 278 0.402806803 ubox
229 281 0.029878025 ubox
229 283 0.007700873 ubox
229 286 0.013045783 ubox
229 290 0.005736899 ubox
229 293 0.005607626 ubox
229 296 0.003309316 ubox
229 342 0.008662742 ubox
229 345 0.012398472 ubox
229 348 0.036693235 ubox
229 352 0.009001883 ubox
229 397 0.023687760 ubox
229 404 0.009628742 ubox
229 405 0.856591694 ubox
229 408 0.040877537 ubox
229 410 0.003300035 ubox
229 411 0.275439224 ubox
230 239 0.045959501 ubox
230 242 0.005355896 ubox
230 245 0.116557478 ubox
230 250 0.007628654 ubox
230 277 0.402998900 ubox
230 280 0.030985586 ubox
230 282 0.005821997 ubox
230 285 0.012605188 ubox
230 290 0.016837621 ubox
230 295 0.003445051 ubox
230 341 0.004296316 ubox
230 344 0.013548717 ubox
230 347 0.036649956 ubox
230 351 0.010317282 ubox
230 396 0.023379954 ubox
230 399 0.012833404 ubox
230 401 0.003637821 ubox
230 403 0.009035024 ubox
230 404 0.854711677 ubox
230 407 0.046391063 ubox
230 408 0.004158203 ubox
230 409 0.004006017 ubox
230 410 0.274795457 ubox
230 413 0.047390893 ubox
231 238 0.045669734 ubox
231 241 0.005797601 ubox
231 243 0.093876803 ubox
231 244 0.085185024 ubox
231 274 0.017686883 ubox
231 276 0.391658427 ubox
231 279 0.031381092 ubox
231 284 0.011829148 ubox
231 287 0.199961326 ubox
231 289 0.018475726 ubox
231 294 0.003480406 ubox
231 343 0.013493320 ubox
231 349 0.135074303 ubox
231 350 0.009757483 ubox
231 395 0.020485594 ubox
231 398 0.022422469 ubox
231 400 0.118914761 ubox
231 406 0.046836686 ubox
231 412 0.047668621 ubox
232 239 0.017258544 ubox
232 242 0.123877462 ubox
232 246 0.003235417 ubox
232 248 0.043817120 ubox
232 273 0.021814362 ubox
232 277 0.015616586 ubox
232 278 0.030946764 ubox
232 280 0.011083188 ubox
232 283 0.010409449 ubox
232 285 0.845525886 ubox
232 286 0.045453582 ubox
232 293 0.003310807 ubox
232 342 0.012936831 ubox
232 344 0.009809880 ubox
232 348 0.139596256 ubox
232 397 0.019381616 ubox
232 399 0.122440726 ubox
232 401 0.014435979 ubox
232 405 0.043231466 ubox
232 407 0.176177780 ubox
232 411 0.047686472 ubox
233 238 0.017244585 ubox
233 241 0.123744136 ubox
233 243 0.015977278 ubox
233 247 0.047270000 ubox
233 254 0.029660839 ubox
233 274 0.357200909 ubox
233 276 0.015296492 ubox
233 279 0.010941768 ubox
233 284 0.854199099 ubox
233 343 0.009729921 ubox
233 349 0.015114319 ubox
233 398 0.118193962 ubox
233 400 0.012519442 ubox
233 406 0.175630802 ubox
234 240 0.118904928 ubox
234 242 0.017257475 ubox
234 246 0.047764975 ubox
234 249 0.004129802 ubox
234 250 0.015167863 ubox
234 252 0.017557008 ubox
234 253 0.034571020 ubox
234 270 0.112401419 ubox
234 273 0.397604202 ubox
234 278 0.008030701 ubox
234 283 0.855553784 ubox
234 342 0.009424813 ubox
234 347 0.152028369 ubox
234 348 0.011236523 ubox
234 397 0.111949641 ubox
234 399 0.013845602 ubox
234 402 0.004063011 ubox
234 403 0.005363581 ubox
234 404 0.034099679 ubox
234 405 0.172606828 ubox
234 410 0.048484473 ubox
235 245 0.047191577 ubox
235 248 0.007802483 ubox
235 249 0.017184664 ubox
235 251 0.047546862 ubox
235 252 0.051665917 ubox
235 269 0.116461636 ubox
235 272 0.401298127 ubox
235 282 0.855619200 ubox
235 341 0.008394873 ubox
235 346 0.154392068 ubox
235 401 0.004261477 ubox
235 402 0.005950193 ubox
235 403 0.036803563 ubox
235 409 0.049890563 ubox
236 246 0.008177630 ubox
236 248 0.015974337 ubox
236 250 0.052566360 ubox
236 251 0.060796012 ubox
236 268 0.117231698 ubox
236 271 0.401858806 ubox
236 278 0.012715654 ubox
236 281 0.855743782 ubox
236 340 0.005648437 ubox
236 342 0.005390208 ubox
236 345 0.154738994 ubox
236 348 0.035533364 ubox
236 362 0.003494563 ubox
236 397 0.008735152 ubox
236 401 0.005091413 ubox
236 402 0.030878170 ubox
236 403 0.122414736 ubox
236 404 0.097056876 ubox
236 405 0.036105679 ubox
236 408 0.049902082 ubox
237 245 0.006298811 ubox
237 246 0.058744642 ubox
237 249 0.050994010 ubox
237 250 0.065059404 ubox
237 267 0.117242609 ubox
237 270 0.401808503 ubox
237 277 0.013443133 ubox
237 280 0.854315132 ubox
237 341 0.005678737 ubox
237 344 0.153522607 ubox
237 345 0.003370786 ubox
237 347 0.035727975 ubox
237 361 0.003528840 ubox
237 396 0.008290164 ubox
237 401 0.020684980 ubox
237 402 0.135921874 ubox
237 403 0.091637610 ubox
237 404 0.038334366 ubox
237 407 0.049791867 ubox
238 245 0.067519881 ubox
238 248 0.050238346 ubox
238 249 0.064041536 ubox
238 251 0.013608670 ubox
238 252 0.011164714 ubox
238 265 0.006187129 ubox
238 266 0.114440108 ubox
238 269 0.389998735 ubox
238 290 0.008716864 ubox
238 340 0.009439584 ubox
238 346 0.034118055 ubox
238 360 0.003524532 ubox
238 401 0.139251030 ubox
238 402 0.082671209 ubox
238 403 0.037467819 ubox
239 255 0.025799571 ubox
239 256 0.005954469 ubox
239 262 0.024778759 ubox
239 289 0.010030151 ubox
239 339 0.009436630 ubox
239 359 0.003482622 ubox
239 395 0.004938912 ubox
239 400 0.140138533 ubox
240 254 0.029987147 ubox
240 255 0.005830157 ubox
240 261 0.024381086 ubox
240 274 0.062452483 ubox
240 287 0.004473068 ubox
240 288 0.009298648 ubox
240 394 0.003925468 ubox
241 253 0.030689783 ubox
241 260 0.019684814 ubox
241 273 0.064210507 ubox
241 286 0.004886635 ubox
241 290 0.004288566 ubox
241 340 0.066953264 ubox
241 401 0.052192208 ubox
242 261 0.059685582 ubox
242 289 0.004561704 ubox
242 291 0.004679906 ubox
242 303 0.022405227 ubox
242 337 0.006355166 ubox
242 339 0.067296408 ubox
242 400 0.053766618 ubox
243 249 0.056273082 ubox
243 252 0.066978910 ubox
243 253 0.064547722 ubox
243 260 0.045162208 ubox
243 266 0.044126584 ubox
243 273 0.052055908 ubox
243 290 0.004675877 ubox
243 302 0.016224669 ubox
243 336 0.005350458 ubox
243 341 0.003946105 ubox
243 402 0.007381314 ubox
244 248 0.049289814 ubox
244 251 0.071592349 ubox
244 252 0.077698977 ubox
244 260 0.112124510 ubox
244 265 0.045488272 ubox
244 272 0.029061380 ubox
244 302 0.089368496 ubox
244 340 0.003898618 ubox
244 401 0.008639313 ubox
245 256 0.011580602 ubox
245 257 0.018330775 ubox
245 259 0.120757208 ubox
245 262 0.352962514 ubox
245 264 0.034149436 ubox
245 292 0.078862887 ubox
245 301 0.100470894 ubox
245 339 0.003474719 ubox
245 393 0.005692045 ubox
245 400 0.008144305 ubox
245 415 0.005255154 ubox
246 255 0.013861420 ubox
246 256 0.018369216 ubox
246 258 0.120368056 ubox
246 261 0.388679236 ubox
246 291 0.082383246 ubox
246 300 0.101164685 ubox
246 303 0.009207006 ubox
246 337 0.006185665 ubox
246 392 0.005821172 ubox
246 414 0.005807572 ubox
247 260 0.384652465 ubox
247 290 0.082110795 ubox
247 299 0.100935975 ubox
247 302 0.009279825 ubox
247 336 0.004612182 ubox
247 391 0.005780300 ubox
247 413 0.005784233 ubox
248 255 0.011824034 ubox
248 256 0.022048015 ubox
248 257 0.107055525 ubox
248 258 0.144782570 ubox
248 259 0.300504954 ubox
248 275 0.027192941 ubox
248 276 0.061793665 ubox
248 289 0.073697421 ubox
248 292 0.015619873 ubox
248 298 0.099370581 ubox
248 301 0.009079288 ubox
248 390 0.005293877 ubox
248 412 0.005492907 ubox
249 254 0.012864555 ubox
249 255 0.019340595 ubox
249 256 0.109082922 ubox
249 257 0.208583563 ubox
249 258 0.184525146 ubox
249 259 0.207334225 ubox
249 274 0.024455422 ubox
249 275 0.059551645 ubox
249 288 0.046089013 ubox
249 291 0.016360723 ubox
249 292 0.041683175 ubox
249 297 0.085049022 ubox
249 300 0.008227198 ubox
249 389 0.004493138 ubox
250 255 0.110093757 ubox
250 256 0.229115668 ubox
250 258 0.281755602 ubox
250 289 0.052239759 ubox
250 291 0.044364517 ubox
250 300 0.003484830 ubox
250 389 0.003323540 ubox
251 255 0.205465251 ubox
251 257 0.280463656 ubox
251 258 0.006112148 ubox
251 259 0.003903705 ubox
251 275 0.294626568 ubox
251 276 0.463126931 ubox
251 288 0.045040983 ubox
251 289 0.084465743 ubox
251 298 0.003276754 ubox
252 256 0.250030978 ubox
252 257 0.011639214 ubox
252 258 0.004871946 ubox
252 259 0.003574814 ubox
252 274 0.283776420 ubox
252 275 0.510290730 ubox
252 276 0.059281829 ubox
252 287 0.034692160 ubox
252 288 0.143290023 ubox
252 289 0.004046522 ubox
252 415 0.004567133 ubox
253 257 0.005406196 ubox
253 258 0.003964708 ubox
253 274 0.508816153 ubox
253 275 0.057928314 ubox
253 287 0.161736128 ubox
253 288 0.004859891 ubox
253 297 0.003372242 ubox
253 349 0.003401317 ubox
253 414 0.004914728 ubox
254 269 0.089754091 ubox
254 272 0.769006928 ubox
254 273 0.398426224 ubox
254 286 0.165538174 ubox
254 346 0.003352399 ubox
254 413 0.004942276 ubox
255 267 0.003200245 ubox
255 268 0.108136931 ubox
255 269 0.006469559 ubox
255 270 0.004853705 ubox
255 271 0.851056465 ubox
255 272 0.242695591 ubox
255 278 0.006723534 ubox
255 281 0.003230608 ubox
255 285 0.165842965 ubox
255 286 0.010712517 ubox
255 345 0.003766211 ubox
255 348 0.029875117 ubox
255 405 0.014770708 ubox
255 411 0.010074017 ubox
256 266 0.003308236 ubox
256 267 0.108253816 ubox
256 268 0.008603271 ubox
256 269 0.004548920 ubox
256 270 0.852111360 ubox
256 271 0.240055110 ubox
256 273 0.031740856 ubox
256 277 0.006734386 ubox
256 280 0.003211768 ubox
256 283 0.140146561 ubox
256 285 0.012978770 ubox
256 344 0.003696160 ubox
256 347 0.030043984 ubox
256 404 0.014972965 ubox
256 410 0.010115607 ubox
257 265 0.005440266 ubox
257 266 0.107312455 ubox
257 269 0.851898022 ubox
257 272 0.034687020 ubox
257 282 0.140254134 ubox
257 346 0.029982448 ubox
257 403 0.014963762 ubox
257 409 0.010114494 ubox
258 265 0.074206998 ubox
258 266 0.022395852 ubox
258 267 0.362642855 ubox
258 268 0.766097254 ubox
258 270 0.234261684 ubox
258 271 0.035275466 ubox
258 281 0.138058603 ubox
258 283 0.091592653 ubox
258 342 0.003200164 ubox
258 345 0.028983976 ubox
258 347 0.003618909 ubox
258 402 0.014899609 ubox
258 408 0.010079171 ubox
259 265 0.063875121 ubox
259 266 0.502527346 ubox
259 269 0.230812850 ubox
259 282 0.090514370 ubox
259 346 0.003592763 ubox
259 401 0.014808574 ubox
260 264 0.064494788 ubox
260 279 0.132751507 ubox
260 343 0.004146739 ubox
260 398 0.004483354 ubox
260 400 0.013995468 ubox
260 406 0.009803734 ubox
261 267 0.174436143 ubox
261 268 0.241034370 ubox
261 269 0.007484731 ubox
261 270 0.006152711 ubox
261 271 0.010230243 ubox
261 272 0.004704938 ubox
261 278 0.138239819 ubox
261 281 0.102522267 ubox
261 305 0.015442723 ubox
261 342 0.004151746 ubox
261 345 0.006949245 ubox
261 397 0.005696447 ubox
261 399 0.011800217 ubox
261 405 0.009929058 ubox
262 266 0.115228819 ubox
262 267 0.240897767 ubox
262 268 0.011248701 ubox
262 269 0.005073244 ubox
262 270 0.010395939 ubox
262 271 0.006107764 ubox
262 277 0.137660002 ubox
262 280 0.103892419 ubox
262 304 0.015689804 ubox
262 338 0.003234461 ubox
262 344 0.007676107 ubox
262 396 0.005788407 ubox
262 404 0.009901421 ubox
263 279 0.103877039 ubox
263 303 0.015709364 ubox
263 337 0.003237330 ubox
263 343 0.007641665 ubox
263 395 0.005733421 ubox
264 302 0.015651896 ubox
265 275 0.026175920 ubox
265 276 0.035876548 ubox
265 301 0.014041878 ubox
266 274 0.025548231 ubox
266 275 0.039832282 ubox
266 300 0.012600973 ubox
266 301 0.003265296 ubox
267 300 0.004518625 ubox
269 292 0.004405183 ubox
269 301 0.006851499 ubox
270 291 0.005165656 ubox
270 300 0.007876507 ubox
271 289 0.020788438 ubox
272 288 0.021539781 ubox
272 298 0.012305858 ubox
272 301 0.013538177 ubox
273 287 0.021847025 ubox
273 297 0.016349492 ubox
273 300 0.017655908 ubox
273 303 0.003966130 ubox
274 286 0.021254359 ubox
274 296 0.016822626 ubox
274 299 0.017377712 ubox
274 302 0.004219449 ubox
274 403 0.015160740 ubox
275 402 0.018340169 ubox
275 403 0.005610979 ubox
276 290 0.007516618 ubox
276 340 0.003586442 ubox
276 401 0.019154734 ubox
276 402 0.005972862 ubox
277 289 0.008427445 ubox
277 339 0.003267296 ubox
277 364 0.003400235 ubox
277 400 0.017788850 ubox
278 291 0.046553128 ubox
278 294 0.037817943 ubox
278 300 0.009579877 ubox
278 303 0.004030262 ubox
278 339 0.004210622 ubox
278 343 0.005404910 ubox
278 363 0.003467853 ubox
278 400 0.014024271 ubox
279 290 0.051217557 ubox
279 293 0.040397207 ubox
279 295 0.219583575 ubox
279 304 0.028718246 ubox
279 338 0.004624989 ubox
279 342 0.005005315 ubox
279 362 0.003462920 ubox
279 396 0.005465526 ubox
279 399 0.015843309 ubox
279 401 0.003906355 ubox
280 289 0.051823071 ubox
280 294 0.223332024 ubox
280 303 0.029263205 ubox
280 337 0.004557500 ubox
280 395 0.005435445 ubox
280 400 0.004224710 ubox
281 289 0.027424790 ubox
281 350 0.005908984 ubox
282 288 0.027832688 ubox
282 292 0.369805318 ubox
282 301 0.058504332 ubox
282 349 0.005926608 ubox
282 415 0.014086613 ubox
283 291 0.385377079 ubox
283 300 0.061421283 ubox
283 303 0.012117317 ubox
283 414 0.014753605 ubox
284 290 0.384978163 ubox
284 299 0.059689093 ubox
284 302 0.011857612 ubox
284 401 0.004987086 ubox
284 413 0.013981126 ubox
285 289 0.380799391 ubox
285 350 0.015757608 ubox
285 400 0.005731632 ubox
286 297 0.046129581 ubox
286 300 0.009740517 ubox
286 349 0.020525417 ubox
287 296 0.038929437 ubox
287 299 0.009338929 ubox
287 353 0.094682590 ubox
287 354 0.006069639 ubox
287 402 0.019485923 ubox
287 403 0.012473743 ubox
288 296 0.064929889 ubox
288 306 0.007106022 ubox
288 311 0.003378574 ubox
288 346 0.136374934 ubox
288 352 0.126213723 ubox
288 353 0.005414981 ubox
288 401 0.021214408 ubox
288 402 0.013454108 ubox
288 403 0.005835835 ubox
288 409 0.007658565 ubox
289 295 0.074988517 ubox
289 299 0.010306789 ubox
289 302 0.006439702 ubox
289 304 0.018504490 ubox
289 305 0.008874749 ubox
289 308 0.003298053 ubox
289 310 0.004299850 ubox
289 344 0.757322212 ubox
289 345 0.113268243 ubox
289 351 0.134072810 ubox
289 357 0.009756860 ubox
289 399 0.070868900 ubox
289 401 0.009706416 ubox
289 402 0.003729159 ubox
289 407 0.027433963 ubox
289 408 0.007161446 ubox
290 294 0.069987024 ubox
290 297 0.007097690 ubox
290 298 0.010823046 ubox
290 301 0.006756896 ubox
290 303 0.018411590 ubox
290 307 0.004015296 ubox
290 309 0.004373405 ubox
290 343 0.763866468 ubox
290 349 0.135039638 ubox
290 350 0.126814260 ubox
290 356 0.010141785 ubox
290 398 0.070266444 ubox
290 400 0.008173206 ubox
290 406 0.027520180 ubox
291 296 0.006934402 ubox
291 302 0.011707690 ubox
291 306 0.004232486 ubox
291 308 0.004364014 ubox
291 341 0.119738416 ubox
291 342 0.762270214 ubox
291 347 0.422265226 ubox
291 348 0.114882733 ubox
291 355 0.010165509 ubox
291 361 0.003167974 ubox
291 397 0.067587104 ubox
291 399 0.008588130 ubox
291 402 0.028650575 ubox
291 404 0.004548823 ubox
291 405 0.026091143 ubox
292 340 0.552345490 ubox
292 341 0.539559619 ubox
292 346 0.428922006 ubox
292 354 0.009795261 ubox
292 360 0.003193775 ubox
292 401 0.035415490 ubox
292 403 0.005575786 ubox
293 300 0.066462899 ubox
293 303 0.030628850 ubox
293 339 0.771738286 ubox
293 343 0.058172888 ubox
293 359 0.003201561 ubox
293 400 0.036501009 ubox
294 299 0.044508933 ubox
294 302 0.024944758 ubox
294 304 0.117818346 ubox
294 313 0.006155146 ubox
294 338 0.772236672 ubox
294 340 0.013320930 ubox
294 342 0.057793219 ubox
294 344 0.508350850 ubox
294 351 0.011255750 ubox
294 396 0.003171817 ubox
294 399 0.032424237 ubox
295 303 0.124435978 ubox
295 312 0.006122930 ubox
295 337 0.770719589 ubox
295 339 0.013341138 ubox
295 343 0.510705483 ubox
295 350 0.011329952 ubox
295 395 0.003183357 ubox
296 303 0.015407320 ubox
296 312 0.003989163 ubox
296 337 0.016157708 ubox
296 349 0.011219745 ubox
297 302 0.020403460 ubox
297 306 0.003672153 ubox
297 311 0.007482758 ubox
297 336 0.032583057 ubox
297 341 0.499785526 ubox
297 402 0.006908736 ubox
298 310 0.008007262 ubox
298 336 0.013124968 ubox
298 340 0.540399635 ubox
298 360 0.003646655 ubox
298 401 0.008109578 ubox
299 309 0.008056556 ubox
299 337 0.005147104 ubox
299 339 0.541215963 ubox
299 343 0.018821581 ubox
299 359 0.003779065 ubox
299 400 0.008190525 ubox
300 308 0.008045196 ubox
300 311 0.006750041 ubox
300 336 0.012809833 ubox
300 338 0.540984969 ubox
300 341 0.020586868 ubox
300 342 0.022424724 ubox
300 358 0.003846811 ubox
300 399 0.008192226 ubox
301 310 0.007759102 ubox
301 336 0.014800029 ubox
301 340 0.024018126 ubox
301 341 0.020809117 ubox
301 357 0.003848145 ubox
301 401 0.003298009 ubox
302 309 0.007881076 ubox
302 333 0.003568533 ubox
302 335 0.003243117 ubox
302 337 0.512898142 ubox
302 339 0.024698220 ubox
302 356 0.003831194 ubox
302 398 0.003185863 ubox
302 400 0.003318162 ubox
303 308 0.007854010 ubox
303 332 0.004112791 ubox
303 336 0.954838791 ubox
303 338 0.020447345 ubox
303 355 0.003762011 ubox
303 399 0.003242366 ubox
304 331 0.004090503 ubox
304 335 0.978780684 ubox
304 337 0.015482202 ubox
305 334 0.984265639 ubox
305 335 0.005541461 ubox
306 331 0.012034923 ubox
306 333 0.993413783 ubox
306 334 0.003443828 ubox
307 330 0.014058482 ubox
307 332 0.998109909 ubox
308 329 0.014597688 ubox
308 331 0.999735529 ubox
309 328 0.013561241 ubox
309 330 0.998410870 ubox
310 329 0.928597492 ubox
311 329 0.025277454 ubox
312 327 0.994254805 ubox
312 328 0.022592461 ubox
312 330 0.003621545 ubox
313 326 0.936257747 ubox
313 329 0.004313525 ubox
314 325 0.873794816 ubox
314 326 0.351075153 ubox
314 365 0.005021491 ubox
315 324 0.805872110 ubox
315 325 0.486188340 ubox
315 364 0.005127530 ubox
316 324 0.591103528 ubox
316 363 0.005204329 ubox
317 323 0.674378963 ubox
317 362 0.005279037 ubox
318 322 0.659996262 ubox
318 361 0.005278437 ubox
319 360 0.005170426 ubox
320 358 0.004287273 ubox
321 357 0.004169787 ubox
324 353 0.003939645 ubox
325 352 0.005136797 ubox
326 351 0.005800606 ubox
327 350 0.005809131 ubox
328 349 0.005796407 ubox
329 348 0.005779121 ubox
333 346 0.006167152 ubox
334 345 0.006800218 ubox
335 344 0.007018166 ubox
336 343 0.007633499 ubox
337 342 0.008239379 ubox
337 344 0.072561563 ubox
337 351 0.005345878 ubox
337 401 0.011923491 ubox
338 343 0.073824627 ubox
338 350 0.005421854 ubox
338 400 0.013289247 ubox
339 399 0.013314026 ubox
340 398 0.012882167 ubox
342 400 0.014462559 ubox
343 351 0.019681125 ubox
343 396 0.006540016 ubox
343 399 0.014520669 ubox
343 401 0.018965745 ubox
344 350 0.020048699 ubox
344 395 0.006475592 ubox
344 400 0.020592560 ubox
345 395 0.003821047 ubox
346 394 0.003471710 ubox
348 363 0.003473343 ubox
348 371 0.006572803 ubox
348 414 0.005006299 ubox
348 423 0.030168207 ubox
348 426 0.011177523 ubox
349 367 0.012512697 ubox
349 370 0.006442149 ubox
349 375 0.006910922 ubox
349 379 0.023433937 ubox
349 402 0.036295759 ubox
349 403 0.006989011 ubox
349 409 0.004400083 ubox
349 413 0.004981690 ubox
349 421 0.046858365 ubox
349 422 0.021590085 ubox
349 425 0.014752688 ubox
350 360 0.021586410 ubox
350 366 0.016051525 ubox
350 374 0.007974251 ubox
350 378 0.026310981 ubox
350 396 0.932589769 ubox
350 401 0.045785163 ubox
350 408 0.004878912 ubox
350 420 0.056036664 ubox
350 421 0.003483709 ubox
350 424 0.015764264 ubox
351 359 0.022573278 ubox
351 365 0.016333235 ubox
351 395 0.931596255 ubox
351 400 0.046620213 ubox
351 419 0.056136770 ubox
351 423 0.015671003 ubox
352 364 0.015859851 ubox
352 372 0.003230338 ubox
352 377 0.027270521 ubox
352 393 0.003599854 ubox
352 394 0.759998864 ubox
352 395 0.134143582 ubox
352 418 0.053784615 ubox
353 363 0.013021725 ubox
353 365 0.003706631 ubox
353 371 0.003246264 ubox
353 376 0.028307826 ubox
353 377 0.004387532 ubox
353 389 0.003558715 ubox
353 393 0.538788629 ubox
353 394 0.569865849 ubox
353 395 0.005153122 ubox
353 419 0.003537105 ubox
354 364 0.005331819 ubox
354 365 0.004336004 ubox
354 372 0.012153483 ubox
354 376 0.004667493 ubox
354 388 0.004358288 ubox
354 390 0.012565851 ubox
354 392 0.095004015 ubox
354 393 0.795984444 ubox
354 394 0.007068727 ubox
354 415 0.047948039 ubox
354 418 0.004022210 ubox
355 363 0.007145720 ubox
355 364 0.005198706 ubox
355 371 0.012658969 ubox
355 384 0.024774597 ubox
355 389 0.014178893 ubox
355 392 0.961618291 ubox
355 414 0.048977238 ubox
356 366 0.017427112 ubox
356 370 0.011994534 ubox
356 373 0.047965959 ubox
356 383 0.024214579 ubox
356 385 0.010750383 ubox
356 391 0.965606388 ubox
356 401 0.011208522 ubox
356 413 0.048718680 ubox
357 364 0.007242333 ubox
357 365 0.018897374 ubox
357 369 0.010499096 ubox
357 372 0.051143669 ubox
357 384 0.008078375 ubox
357 390 0.965888936 ubox
357 393 0.067557771 ubox
357 412 0.047322319 ubox
357 415 0.022889492 ubox
358 363 0.009483203 ubox
358 364 0.020097825 ubox
358 371 0.051359905 ubox
358 381 0.023548238 ubox
358 384 0.071062781 ubox
358 389 0.964917694 ubox
358 392 0.072771179 ubox
358 400 0.096188695 ubox
358 414 0.023394171 ubox
359 370 0.050888434 ubox
359 373 0.005950573 ubox
359 378 0.013859638 ubox
359 380 0.023700214 ubox
359 382 0.021517475 ubox
359 383 0.094919976 ubox
359 385 0.056380325 ubox
359 387 0.734814817 ubox
359 391 0.073904842 ubox
359 399 0.097016869 ubox
359 407 0.003950042 ubox
359 413 0.023273712 ubox
359 416 0.007786798 ubox
360 369 0.050307857 ubox
360 372 0.006271138 ubox
360 377 0.013657022 ubox
360 384 0.051739726 ubox
360 386 0.710795420 ubox
360 390 0.074233474 ubox
360 398 0.090912403 ubox
360 406 0.003807385 ubox
360 412 0.022730864 ubox
360 415 0.007825324 ubox
361 371 0.005873244 ubox
361 389 0.074215368 ubox
361 414 0.007789070 ubox
362 371 0.005061582 ubox
362 381 0.955815972 ubox
362 384 0.143718717 ubox
362 400 0.022679045 ubox
363 370 0.005128352 ubox
363 374 0.005574597 ubox
363 375 0.043686758 ubox
363 379 0.006785208 ubox
363 380 0.972032646 ubox
363 383 0.078049143 ubox
363 397 0.101764222 ubox
363 399 0.022818290 ubox
363 409 0.023616257 ubox
363 410 0.003969066 ubox
363 411 0.003163311 ubox
363 417 0.003296201 ubox
364 373 0.005515695 ubox
364 374 0.048959974 ubox
364 375 0.012496330 ubox
364 378 0.011407495 ubox
364 379 0.973285150 ubox
364 380 0.024008012 ubox
364 382 0.037276382 ubox
364 383 0.012168833 ubox
364 396 0.102139790 ubox
364 397 0.028295528 ubox
364 408 0.024480718 ubox
364 411 0.003169577 ubox
364 416 0.003206686 ubox
364 417 0.022407273 ubox
365 373 0.049379853 ubox
365 374 0.014924951 ubox
365 378 0.974764030 ubox
365 379 0.005721644 ubox
365 382 0.005944402 ubox
365 385 0.005932996 ubox
365 387 0.035098535 ubox
365 396 0.028389840 ubox
365 407 0.024484938 ubox
365 416 0.022483524 ubox
365 420 0.003170504 ubox
366 372 0.049564585 ubox
366 377 0.971307118 ubox
366 384 0.005179891 ubox
366 386 0.033069873 ubox
366 394 0.102523239 ubox
366 395 0.024928779 ubox
366 406 0.022996321 ubox
366 415 0.016066080 ubox
367 371 0.044677458 ubox
367 376 0.938092235 ubox
367 393 0.104506010 ubox
367 394 0.019697677 ubox
367 414 0.003341929 ubox
367 415 0.016573504 ubox
368 384 0.038608974 ubox
368 392 0.105475854 ubox
368 414 0.022944525 ubox
369 382 0.077194665 ubox
369 383 0.028584497 ubox
369 385 0.008105425 ubox
369 391 0.100735262 ubox
369 401 0.008174069 ubox
369 413 0.023101954 ubox
370 376 0.034329875 ubox
370 381 0.089394983 ubox
370 384 0.009203017 ubox
370 388 0.010256736 ubox
370 390 0.088210826 ubox
370 392 0.003263847 ubox
370 398 0.006215769 ubox
370 400 0.009036760 ubox
370 412 0.023083304 ubox
371 375 0.038388518 ubox
371 380 0.092822198 ubox
371 383 0.011343790 ubox
371 387 0.011725767 ubox
371 391 0.006029518 ubox
371 397 0.006575618 ubox
371 399 0.009205779 ubox
371 402 0.015330319 ubox
371 404 0.007491557 ubox
371 405 0.003543921 ubox
371 410 0.003941069 ubox
371 411 0.022678274 ubox
372 379 0.087735893 ubox
372 382 0.011714234 ubox
372 385 0.005448759 ubox
372 391 0.104202533 ubox
372 401 0.016231316 ubox
372 403 0.007439700 ubox
372 409 0.005147553 ubox
373 381 0.011401583 ubox
373 384 0.005215609 ubox
373 390 0.121337526 ubox
373 400 0.015705326 ubox
374 389 0.124161066 ubox
374 395 0.017379813 ubox
375 384 0.024153753 ubox
375 386 0.030632183 ubox
375 388 0.120054616 ubox
375 394 0.017222843 ubox
376 383 0.026064038 ubox
376 385 0.027053856 ubox
376 391 0.003247178 ubox
376 402 0.008755080 ubox
377 382 0.020708499 ubox
377 385 0.130058177 ubox
377 401 0.009975413 ubox
377 402 0.003253844 ubox
378 384 0.135378102 ubox
378 389 0.019851286 ubox
378 395 0.033350741 ubox
378 400 0.009993553 ubox
378 419 0.006675728 ubox
379 388 0.019711545 ubox
379 390 0.029076781 ubox
379 393 0.051183970 ubox
379 394 0.023638742 ubox
379 415 0.004343602 ubox
379 418 0.006714348 ubox
380 389 0.030861601 ubox
380 392 0.058304166 ubox
380 400 0.019195096 ubox
380 414 0.004548110 ubox
381 387 0.024874067 ubox
381 391 0.059479646 ubox
381 396 0.005006873 ubox
381 399 0.019482456 ubox
381 413 0.004434000 ubox
381 416 0.013377464 ubox
382 386 0.022988705 ubox
382 390 0.059902049 ubox
382 393 0.003974625 ubox
382 395 0.005027345 ubox
382 398 0.019025299 ubox
382 412 0.003590770 ubox
382 415 0.013734456 ubox
383 388 0.007826898 ubox
383 389 0.059242474 ubox
383 392 0.004394201 ubox
383 394 0.004946543 ubox
383 406 0.004676256 ubox
383 412 0.003809583 ubox
383 414 0.013668997 ubox
384 391 0.008185485 ubox
384 396 0.019001847 ubox
384 397 0.003294449 ubox
384 405 0.006117266 ubox
384 407 0.006185048 ubox
384 411 0.004800408 ubox
384 413 0.013428705 ubox
384 429 0.006710917 ubox
385 390 0.008418903 ubox
385 395 0.018699997 ubox
385 406 0.006195128 ubox
385 412 0.013201351 ubox
385 428 0.006661348 ubox
387 400 0.003283188 ubox
387 414 0.003426522 ubox
387 426 0.009911228 ubox
388 403 0.025091582 ubox
388 409 0.015930063 ubox
388 413 0.003176598 ubox
388 425 0.009951997 ubox
389 402 0.032001697 ubox
389 404 0.005469113 ubox
389 408 0.016778131 ubox
389 410 0.006518596 ubox
389 424 0.009912050 ubox
390 401 0.033035837 ubox
390 403 0.005202200 ubox
390 409 0.006335049 ubox
391 398 0.006847499 ubox
391 400 0.033153762 ubox
391 406 0.015672118 ubox
391 423 0.004015631 ubox
392 397 0.007643895 ubox
392 399 0.032854194 ubox
392 403 0.007262054 ubox
392 404 0.131518497 ubox
392 405 0.013282604 ubox
393 402 0.008879376 ubox
393 403 0.133764369 ubox
393 422 0.010952827 ubox
394 401 0.010742683 ubox
394 402 0.136858372 ubox
394 403 0.006567294 ubox
394 421 0.017678240 ubox
394 425 0.009957068 ubox
394 430 0.004319627 ubox
395 401 0.139553458 ubox
395 402 0.007112173 ubox
395 408 0.003293671 ubox
395 420 0.020967479 ubox
395 424 0.013974383 ubox
395 429 0.004955120 ubox
396 400 0.139182935 ubox
396 419 0.020971669 ubox
396 423 0.012414133 ubox
396 428 0.004954273 ubox
397 414 0.016894104 ubox
397 423 0.074225896 ubox
397 426 0.005517644 ubox
398 413 0.015078226 ubox
398 422 0.074093053 ubox
398 425 0.006037726 ubox
399 414 0.054241896 ubox
399 423 0.012996547 ubox
399 428 0.003525854 ubox
400 407 0.074960081 ubox
400 413 0.053116947 ubox
400 416 0.053969302 ubox
400 420 0.078262572 ubox
400 422 0.010629433 ubox
400 424 0.012867728 ubox
400 427 0.003581540 ubox
401 406 0.069436279 ubox
401 412 0.051190181 ubox
401 415 0.054877668 ubox
401 419 0.077858219 ubox
401 423 0.012794964 ubox
401 426 0.003499037 ubox
402 414 0.053516791 ubox
402 415 0.006717656 ubox
402 418 0.066751540 ubox
402 419 0.005088978 ubox
403 414 0.006479966 ubox
403 415 0.047837764 ubox
403 418 0.006091108 ubox
404 414 0.046845489 ubox
405 414 0.082463748 ubox
405 423 0.014762672 ubox
406 413 0.074539420 ubox
406 422 0.014052165 ubox
408 419 0.027412071 ubox
409 415 0.033921549 ubox
409 418 0.027137182 ubox
410 414 0.035130117 ubox
411 423 0.029061487 ubox
411 431 0.003900987 ubox
412 422 0.028557936 ubox
412 430 0.003829131 ubox
413 423 0.005440383 ubox
413 428 0.003701677 ubox
414 422 0.008091186 ubox
414 427 0.004080861 ubox
414 435 0.003562024 ubox
415 421 0.008464478 ubox
415 435 0.004914160 ubox
417 423 0.026254442 ubox
417 426 0.049360345 ubox
417 431 0.341063962 ubox
418 422 0.021231748 ubox
418 425 0.057199235 ubox
418 430 0.343142373 ubox
418 435 0.003260999 ubox
419 424 0.059059024 ubox
419 427 0.043386521 ubox
419 429 0.343811788 ubox
419 434 0.004220264 ubox
420 426 0.044043400 ubox
420 428 0.343495058 ubox
421 432 0.003465337 ubox
422 431 0.003358876 ubox
423 427 0.020055129 ubox
423 429 0.010113368 ubox
424 428 0.010232553 ubox
