1 11 0.053699494 ubox
1 13 0.017200426 ubox
1 14 0.091880192 ubox
1 18 0.030666770 ubox
1 24 0.006434477 ubox
1 83 0.012135495 ubox
1 199 0.005380693 ubox
1 221 0.004808943 ubox
1 389 0.003734060 ubox
1 414 0.005106646 ubox
1 431 0.014354579 ubox
2 11 0.187459902 ubox
2 13 0.092055868 ubox
2 18 0.107743890 ubox
2 23 0.006445262 ubox
2 82 0.012364132 ubox
2 205 0.007433673 ubox
2 208 0.003194440 ubox
2 221 0.075823323 ubox
2 400 0.004569851 ubox
2 414 0.009959159 ubox
2 428 0.012518568 ubox
2 431 0.009001595 ubox
3 9 0.047226105 ubox
3 10 0.173834758 ubox
3 15 0.011520695 ubox
3 17 0.109071122 ubox
3 22 0.005933666 ubox
3 42 0.048576091 ubox
3 81 0.012258293 ubox
3 202 0.003520866 ubox
3 204 0.007221017 ubox
3 206 0.008373421 ubox
3 207 0.003219344 ubox
3 220 0.077740723 ubox
3 387 0.005657939 ubox
3 399 0.004653040 ubox
3 413 0.009695763 ubox
3 416 0.325438915 ubox
3 427 0.012523438 ubox
3 429 0.010913381 ubox
3 430 0.006769038 ubox
3 433 0.132821532 ubox
4 8 0.045798762 ubox
4 12 0.143364989 ubox
4 14 0.004726213 ubox
4 19 0.004296949 ubox
4 41 0.048762194 ubox
4 200 0.004232808 ubox
4 201 0.003936905 ubox
4 205 0.008264365 ubox
4 219 0.077773445 ubox
4 226 0.005003145 ubox
4 386 0.005574610 ubox
4 398 0.003948728 ubox
4 412 0.009092982 ubox
4 415 0.327629214 ubox
4 426 0.011323299 ubox
4 428 0.006437310 ubox
4 432 0.133446973 ubox
5 11 0.148364049 ubox
5 13 0.005599768 ubox
5 14 0.140595042 ubox
5 18 0.004502308 ubox
5 40 0.048501714 ubox
5 199 0.003815353 ubox
5 218 0.077625991 ubox
5 225 0.005132887 ubox
5 414 0.316997106 ubox
5 431 0.130942112 ubox
6 13 0.140751424 ubox
6 40 0.005108305 ubox
6 199 0.009315247 ubox
6 224 0.005138527 ubox
6 384 0.006269068 ubox
6 414 0.095508255 ubox
6 423 0.005176775 ubox
6 431 0.021704540 ubox
7 38 0.045251593 ubox
7 39 0.006341756 ubox
7 96 0.006914454 ubox
7 198 0.009483362 ubox
7 223 0.005114938 ubox
7 383 0.006278848 ubox
7 413 0.106878157 ubox
7 422 0.005160952 ubox
7 430 0.026408928 ubox
8 15 0.004817609 ubox
8 37 0.047874453 ubox
8 38 0.005833865 ubox
8 93 0.025425450 ubox
8 95 0.015638558 ubox
8 197 0.009344776 ubox
8 212 0.005112395 ubox
8 222 0.005033755 ubox
8 245 0.010291176 ubox
8 382 0.006181880 ubox
8 413 0.226951339 ubox
8 421 0.004750212 ubox
8 435 0.004831267 ubox
9 14 0.004704892 ubox
9 19 0.012352208 ubox
9 33 0.009431637 ubox
9 36 0.047435190 ubox
9 75 0.011710718 ubox
9 92 0.018953515 ubox
9 196 0.009079814 ubox
9 211 0.004989836 ubox
9 214 0.073349353 ubox
9 221 0.004634739 ubox
9 244 0.011297974 ubox
9 381 0.004976129 ubox
9 412 0.252391936 ubox
9 415 0.008405907 ubox
9 432 0.004526664 ubox
10 18 0.013850851 ubox
10 28 0.003304869 ubox
10 30 0.010512351 ubox
10 32 0.011984675 ubox
10 33 0.003178527 ubox
10 34 0.003774613 ubox
10 35 0.045229424 ubox
10 74 0.012672618 ubox
10 92 0.109224659 ubox
10 195 0.007093593 ubox
10 205 0.039765511 ubox
10 208 0.011929191 ubox
10 211 0.017936902 ubox
10 213 0.074238771 ubox
10 243 0.011498371 ubox
10 284 0.003938263 ubox
10 381 0.003679586 ubox
10 412 0.041995183 ubox
10 414 0.008637081 ubox
10 431 0.004298743 ubox
11 17 0.014431102 ubox
11 27 0.004117415 ubox
11 29 0.011915667 ubox
11 31 0.012669651 ubox
11 73 0.012813337 ubox
11 78 0.004184818 ubox
11 80 0.006829034 ubox
11 91 0.120616515 ubox
11 203 0.030018341 ubox
11 204 0.052213576 ubox
11 207 0.020896176 ubox
11 210 0.018787800 ubox
11 212 0.073567257 ubox
11 242 0.011482561 ubox
11 283 0.004246627 ubox
11 347 0.003870427 ubox
11 380 0.005172497 ubox
11 410 0.350413182 ubox
11 411 0.032262645 ubox
11 430 0.003250617 ubox
11 435 0.030531863 ubox
12 26 0.004110864 ubox
12 27 0.009635211 ubox
12 72 0.012832570 ubox
12 77 0.004187810 ubox
12 79 0.006868463 ubox
12 90 0.120615441 ubox
12 95 0.004303141 ubox
12 202 0.030038805 ubox
12 282 0.004248597 ubox
12 346 0.003925987 ubox
12 375 0.004796207 ubox
12 379 0.005056236 ubox
12 409 0.352594577 ubox
12 430 0.006004217 ubox
12 435 0.683009154 ubox
13 22 0.013921031 ubox
13 26 0.010123541 ubox
13 27 0.006264070 ubox
13 71 0.012834687 ubox
13 76 0.004140249 ubox
13 78 0.006834489 ubox
13 89 0.120204065 ubox
13 94 0.004554526 ubox
13 194 0.010817263 ubox
13 203 0.130053730 ubox
13 204 0.171377350 ubox
13 207 0.037235612 ubox
13 210 0.075197183 ubox
13 240 0.011295031 ubox
13 281 0.004247962 ubox
13 345 0.003928333 ubox
13 374 0.005245549 ubox
13 378 0.004799021 ubox
13 408 0.352699719 ubox
13 417 0.007382364 ubox
13 429 0.006126146 ubox
13 430 0.004298534 ubox
13 434 0.876863947 ubox
13 435 0.004246758 ubox
14 21 0.013994895 ubox
14 25 0.009930412 ubox
14 26 0.005648773 ubox
14 29 0.023545387 ubox
14 31 0.037958594 ubox
14 42 0.003301424 ubox
14 70 0.012831733 ubox
14 76 0.005756152 ubox
14 88 0.120523958 ubox
14 93 0.004453949 ubox
14 193 0.011121000 ubox
14 202 0.130676939 ubox
14 203 0.172867666 ubox
14 206 0.037959129 ubox
14 209 0.075202146 ubox
14 239 0.011702158 ubox
14 280 0.004204590 ubox
14 344 0.003901897 ubox
14 373 0.005653083 ubox
14 407 0.352648626 ubox
14 416 0.007956881 ubox
14 429 0.004609101 ubox
14 433 0.877736003 ubox
14 434 0.004374809 ubox
15 20 0.012989284 ubox
15 28 0.023303657 ubox
15 30 0.037720115 ubox
15 41 0.003376815 ubox
15 69 0.012103488 ubox
15 75 0.005441565 ubox
15 87 0.120570788 ubox
15 92 0.004173616 ubox
15 192 0.011109574 ubox
15 200 0.088178407 ubox
15 201 0.129461847 ubox
15 205 0.036988420 ubox
15 208 0.073561614 ubox
15 226 0.012893548 ubox
15 238 0.011839159 ubox
15 279 0.003764947 ubox
15 343 0.003308694 ubox
15 372 0.005948260 ubox
15 406 0.334049765 ubox
15 415 0.007958848 ubox
15 432 0.874884087 ubox
16 24 0.077662470 ubox
16 83 0.005906326 ubox
16 86 0.117362123 ubox
16 191 0.008208652 ubox
16 196 0.013695690 ubox
16 199 0.091875732 ubox
16 225 0.013993426 ubox
16 237 0.011882324 ubox
16 371 0.006135197 ubox
16 414 0.007856367 ubox
16 431 0.866230789 ubox
17 23 0.077943421 ubox
17 40 0.003507290 ubox
17 45 0.003350570 ubox
17 82 0.006001092 ubox
17 86 0.023281057 ubox
17 191 0.012285445 ubox
17 195 0.013895342 ubox
17 199 0.447814654 ubox
17 205 0.145362397 ubox
17 208 0.013436875 ubox
17 221 0.003521694 ubox
17 224 0.014010879 ubox
17 236 0.011831155 ubox
17 371 0.003771404 ubox
17 381 0.006024292 ubox
17 400 0.024671025 ubox
17 428 0.040557835 ubox
17 431 0.066457676 ubox
18 22 0.072925803 ubox
18 27 0.010102307 ubox
18 39 0.003784794 ubox
18 44 0.003365009 ubox
18 81 0.005821069 ubox
18 85 0.029515781 ubox
18 190 0.014378445 ubox
18 194 0.013805904 ubox
18 198 0.335006833 ubox
18 203 0.083856941 ubox
18 204 0.145343912 ubox
18 207 0.014560910 ubox
18 220 0.003625802 ubox
18 223 0.013392188 ubox
18 368 0.005944698 ubox
18 370 0.003399793 ubox
18 374 0.003405139 ubox
18 380 0.006143827 ubox
18 399 0.024674109 ubox
18 402 0.014566280 ubox
18 403 0.251753558 ubox
18 404 0.098197775 ubox
18 427 0.039176757 ubox
18 430 0.077800730 ubox
19 26 0.010193871 ubox
19 38 0.003714309 ubox
19 189 0.013754701 ubox
19 197 0.237099421 ubox
19 198 0.771339847 ubox
19 202 0.079570853 ubox
19 222 0.012031139 ubox
19 367 0.005959987 ubox
19 373 0.003313763 ubox
19 379 0.005836163 ubox
19 401 0.014695916 ubox
19 402 0.258288522 ubox
19 403 0.092921485 ubox
20 25 0.008065752 ubox
20 85 0.016639617 ubox
20 197 0.905911843 ubox
20 366 0.005843615 ubox
20 401 0.259540661 ubox
20 402 0.077274151 ubox
21 83 0.131863019 ubox
21 84 0.014016980 ubox
21 196 0.949507461 ubox
21 364 0.003932753 ubox
21 365 0.004912180 ubox
21 400 0.258283445 ubox
22 40 0.008182956 ubox
22 45 0.033310499 ubox
22 82 0.132831579 ubox
22 83 0.010362131 ubox
22 104 0.007943052 ubox
22 186 0.009770519 ubox
22 191 0.038571332 ubox
22 195 0.949552815 ubox
22 279 0.008137744 ubox
22 363 0.005156774 ubox
22 364 0.003550895 ubox
22 400 0.061047936 ubox
23 38 0.015742876 ubox
23 39 0.007146044 ubox
23 44 0.033557040 ubox
23 47 0.012808115 ubox
23 77 0.006620405 ubox
23 81 0.133167347 ubox
23 103 0.012473764 ubox
23 185 0.009592548 ubox
23 190 0.039157866 ubox
23 194 0.949555326 ubox
23 278 0.008276358 ubox
23 362 0.006079659 ubox
23 397 0.255205367 ubox
23 399 0.058303991 ubox
23 405 0.003273303 ubox
23 434 0.005293736 ubox
24 31 0.018107944 ubox
24 37 0.028925802 ubox
24 38 0.006012643 ubox
24 42 0.042779800 ubox
24 44 0.005969754 ubox
24 46 0.013287728 ubox
24 76 0.008457468 ubox
24 80 0.132749185 ubox
24 102 0.012603442 ubox
24 184 0.004754146 ubox
24 187 0.019497272 ubox
24 189 0.038808974 ubox
24 193 0.949497449 ubox
24 277 0.008281475 ubox
24 361 0.006066219 ubox
24 396 0.255799337 ubox
24 399 0.012724980 ubox
24 404 0.003265829 ubox
24 433 0.005352963 ubox
25 30 0.017240198 ubox
25 33 0.007646794 ubox
25 34 0.021467089 ubox
25 35 0.020683983 ubox
25 36 0.035744978 ubox
25 41 0.042970389 ubox
25 43 0.006179681 ubox
25 45 0.013242332 ubox
25 75 0.009831466 ubox
25 101 0.011568506 ubox
25 186 0.023018442 ubox
25 188 0.040261292 ubox
25 192 0.942707539 ubox
25 276 0.008255220 ubox
25 394 0.006917605 ubox
25 395 0.244773457 ubox
25 398 0.012309757 ubox
25 432 0.003541399 ubox
26 32 0.008048415 ubox
26 33 0.023924161 ubox
26 34 0.023522551 ubox
26 35 0.038255094 ubox
26 36 0.007769773 ubox
26 40 0.040704291 ubox
26 41 0.015430056 ubox
26 74 0.008577361 ubox
26 75 0.008664994 ubox
26 191 0.886126787 ubox
26 192 0.074386689 ubox
26 275 0.008123067 ubox
26 393 0.008798808 ubox
26 394 0.170366254 ubox
26 395 0.010142462 ubox
27 32 0.022051339 ubox
27 33 0.023474405 ubox
27 34 0.037052013 ubox
27 35 0.008903016 ubox
27 40 0.016151396 ubox
27 74 0.010417192 ubox
27 181 0.004274432 ubox
27 183 0.192864691 ubox
27 186 0.449060196 ubox
27 191 0.104296497 ubox
27 274 0.007655858 ubox
27 386 0.004370749 ubox
27 392 0.010273519 ubox
27 393 0.103076426 ubox
27 394 0.008178018 ubox
28 39 0.015370250 ubox
28 73 0.009964446 ubox
28 180 0.004368776 ubox
28 182 0.196021196 ubox
28 184 0.785759462 ubox
28 185 0.322536609 ubox
28 273 0.006634343 ubox
28 385 0.005346216 ubox
28 391 0.008599774 ubox
29 40 0.075750269 ubox
29 53 0.008974828 ubox
29 179 0.004383370 ubox
29 181 0.196406135 ubox
29 183 0.864087863 ubox
29 186 0.153720831 ubox
29 384 0.005362811 ubox
29 392 0.068138153 ubox
30 39 0.073929228 ubox
30 52 0.009158724 ubox
30 180 0.196247448 ubox
30 182 0.864150080 ubox
30 184 0.153010760 ubox
30 185 0.113748761 ubox
30 383 0.004933455 ubox
30 385 0.005525726 ubox
30 391 0.057831493 ubox
31 40 0.207874658 ubox
31 51 0.009237739 ubox
31 179 0.195552888 ubox
31 181 0.864302053 ubox
31 183 0.186319899 ubox
31 186 0.271834525 ubox
31 384 0.006374425 ubox
31 392 0.019107887 ubox
32 38 0.017122960 ubox
32 39 0.204594177 ubox
32 50 0.008647528 ubox
32 96 0.004300614 ubox
32 180 0.850405721 ubox
32 182 0.183373075 ubox
32 185 0.271667693 ubox
32 383 0.006311419 ubox
32 391 0.016025182 ubox
33 37 0.015090197 ubox
33 38 0.178407672 ubox
33 39 0.011199330 ubox
33 95 0.004616075 ubox
33 96 0.009919947 ubox
33 184 0.257138223 ubox
33 185 0.020560557 ubox
33 382 0.005894361 ubox
34 38 0.011274773 ubox
34 90 0.008848071 ubox
34 95 0.010211748 ubox
34 96 0.013147595 ubox
34 184 0.020632866 ubox
34 185 0.006716509 ubox
35 89 0.009979250 ubox
35 95 0.012632427 ubox
35 96 0.061165944 ubox
35 184 0.007072463 ubox
36 88 0.010268497 ubox
36 93 0.009232806 ubox
36 95 0.067271417 ubox
36 177 0.064100260 ubox
36 180 0.255579978 ubox
36 182 0.029691872 ubox
36 184 0.003216107 ubox
36 391 0.048535519 ubox
37 87 0.010202790 ubox
37 92 0.007411720 ubox
37 176 0.040975204 ubox
37 179 0.282671752 ubox
37 181 0.027173769 ubox
37 390 0.073773195 ubox
38 55 0.003768040 ubox
38 86 0.005550350 ubox
38 178 0.252470771 ubox
38 179 0.039404142 ubox
38 389 0.074155888 ubox
39 45 0.009331719 ubox
39 54 0.004308402 ubox
39 92 0.097491015 ubox
39 98 0.005824616 ubox
39 176 0.935553596 ubox
39 178 0.016742852 ubox
39 388 0.074285878 ubox
40 44 0.011009986 ubox
40 89 0.008801511 ubox
40 90 0.020693741 ubox
40 91 0.102305988 ubox
40 94 0.004088458 ubox
40 97 0.006859460 ubox
40 175 0.952288589 ubox
40 177 0.003703176 ubox
40 361 0.005306525 ubox
40 387 0.074193712 ubox
40 404 0.012203282 ubox
41 52 0.014000584 ubox
41 88 0.011307369 ubox
41 89 0.029313276 ubox
41 90 0.098873011 ubox
41 93 0.004073432 ubox
41 96 0.006646252 ubox
41 174 0.952268434 ubox
41 360 0.005449155 ubox
41 385 0.072888825 ubox
41 403 0.012254733 ubox
42 51 0.015886328 ubox
42 53 0.035355401 ubox
42 86 0.014068908 ubox
42 173 0.952375399 ubox
42 359 0.005429932 ubox
42 384 0.073113541 ubox
43 50 0.014317246 ubox
43 52 0.036102098 ubox
43 85 0.013253766 ubox
43 172 0.952169471 ubox
43 360 0.004543020 ubox
43 382 0.044912498 ubox
43 383 0.055967036 ubox
43 385 0.005222465 ubox
43 401 0.014342995 ubox
44 51 0.036415425 ubox
44 53 0.009297079 ubox
44 82 0.007058983 ubox
44 84 0.011071090 ubox
44 86 0.222780895 ubox
44 101 0.027086374 ubox
44 171 0.951904328 ubox
44 359 0.005570157 ubox
44 381 0.063496876 ubox
44 384 0.005360211 ubox
44 400 0.014978705 ubox
45 50 0.024690107 ubox
45 52 0.009861046 ubox
45 60 0.005893963 ubox
45 81 0.007158236 ubox
45 85 0.225190845 ubox
45 100 0.027310953 ubox
45 169 0.627952801 ubox
45 170 0.715441178 ubox
45 358 0.005559894 ubox
45 380 0.062943753 ubox
45 383 0.004326197 ubox
45 399 0.014877737 ubox
46 51 0.010004668 ubox
46 54 0.003880179 ubox
46 55 0.052297663 ubox
46 56 0.184884062 ubox
46 59 0.005925909 ubox
46 83 0.009453083 ubox
46 84 0.225447402 ubox
46 99 0.026775912 ubox
46 167 0.011329113 ubox
46 168 0.887443750 ubox
47 53 0.003881999 ubox
47 54 0.052353455 ubox
47 55 0.186022560 ubox
47 56 0.018272217 ubox
47 58 0.005908324 ubox
47 82 0.009397068 ubox
47 83 0.224741938 ubox
47 84 0.030096338 ubox
47 166 0.012336294 ubox
47 167 0.887128928 ubox
47 168 0.343918120 ubox
48 53 0.052109151 ubox
48 54 0.186034085 ubox
48 55 0.018686355 ubox
48 56 0.007175947 ubox
48 82 0.222801195 ubox
48 83 0.035074314 ubox
48 84 0.049064280 ubox
48 162 0.017777799 ubox
48 166 0.885345841 ubox
48 167 0.345162502 ubox
48 168 0.008575274 ubox
49 53 0.184690467 ubox
49 54 0.018689186 ubox
49 55 0.007431910 ubox
49 56 0.005151846 ubox
49 82 0.038904595 ubox
49 83 0.050621644 ubox
49 99 0.003519006 ubox
49 161 0.024856470 ubox
49 162 0.693108226 ubox
49 166 0.344930270 ubox
49 167 0.008744692 ubox
50 54 0.006700755 ubox
50 55 0.005086616 ubox
50 82 0.051398322 ubox
50 98 0.003691909 ubox
50 161 0.694867538 ubox
50 166 0.008025104 ubox
51 76 0.035913251 ubox
51 81 0.080317796 ubox
51 97 0.003701061 ubox
51 160 0.692867072 ubox
51 163 0.596795129 ubox
51 165 0.009169240 ubox
52 74 0.031445895 ubox
52 75 0.029243120 ubox
52 82 0.027343466 ubox
52 161 0.273119019 ubox
52 162 0.566116575 ubox
53 72 0.005721903 ubox
53 73 0.037884920 ubox
53 77 0.059416143 ubox
53 78 0.145819765 ubox
53 79 0.071131784 ubox
53 80 0.052382881 ubox
53 81 0.139296361 ubox
53 122 0.003197620 ubox
53 156 0.016043239 ubox
53 157 0.132360186 ubox
53 158 0.150870499 ubox
53 159 0.657191736 ubox
53 160 0.320354680 ubox
53 164 0.023459406 ubox
53 165 0.006831894 ubox
54 71 0.007481176 ubox
54 72 0.043458693 ubox
54 76 0.064408937 ubox
54 77 0.145457496 ubox
54 78 0.076233051 ubox
54 79 0.051044734 ubox
54 80 0.139732889 ubox
54 81 0.013729071 ubox
54 121 0.003286401 ubox
54 155 0.016224875 ubox
54 156 0.132503697 ubox
54 157 0.142422539 ubox
54 158 0.836847683 ubox
54 159 0.227984398 ubox
54 160 0.306951547 ubox
54 163 0.022831909 ubox
54 164 0.006815612 ubox
55 70 0.007473934 ubox
55 71 0.044176281 ubox
55 76 0.145032195 ubox
55 77 0.075309422 ubox
55 78 0.052986246 ubox
55 79 0.138830370 ubox
55 80 0.013753409 ubox
55 81 0.005212108 ubox
55 154 0.022624210 ubox
55 155 0.131499702 ubox
55 156 0.127925589 ubox
55 157 0.927705013 ubox
55 158 0.035712603 ubox
55 159 0.050765572 ubox
55 160 0.022283141 ubox
55 163 0.006293164 ubox
55 348 0.006090673 ubox
56 70 0.044007394 ubox
56 73 0.168906296 ubox
56 76 0.072480279 ubox
56 77 0.031636982 ubox
56 78 0.136578229 ubox
56 79 0.007709363 ubox
56 80 0.005295940 ubox
56 119 0.005921730 ubox
56 154 0.140103346 ubox
56 155 0.093002969 ubox
56 156 0.931860524 ubox
56 157 0.027184127 ubox
56 158 0.011857718 ubox
56 159 0.025603102 ubox
56 160 0.005354695 ubox
56 347 0.006245680 ubox
57 68 0.006926054 ubox
57 72 0.272002980 ubox
57 73 0.014750245 ubox
57 77 0.114025891 ubox
57 79 0.004495764 ubox
57 118 0.005944964 ubox
57 155 0.934076384 ubox
57 158 0.028567510 ubox
57 159 0.005320941 ubox
57 165 0.020051184 ubox
57 346 0.006277079 ubox
58 67 0.006216278 ubox
58 68 0.043597307 ubox
58 71 0.298411634 ubox
58 72 0.003388355 ubox
58 76 0.062223394 ubox
58 117 0.005950975 ubox
58 154 0.933261158 ubox
58 155 0.003964573 ubox
58 156 0.006114112 ubox
58 157 0.029343188 ubox
58 158 0.005296533 ubox
58 164 0.020765752 ubox
58 345 0.006283483 ubox
58 362 0.011039088 ubox
59 67 0.051571034 ubox
59 70 0.303331905 ubox
59 71 0.004266228 ubox
59 116 0.005935195 ubox
59 149 0.741889291 ubox
59 152 0.589752089 ubox
59 154 0.004319623 ubox
59 156 0.027210520 ubox
59 157 0.005153334 ubox
59 163 0.020772851 ubox
59 344 0.006280715 ubox
59 361 0.011196056 ubox
60 66 0.051678446 ubox
60 69 0.303346888 ubox
60 148 0.743548701 ubox
60 151 0.587948058 ubox
60 162 0.020758809 ubox
60 343 0.006243971 ubox
61 65 0.041906793 ubox
61 68 0.273256937 ubox
61 121 0.003836155 ubox
61 147 0.743275297 ubox
61 360 0.012188186 ubox
62 69 0.005156829 ubox
62 113 0.004614149 ubox
62 120 0.004260188 ubox
62 132 0.003427225 ubox
62 148 0.328087396 ubox
62 161 0.020543612 ubox
62 224 0.006123184 ubox
62 359 0.012449972 ubox
63 68 0.005442228 ubox
63 112 0.003614049 ubox
63 119 0.004268163 ubox
63 131 0.003445419 ubox
63 146 0.945072806 ubox
63 147 0.063651658 ubox
63 156 0.006191855 ubox
63 160 0.020593596 ubox
63 223 0.006179711 ubox
63 358 0.012458600 ubox
64 112 0.003847651 ubox
64 118 0.004133077 ubox
64 130 0.003394168 ubox
64 145 0.947325305 ubox
64 155 0.007401682 ubox
64 159 0.020481172 ubox
64 222 0.006204641 ubox
64 357 0.012454050 ubox
65 111 0.004295616 ubox
65 115 0.003873185 ubox
65 140 0.005923446 ubox
65 144 0.942703936 ubox
65 153 0.051536006 ubox
65 221 0.006203131 ubox
65 356 0.012433627 ubox
66 100 0.004140839 ubox
66 114 0.004081960 ubox
66 129 0.003352255 ubox
66 139 0.007776551 ubox
66 142 0.675645076 ubox
66 143 0.666946477 ubox
66 152 0.052209119 ubox
66 220 0.006204191 ubox
66 355 0.012089689 ubox
67 99 0.004261810 ubox
67 110 0.008264300 ubox
67 113 0.003650638 ubox
67 128 0.003329438 ubox
67 138 0.008149571 ubox
67 141 0.949257964 ubox
67 151 0.052216606 ubox
67 218 0.006318808 ubox
67 350 0.003235270 ubox
68 86 0.003842184 ubox
68 98 0.004257759 ubox
68 109 0.009112963 ubox
68 137 0.008153805 ubox
68 140 0.948643671 ubox
68 150 0.052205496 ubox
68 217 0.006320109 ubox
68 349 0.003231767 ubox
69 85 0.007242776 ubox
69 97 0.004227756 ubox
69 108 0.009259904 ubox
69 136 0.008187230 ubox
69 139 0.949355127 ubox
69 142 0.012733712 ubox
69 149 0.052206037 ubox
69 216 0.006321538 ubox
69 348 0.003221124 ubox
70 83 0.006876142 ubox
70 84 0.010563495 ubox
70 107 0.009294446 ubox
70 126 0.003338205 ubox
70 135 0.007806303 ubox
70 138 0.949154542 ubox
70 141 0.012781083 ubox
70 148 0.051850679 ubox
70 215 0.005490756 ubox
71 82 0.008387510 ubox
71 83 0.013763552 ubox
71 84 0.014000509 ubox
71 106 0.009302571 ubox
71 126 0.007702701 ubox
71 135 0.013270365 ubox
71 137 0.937587448 ubox
71 138 0.014079107 ubox
71 140 0.010613399 ubox
72 82 0.014359681 ubox
72 83 0.024064581 ubox
72 84 0.005770332 ubox
72 87 0.235019735 ubox
72 105 0.009267089 ubox
72 124 0.042464090 ubox
72 125 0.007058304 ubox
72 133 0.015965942 ubox
72 134 0.025318811 ubox
72 135 0.100674141 ubox
72 137 0.017506687 ubox
72 214 0.004396367 ubox
72 372 0.005984617 ubox
73 82 0.027653957 ubox
73 83 0.009300388 ubox
73 86 0.245575397 ubox
73 104 0.008683992 ubox
73 123 0.046419265 ubox
73 124 0.005235813 ubox
73 128 0.004968178 ubox
73 132 0.014170308 ubox
73 133 0.021151169 ubox
73 134 0.075751099 ubox
73 137 0.003538169 ubox
73 213 0.004368399 ubox
73 371 0.008811758 ubox
73 376 0.004355988 ubox
74 85 0.176988325 ubox
74 89 0.042138141 ubox
74 90 0.061571551 ubox
74 122 0.047051047 ubox
74 127 0.005853283 ubox
74 212 0.004240501 ubox
74 367 0.018532647 ubox
74 370 0.008633992 ubox
74 375 0.004450017 ubox
75 85 0.661079731 ubox
75 88 0.041033039 ubox
75 89 0.065381028 ubox
75 121 0.047180985 ubox
75 127 0.069650130 ubox
75 366 0.021271840 ubox
76 83 0.182442771 ubox
76 84 0.751271759 ubox
76 99 0.012581915 ubox
76 106 0.010185088 ubox
76 107 0.007459560 ubox
76 110 0.003423658 ubox
76 120 0.045992185 ubox
76 126 0.074488548 ubox
76 135 0.065414726 ubox
76 141 0.010590776 ubox
76 365 0.021021548 ubox
77 82 0.166218353 ubox
77 83 0.716510934 ubox
77 84 0.151483565 ubox
77 87 0.121148336 ubox
77 98 0.012314596 ubox
77 105 0.010207410 ubox
77 107 0.011671605 ubox
77 109 0.003296659 ubox
77 125 0.072213283 ubox
77 133 0.028844614 ubox
77 134 0.059142190 ubox
77 140 0.006066910 ubox
77 141 0.035816582 ubox
77 364 0.009562040 ubox
77 372 0.008625678 ubox
78 82 0.692430718 ubox
78 83 0.326303981 ubox
78 84 0.051196146 ubox
78 86 0.125601773 ubox
78 99 0.049865569 ubox
78 104 0.009903385 ubox
78 106 0.021785752 ubox
78 107 0.008614624 ubox
78 126 0.010906887 ubox
78 132 0.030272719 ubox
78 135 0.030898986 ubox
78 140 0.039995532 ubox
78 141 0.009224205 ubox
78 151 0.006836576 ubox
78 168 0.003222658 ubox
78 363 0.008241395 ubox
78 365 0.024868766 ubox
78 371 0.008967838 ubox
79 83 0.046740715 ubox
79 87 0.043672738 ubox
79 98 0.049548780 ubox
79 105 0.021854296 ubox
79 106 0.008312618 ubox
79 107 0.004345636 ubox
79 125 0.010501259 ubox
79 133 0.026435898 ubox
79 134 0.028982934 ubox
79 140 0.009057092 ubox
79 150 0.006702682 ubox
79 168 0.005326907 ubox
79 364 0.003179839 ubox
79 365 0.048394153 ubox
80 86 0.045715042 ubox
80 104 0.016126226 ubox
80 106 0.006657073 ubox
80 107 0.004977124 ubox
80 132 0.026054629 ubox
80 138 0.045022949 ubox
80 141 0.004058773 ubox
80 167 0.006985819 ubox
80 364 0.073343741 ubox
80 365 0.005279164 ubox
81 101 0.011015317 ubox
81 104 0.022638315 ubox
81 106 0.004970311 ubox
81 120 0.083463875 ubox
81 132 0.029123980 ubox
81 137 0.045863773 ubox
81 140 0.004050406 ubox
81 148 0.008255325 ubox
81 166 0.006997437 ubox
81 363 0.073878074 ubox
81 364 0.005017054 ubox
81 400 0.005592197 ubox
82 89 0.015523504 ubox
82 90 0.011996542 ubox
82 91 0.113369895 ubox
82 94 0.006398148 ubox
82 95 0.233979726 ubox
82 96 0.009983802 ubox
82 97 0.009491448 ubox
82 100 0.010938477 ubox
82 103 0.030439496 ubox
82 118 0.058461997 ubox
82 119 0.083997534 ubox
82 131 0.028946122 ubox
82 136 0.048937965 ubox
82 139 0.004011373 ubox
82 147 0.014356401 ubox
82 165 0.007008557 ubox
82 362 0.074028166 ubox
82 399 0.005834378 ubox
82 405 0.005898901 ubox
83 88 0.018199250 ubox
83 89 0.014823795 ubox
83 90 0.110581841 ubox
83 91 0.095230150 ubox
83 93 0.016420869 ubox
83 94 0.313724206 ubox
83 95 0.011077438 ubox
83 96 0.007276216 ubox
83 97 0.011753180 ubox
83 102 0.030401921 ubox
83 103 0.023481898 ubox
83 117 0.104332369 ubox
83 118 0.010480107 ubox
83 130 0.017464077 ubox
83 146 0.014463360 ubox
83 155 0.003314209 ubox
83 164 0.007044385 ubox
83 358 0.007917259 ubox
83 361 0.073947593 ubox
83 362 0.004901523 ubox
83 397 0.008221915 ubox
83 404 0.005921253 ubox
84 88 0.011007940 ubox
84 89 0.099413923 ubox
84 90 0.090848339 ubox
84 93 0.485681909 ubox
84 94 0.013439684 ubox
84 95 0.006244782 ubox
84 96 0.010151279 ubox
84 100 0.028604677 ubox
84 102 0.023885069 ubox
84 116 0.104620926 ubox
84 117 0.007508721 ubox
84 129 0.016300404 ubox
84 136 0.007251340 ubox
84 145 0.014458485 ubox
84 154 0.003768199 ubox
84 163 0.007030594 ubox
84 357 0.010616300 ubox
84 360 0.070021002 ubox
84 361 0.004996520 ubox
84 396 0.008277317 ubox
84 399 0.061213397 ubox
85 92 0.522039511 ubox
85 98 0.059025138 ubox
85 99 0.017376076 ubox
85 101 0.023575224 ubox
85 115 0.104855725 ubox
85 128 0.014283916 ubox
85 135 0.003567589 ubox
85 144 0.014461963 ubox
85 153 0.003776273 ubox
85 162 0.005287423 ubox
85 356 0.011868813 ubox
85 359 0.068734570 ubox
85 395 0.007738604 ubox
85 398 0.062000499 ubox
86 91 0.536905146 ubox
86 94 0.044144761 ubox
86 97 0.071285731 ubox
86 100 0.022714102 ubox
86 114 0.104838115 ubox
86 127 0.008036957 ubox
86 136 0.014460637 ubox
86 143 0.014417216 ubox
86 152 0.003766994 ubox
86 160 0.004214306 ubox
86 355 0.011909829 ubox
86 358 0.072608393 ubox
86 397 0.062138874 ubox
87 93 0.068950326 ubox
87 95 0.005857647 ubox
87 96 0.072638266 ubox
87 112 0.012971851 ubox
87 127 0.004864482 ubox
87 159 0.004094565 ubox
87 354 0.011618056 ubox
87 357 0.072322755 ubox
88 92 0.063567005 ubox
88 99 0.012230909 ubox
88 111 0.012556655 ubox
88 125 0.010801300 ubox
88 126 0.004868750 ubox
88 135 0.004426442 ubox
88 141 0.007091186 ubox
88 356 0.068062471 ubox
88 394 0.006976668 ubox
88 395 0.074111422 ubox
89 98 0.012170851 ubox
89 110 0.012141142 ubox
89 111 0.097255313 ubox
89 124 0.010861583 ubox
89 125 0.004771755 ubox
89 134 0.004853186 ubox
89 140 0.006496014 ubox
89 393 0.005823579 ubox
89 394 0.108265125 ubox
90 109 0.011015919 ubox
90 110 0.097018203 ubox
90 111 0.012049692 ubox
90 123 0.010181947 ubox
90 124 0.004448289 ubox
90 133 0.004852201 ubox
90 137 0.004116600 ubox
90 138 0.005345097 ubox
90 141 0.003209275 ubox
90 393 0.127128319 ubox
91 109 0.096588492 ubox
91 110 0.014986615 ubox
91 113 0.034184629 ubox
91 132 0.004826190 ubox
91 137 0.014485401 ubox
91 140 0.003311234 ubox
91 392 0.131389994 ubox
92 112 0.034221479 ubox
92 121 0.007258020 ubox
92 357 0.004131840 ubox
92 391 0.131386032 ubox
93 107 0.065951071 ubox
93 111 0.034210862 ubox
93 120 0.006892389 ubox
93 133 0.013230535 ubox
93 356 0.006908642 ubox
93 390 0.131429314 ubox
94 106 0.066495443 ubox
94 107 0.072661668 ubox
94 110 0.034163173 ubox
94 126 0.004212598 ubox
94 132 0.013592290 ubox
94 135 0.894561367 ubox
94 389 0.131413603 ubox
94 395 0.003586649 ubox
95 105 0.059782792 ubox
95 106 0.072950654 ubox
95 109 0.028583715 ubox
95 125 0.004230842 ubox
95 133 0.034924072 ubox
95 134 0.911795160 ubox
95 135 0.008961689 ubox
95 168 0.010124929 ubox
95 388 0.119616154 ubox
95 394 0.003476159 ubox
95 432 0.005915936 ubox
96 104 0.050617656 ubox
96 105 0.078610231 ubox
96 107 0.003650326 ubox
96 111 0.003416400 ubox
96 124 0.004018113 ubox
96 132 0.041537416 ubox
96 133 0.931143670 ubox
96 134 0.011547105 ubox
96 167 0.018136595 ubox
96 388 0.005090242 ubox
96 393 0.003286931 ubox
96 432 0.128682528 ubox
97 104 0.083685095 ubox
97 106 0.003920595 ubox
97 109 0.003846138 ubox
97 110 0.003560263 ubox
97 132 0.932587181 ubox
97 148 0.005286450 ubox
97 166 0.036332893 ubox
97 384 0.070058337 ubox
97 392 0.003222799 ubox
97 431 0.135695326 ubox
98 122 0.003969209 ubox
98 130 0.935604787 ubox
98 147 0.005723280 ubox
98 165 0.039937832 ubox
98 352 0.220324656 ubox
98 353 0.011311380 ubox
98 354 0.010852325 ubox
98 383 0.068642999 ubox
98 402 0.011698607 ubox
98 430 0.135829705 ubox
99 108 0.028211560 ubox
99 114 0.011990498 ubox
99 121 0.004314952 ubox
99 127 0.005218953 ubox
99 129 0.943579322 ubox
99 136 0.010674936 ubox
99 142 0.011535376 ubox
99 146 0.005855836 ubox
99 164 0.041350501 ubox
99 351 0.252642981 ubox
99 352 0.010220061 ubox
99 353 0.014320254 ubox
99 360 0.003182537 ubox
99 382 0.066327515 ubox
99 385 0.009290677 ubox
99 401 0.015828481 ubox
99 429 0.135935193 ubox
100 107 0.028232524 ubox
100 109 0.041733244 ubox
100 113 0.012029016 ubox
100 120 0.003946987 ubox
100 126 0.005916452 ubox
100 128 0.943614159 ubox
100 135 0.010743884 ubox
100 137 0.004910812 ubox
100 140 0.024077238 ubox
100 141 0.008212431 ubox
100 350 0.252756494 ubox
100 359 0.003385120 ubox
100 381 0.065830752 ubox
100 384 0.009476237 ubox
100 400 0.016290660 ubox
100 428 0.135933398 ubox
101 108 0.043042825 ubox
101 112 0.011904775 ubox
101 121 0.010813311 ubox
101 127 0.943133309 ubox
101 136 0.005775195 ubox
101 139 0.025928290 ubox
101 142 0.008943647 ubox
101 163 0.042441489 ubox
101 169 0.009439202 ubox
101 351 0.044904773 ubox
101 380 0.060996499 ubox
101 383 0.007043110 ubox
101 399 0.016213414 ubox
101 427 0.135820092 ubox
102 107 0.043024447 ubox
102 110 0.012292357 ubox
102 120 0.008261004 ubox
102 126 0.943042394 ubox
102 135 0.005759574 ubox
102 138 0.025949982 ubox
102 141 0.008986960 ubox
102 162 0.042477358 ubox
102 168 0.009513172 ubox
102 350 0.047557519 ubox
102 364 0.004086109 ubox
102 426 0.131270631 ubox
103 109 0.012317168 ubox
103 120 0.935232376 ubox
103 132 0.011995965 ubox
103 137 0.025951795 ubox
103 140 0.008986962 ubox
103 161 0.042474241 ubox
103 167 0.009512430 ubox
103 363 0.004113326 ubox
103 381 0.005806076 ubox
103 423 0.011258252 ubox
103 426 0.006620309 ubox
104 108 0.011523726 ubox
104 119 0.936855921 ubox
104 122 0.007354532 ubox
104 131 0.012109232 ubox
104 136 0.025887572 ubox
104 139 0.008975777 ubox
104 160 0.042345921 ubox
104 283 0.006366012 ubox
104 347 0.302782793 ubox
104 380 0.005855521 ubox
104 410 0.004894706 ubox
104 422 0.004139197 ubox
105 118 0.936740027 ubox
105 121 0.006722854 ubox
105 122 0.007123288 ubox
105 130 0.011940096 ubox
105 158 0.013582655 ubox
105 159 0.040041787 ubox
105 165 0.009511342 ubox
105 282 0.006417810 ubox
105 346 0.304166544 ubox
105 379 0.005877858 ubox
105 409 0.004920884 ubox
105 421 0.003559610 ubox
106 117 0.936620459 ubox
106 119 0.006560775 ubox
106 121 0.005671618 ubox
106 122 0.100573187 ubox
106 129 0.011037416 ubox
106 157 0.019072714 ubox
106 158 0.036954467 ubox
106 164 0.009551216 ubox
106 281 0.006449250 ubox
106 345 0.304409267 ubox
106 378 0.005858985 ubox
106 408 0.004925323 ubox
107 114 0.132974463 ubox
107 116 0.926482084 ubox
107 118 0.006452041 ubox
107 121 0.113696754 ubox
107 127 0.008361037 ubox
107 129 0.004679075 ubox
107 136 0.021036988 ubox
107 149 0.022820245 ubox
107 156 0.017629168 ubox
107 157 0.030562817 ubox
107 163 0.009549210 ubox
107 280 0.006449964 ubox
107 344 0.304423658 ubox
107 407 0.004924838 ubox
108 113 0.179991413 ubox
108 120 0.115262287 ubox
108 126 0.008846594 ubox
108 128 0.006204210 ubox
108 132 0.030958083 ubox
108 135 0.021199603 ubox
108 148 0.025988480 ubox
108 162 0.009460517 ubox
108 279 0.006449876 ubox
108 343 0.304419510 ubox
109 117 0.017223459 ubox
109 118 0.011297849 ubox
109 119 0.113504937 ubox
109 127 0.005991271 ubox
109 131 0.029888400 ubox
109 147 0.026024437 ubox
109 155 0.014162568 ubox
109 156 0.012435561 ubox
109 157 0.004658416 ubox
109 278 0.006449224 ubox
109 342 0.304383909 ubox
109 375 0.005735962 ubox
109 405 0.004924536 ubox
110 116 0.018528285 ubox
110 117 0.062664687 ubox
110 118 0.085181077 ubox
110 119 0.013493339 ubox
110 122 0.008275672 ubox
110 130 0.023932860 ubox
110 131 0.044434883 ubox
110 146 0.026075392 ubox
110 154 0.014620836 ubox
110 155 0.008628924 ubox
110 156 0.005036378 ubox
110 160 0.007749024 ubox
110 277 0.006435835 ubox
110 341 0.304182245 ubox
110 374 0.005757187 ubox
110 404 0.004924754 ubox
111 118 0.016980764 ubox
111 121 0.009058035 ubox
111 130 0.044775946 ubox
111 145 0.026068039 ubox
111 155 0.004741180 ubox
111 159 0.007503140 ubox
111 340 0.304322942 ubox
111 373 0.005537425 ubox
111 403 0.004861674 ubox
112 120 0.009124475 ubox
112 144 0.026004199 ubox
112 150 0.006554540 ubox
112 153 0.012939712 ubox
112 339 0.304175325 ubox
112 369 0.003439953 ubox
112 372 0.004627958 ubox
113 119 0.008960976 ubox
113 121 0.010636016 ubox
113 129 0.059147773 ubox
113 136 0.003583945 ubox
113 142 0.010055579 ubox
113 143 0.023961021 ubox
113 149 0.006634365 ubox
113 152 0.012963910 ubox
113 233 0.003512173 ubox
113 338 0.304386724 ubox
113 368 0.003975331 ubox
113 401 0.004549865 ubox
114 120 0.011045321 ubox
114 128 0.059345376 ubox
114 135 0.003598258 ubox
114 141 0.014079617 ubox
114 148 0.006634970 ubox
114 151 0.012903851 ubox
114 224 0.003420134 ubox
114 232 0.004527505 ubox
114 337 0.303836772 ubox
114 400 0.004677811 ubox
115 121 0.006972375 ubox
115 127 0.059321896 ubox
115 147 0.006484571 ubox
115 223 0.003789111 ubox
115 228 0.004920323 ubox
115 231 0.004729660 ubox
115 336 0.261659601 ubox
115 366 0.005165560 ubox
116 120 0.008236558 ubox
116 126 0.056919750 ubox
116 138 0.005163565 ubox
116 141 0.020932740 ubox
116 221 0.003236437 ubox
116 225 0.206222367 ubox
116 227 0.005610744 ubox
116 230 0.004894770 ubox
116 335 0.193879026 ubox
116 365 0.005375043 ubox
117 126 0.026425235 ubox
117 135 0.004827945 ubox
117 137 0.005138858 ubox
117 138 0.012036526 ubox
117 140 0.020963198 ubox
117 141 0.004936237 ubox
117 224 0.207261605 ubox
117 225 0.019791424 ubox
117 227 0.023837669 ubox
117 229 0.004771462 ubox
117 334 0.166300697 ubox
117 335 0.004509553 ubox
117 364 0.005361845 ubox
118 125 0.030050039 ubox
118 133 0.079989931 ubox
118 134 0.005052046 ubox
118 138 0.021044584 ubox
118 141 0.004932330 ubox
118 219 0.005385020 ubox
118 224 0.018506907 ubox
118 225 0.012378728 ubox
118 226 0.034120667 ubox
118 301 0.046346863 ubox
118 333 0.087832336 ubox
119 128 0.015439619 ubox
119 132 0.084124398 ubox
119 137 0.025011814 ubox
119 140 0.007783748 ubox
119 161 0.004473730 ubox
119 218 0.005601662 ubox
119 221 0.264044788 ubox
119 224 0.016796970 ubox
119 225 0.034829427 ubox
119 294 0.033050627 ubox
119 300 0.049044169 ubox
119 303 0.030209484 ubox
119 331 0.004393616 ubox
119 363 0.004540538 ubox
120 127 0.011708195 ubox
120 129 0.028048266 ubox
120 131 0.082759081 ubox
120 136 0.025412083 ubox
120 139 0.007990654 ubox
120 142 0.003919978 ubox
120 160 0.004512944 ubox
120 220 0.265409200 ubox
120 223 0.016251060 ubox
120 293 0.033873426 ubox
120 299 0.049046301 ubox
120 302 0.030390322 ubox
120 330 0.003428360 ubox
120 362 0.004518149 ubox
121 126 0.005512855 ubox
121 128 0.028971575 ubox
121 135 0.025256723 ubox
121 138 0.007972509 ubox
121 141 0.003907043 ubox
121 218 0.004314930 ubox
121 219 0.264740059 ubox
121 225 0.010541892 ubox
121 226 0.003955914 ubox
121 292 0.033731865 ubox
121 298 0.049006846 ubox
121 301 0.030376375 ubox
122 128 0.016495884 ubox
122 133 0.003206381 ubox
122 134 0.023354716 ubox
122 137 0.004806920 ubox
122 140 0.003345951 ubox
122 218 0.262428929 ubox
122 224 0.015971844 ubox
122 225 0.003672284 ubox
122 291 0.033317296 ubox
122 297 0.047853971 ubox
122 300 0.029552114 ubox
123 127 0.014189450 ubox
123 223 0.017244415 ubox
123 290 0.031888246 ubox
123 296 0.044010534 ubox
123 299 0.027979535 ubox
124 222 0.017423371 ubox
125 155 0.024122843 ubox
125 165 0.007559102 ubox
125 286 0.018782478 ubox
125 296 0.025680882 ubox
125 306 0.003257230 ubox
126 136 0.011715430 ubox
126 139 0.003225218 ubox
126 154 0.026390888 ubox
126 164 0.008391750 ubox
126 212 0.005385805 ubox
126 216 0.009405656 ubox
126 220 0.013206113 ubox
126 285 0.019565802 ubox
126 293 0.027591067 ubox
126 295 0.028744755 ubox
126 305 0.004068566 ubox
127 135 0.011655676 ubox
127 137 0.021732544 ubox
127 140 0.003614877 ubox
127 150 0.004284871 ubox
127 153 0.026403153 ubox
127 211 0.005912223 ubox
127 215 0.009300621 ubox
127 217 0.283026015 ubox
127 219 0.009440350 ubox
127 284 0.015203119 ubox
127 291 0.004906273 ubox
127 292 0.013948824 ubox
127 294 0.026328832 ubox
128 136 0.092435966 ubox
128 139 0.004347627 ubox
128 149 0.004349316 ubox
128 152 0.026409794 ubox
128 163 0.009390150 ubox
128 210 0.005961500 ubox
128 216 0.286424170 ubox
128 283 0.014365643 ubox
128 290 0.011480566 ubox
128 293 0.025660028 ubox
128 295 0.003987090 ubox
128 304 0.004592482 ubox
129 135 0.092800884 ubox
129 138 0.004347572 ubox
129 148 0.004348065 ubox
129 151 0.026408395 ubox
129 162 0.009355544 ubox
129 215 0.286515081 ubox
129 289 0.011904451 ubox
129 294 0.003973932 ubox
129 303 0.004593706 ubox
130 134 0.083621007 ubox
130 137 0.003248792 ubox
130 150 0.026125742 ubox
130 162 0.004919274 ubox
130 214 0.276403243 ubox
130 288 0.011082597 ubox
130 292 0.017429693 ubox
130 301 0.003977512 ubox
131 137 0.008758724 ubox
131 148 0.013965047 ubox
131 161 0.013354218 ubox
131 225 0.003182964 ubox
131 291 0.017436026 ubox
131 300 0.003998817 ubox
132 136 0.011051788 ubox
132 146 0.014967121 ubox
132 147 0.007712041 ubox
132 156 0.004850719 ubox
132 160 0.013624889 ubox
132 290 0.013529530 ubox
132 299 0.003532768 ubox
133 145 0.014832370 ubox
133 155 0.004859521 ubox
133 159 0.013621627 ubox
134 158 0.013590106 ubox
134 286 0.005298034 ubox
135 142 0.018878128 ubox
135 149 0.016804696 ubox
135 152 0.025819402 ubox
135 157 0.012903760 ubox
135 206 0.006067065 ubox
135 209 0.303663526 ubox
135 285 0.005409747 ubox
136 141 0.018972649 ubox
136 148 0.016821940 ubox
136 151 0.026258354 ubox
136 205 0.006092790 ubox
136 208 0.304184119 ubox
137 143 0.004873340 ubox
137 147 0.016649146 ubox
137 155 0.007065807 ubox
137 156 0.005621798 ubox
137 204 0.006093454 ubox
137 207 0.304193524 ubox
137 210 0.016505242 ubox
137 281 0.007071074 ubox
138 142 0.004809710 ubox
138 146 0.016499408 ubox
138 149 0.032141883 ubox
138 152 0.010839045 ubox
138 154 0.007142651 ubox
138 155 0.003791006 ubox
138 203 0.006087966 ubox
138 206 0.304198888 ubox
138 209 0.016727852 ubox
138 280 0.007173432 ubox
139 148 0.032259408 ubox
139 151 0.010852274 ubox
139 199 0.007137550 ubox
139 205 0.304165148 ubox
139 208 0.016729706 ubox
139 279 0.007175169 ubox
140 147 0.031905312 ubox
140 164 0.004312428 ubox
140 194 0.003491758 ubox
140 198 0.014431073 ubox
140 203 0.004329065 ubox
140 204 0.303822917 ubox
140 207 0.016729473 ubox
140 278 0.007174654 ubox
141 146 0.031323460 ubox
141 149 0.012219325 ubox
141 152 0.009337223 ubox
141 163 0.004837283 ubox
141 193 0.003567050 ubox
141 197 0.060384785 ubox
141 203 0.297866933 ubox
141 206 0.016723061 ubox
141 277 0.007151585 ubox
142 148 0.012420175 ubox
142 151 0.009575223 ubox
142 162 0.004990561 ubox
142 167 0.026278773 ubox
142 168 0.003500689 ubox
142 196 0.178370396 ubox
142 205 0.013996879 ubox
142 237 0.004790916 ubox
143 161 0.004984390 ubox
143 166 0.026338787 ubox
143 167 0.003482428 ubox
143 195 0.178190411 ubox
143 199 0.146780376 ubox
143 236 0.004792728 ubox
144 165 0.025587123 ubox
144 189 0.006309632 ubox
144 197 0.074040085 ubox
144 198 0.131049786 ubox
144 202 0.018260672 ubox
145 188 0.004377802 ubox
145 192 0.174855289 ubox
145 196 0.097724128 ubox
145 200 0.050735882 ubox
145 201 0.018341992 ubox
145 235 0.004685175 ubox
146 162 0.025355589 ubox
146 191 0.177121720 ubox
146 195 0.099984440 ubox
146 196 0.087714161 ubox
146 199 0.052386743 ubox
146 234 0.004683390 ubox
147 161 0.025415907 ubox
147 188 0.276511354 ubox
147 191 0.004789187 ubox
147 195 0.063914068 ubox
148 160 0.025381284 ubox
148 163 0.008661426 ubox
148 184 0.004464460 ubox
148 187 0.302238711 ubox
148 194 0.023041413 ubox
148 197 0.004308686 ubox
148 233 0.006402936 ubox
149 162 0.008656516 ubox
149 166 0.006659593 ubox
149 183 0.005323635 ubox
149 186 0.302858426 ubox
149 196 0.004409999 ubox
149 232 0.006873712 ubox
150 158 0.024133659 ubox
150 159 0.006443342 ubox
150 165 0.006667616 ubox
150 182 0.004344585 ubox
150 185 0.302014017 ubox
150 231 0.006866135 ubox
151 157 0.024557228 ubox
151 158 0.005324035 ubox
151 163 0.004733420 ubox
151 164 0.005725538 ubox
151 182 0.058903001 ubox
151 184 0.297013075 ubox
152 162 0.005832339 ubox
152 181 0.063221618 ubox
152 183 0.296638194 ubox
152 229 0.006879163 ubox
153 180 0.067619606 ubox
153 182 0.295442374 ubox
153 228 0.006880675 ubox
154 179 0.071686346 ubox
154 181 0.294262977 ubox
154 227 0.006882214 ubox
155 168 0.006733167 ubox
155 178 0.072950367 ubox
155 226 0.006881537 ubox
156 162 0.006584560 ubox
156 167 0.008094211 ubox
156 168 0.003813789 ubox
156 225 0.006880923 ubox
157 161 0.006560937 ubox
157 166 0.008113787 ubox
157 167 0.003836204 ubox
157 179 0.126799593 ubox
157 224 0.006846069 ubox
158 166 0.003791851 ubox
158 178 0.118397309 ubox
158 179 0.020257783 ubox
158 201 0.006211986 ubox
159 178 0.024077958 ubox
159 200 0.007050717 ubox
160 171 0.297728441 ubox
160 173 0.013756856 ubox
160 199 0.007103115 ubox
160 208 0.004958283 ubox
160 221 0.005705573 ubox
161 170 0.299506919 ubox
161 175 0.046508789 ubox
161 198 0.007081190 ubox
161 207 0.005098629 ubox
161 220 0.005504045 ubox
162 169 0.299524605 ubox
162 172 0.004629655 ubox
162 174 0.046702941 ubox
162 180 0.003520772 ubox
162 197 0.007102319 ubox
162 206 0.005152140 ubox
163 168 0.298551456 ubox
163 171 0.004694817 ubox
163 173 0.046683910 ubox
163 179 0.003373150 ubox
163 196 0.007028646 ubox
163 205 0.005127738 ubox
164 179 0.003391585 ubox
164 195 0.006935919 ubox
164 218 0.004210197 ubox
165 171 0.037804561 ubox
165 178 0.003608919 ubox
165 217 0.004206140 ubox
166 170 0.036815085 ubox
166 172 0.004063700 ubox
166 177 0.003400281 ubox
166 194 0.006694293 ubox
166 204 0.003212501 ubox
166 216 0.004161829 ubox
167 175 0.005351343 ubox
167 193 0.006687414 ubox
167 198 0.008720755 ubox
167 203 0.003211782 ubox
167 210 0.004291740 ubox
168 174 0.005395247 ubox
168 197 0.027748562 ubox
168 209 0.004297776 ubox
169 173 0.005386449 ubox
169 196 0.029078533 ubox
169 208 0.004268163 ubox
170 191 0.005429783 ubox
170 195 0.029087259 ubox
171 189 0.004662847 ubox
171 190 0.005322314 ubox
171 194 0.029072871 ubox
171 206 0.004101244 ubox
172 178 0.007517793 ubox
172 179 0.005436637 ubox
172 188 0.007026659 ubox
172 205 0.003964289 ubox
173 177 0.006718548 ubox
173 187 0.007107419 ubox
173 193 0.029296747 ubox
173 204 0.003914660 ubox
174 186 0.005417936 ubox
174 192 0.029301962 ubox
174 200 0.003764861 ubox
175 181 0.003222704 ubox
175 183 0.003282238 ubox
175 186 0.004694879 ubox
175 191 0.029281544 ubox
175 199 0.003816674 ubox
176 182 0.003309520 ubox
176 184 0.004345892 ubox
176 185 0.004743138 ubox
176 189 0.004963061 ubox
176 198 0.003664778 ubox
177 183 0.004526173 ubox
177 188 0.004945006 ubox
178 182 0.003791965 ubox
179 187 0.009824879 ubox
179 189 0.049320863 ubox
179 220 0.009991069 ubox
179 391 0.010332236 ubox
180 186 0.009690170 ubox
180 188 0.050801578 ubox
180 195 0.003564573 ubox
180 219 0.009981794 ubox
180 390 0.011737401 ubox
181 185 0.004508743 ubox
181 187 0.051031735 ubox
181 189 0.008040884 ubox
181 190 0.003672450 ubox
181 194 0.003830713 ubox
182 186 0.047742035 ubox
182 188 0.009010176 ubox
182 217 0.010099370 ubox
182 388 0.013378508 ubox
183 187 0.009151417 ubox
183 190 0.008663208 ubox
183 193 0.015077596 ubox
183 216 0.010134297 ubox
183 220 0.003721237 ubox
183 387 0.013572581 ubox
184 188 0.005500800 ubox
184 192 0.018553715 ubox
184 215 0.010092031 ubox
184 218 0.015214624 ubox
184 219 0.003229070 ubox
184 386 0.009692144 ubox
185 191 0.029203837 ubox
185 214 0.009740484 ubox
185 217 0.035343162 ubox
185 386 0.032470232 ubox
185 388 0.003564234 ubox
186 190 0.043479772 ubox
186 216 0.037925064 ubox
186 385 0.036582938 ubox
186 387 0.003636755 ubox
187 215 0.037889578 ubox
187 384 0.037117516 ubox
187 392 0.008130725 ubox
188 197 0.026241798 ubox
188 202 0.008751169 ubox
188 212 0.004508172 ubox
188 383 0.036402140 ubox
188 391 0.008144556 ubox
189 196 0.034357985 ubox
189 200 0.172030205 ubox
189 201 0.009160587 ubox
189 211 0.004627900 ubox
189 390 0.008141534 ubox
190 195 0.036423108 ubox
190 199 0.176163972 ubox
190 208 0.012396451 ubox
190 381 0.036956066 ubox
190 384 0.007542683 ubox
190 389 0.007781659 ubox
191 198 0.167360185 ubox
191 207 0.012518057 ubox
191 380 0.037108722 ubox
191 383 0.009272223 ubox
192 197 0.145755499 ubox
192 379 0.036212391 ubox
192 382 0.009361958 ubox
193 381 0.009222585 ubox
194 205 0.040579336 ubox
194 208 0.042281442 ubox
194 381 0.003257179 ubox
195 204 0.042778749 ubox
195 207 0.042867317 ubox
195 246 0.003426628 ubox
195 374 0.034116441 ubox
195 375 0.008832178 ubox
195 379 0.009597684 ubox
195 380 0.003562573 ubox
195 434 0.004831301 ubox
196 202 0.006955251 ubox
196 203 0.042805932 ubox
196 206 0.042938443 ubox
196 245 0.003547436 ubox
196 373 0.034220989 ubox
196 374 0.009118211 ubox
196 378 0.011369114 ubox
196 433 0.004912581 ubox
197 201 0.008283888 ubox
197 205 0.037447611 ubox
197 244 0.003865483 ubox
197 372 0.033479421 ubox
197 377 0.011328576 ubox
197 432 0.004902570 ubox
198 205 0.059402515 ubox
198 208 0.007658327 ubox
198 211 0.007421495 ubox
198 221 0.003978195 ubox
198 243 0.004144156 ubox
198 369 0.115081051 ubox
198 371 0.020116210 ubox
198 376 0.006212740 ubox
198 431 0.004768585 ubox
199 204 0.111416288 ubox
199 207 0.022539553 ubox
199 210 0.009698675 ubox
199 220 0.007411706 ubox
199 223 0.003400053 ubox
199 242 0.004236133 ubox
199 283 0.003697179 ubox
199 368 0.157977809 ubox
199 403 0.003495424 ubox
199 404 0.011307281 ubox
199 430 0.008825520 ubox
199 435 0.007481714 ubox
200 222 0.004059550 ubox
200 223 0.004939320 ubox
200 282 0.003566455 ubox
200 367 0.158368772 ubox
200 402 0.003931823 ubox
200 403 0.011281705 ubox
200 435 0.004531257 ubox
201 212 0.006544482 ubox
201 222 0.005606206 ubox
201 366 0.158437244 ubox
201 401 0.003935891 ubox
201 402 0.010375587 ubox
201 435 0.004544105 ubox
202 211 0.006982179 ubox
202 219 0.059160140 ubox
202 221 0.004047219 ubox
202 226 0.066141956 ubox
202 235 0.015184264 ubox
202 238 0.009083749 ubox
202 365 0.158428179 ubox
202 400 0.003292050 ubox
202 432 0.140777035 ubox
203 218 0.061958602 ubox
203 225 0.067442284 ubox
203 230 0.015706866 ubox
203 234 0.015548091 ubox
203 237 0.009372873 ubox
203 364 0.158534533 ubox
203 431 0.147241676 ubox
204 221 0.009613665 ubox
204 224 0.067458038 ubox
204 229 0.015736804 ubox
204 232 0.023968613 ubox
204 236 0.009355541 ubox
204 363 0.158515727 ubox
204 400 0.009297751 ubox
204 426 0.003594783 ubox
204 428 0.645142676 ubox
204 431 0.097620977 ubox
205 216 0.106663284 ubox
205 220 0.009994056 ubox
205 222 0.013046816 ubox
205 223 0.063443072 ubox
205 228 0.015708196 ubox
205 231 0.030099443 ubox
205 360 0.004274162 ubox
205 362 0.156083853 ubox
205 399 0.009279042 ubox
205 427 0.652461652 ubox
205 429 0.340152994 ubox
205 430 0.122578536 ubox
206 215 0.107577787 ubox
206 221 0.017905778 ubox
206 225 0.006180448 ubox
206 227 0.015686214 ubox
206 230 0.031537016 ubox
206 359 0.006743867 ubox
206 426 0.651551914 ubox
206 428 0.246201968 ubox
207 221 0.062531110 ubox
207 224 0.006223767 ubox
207 229 0.031538520 ubox
207 232 0.011502971 ubox
207 359 0.077376415 ubox
207 423 0.004560639 ubox
207 426 0.048617608 ubox
207 428 0.570354904 ubox
207 431 0.020295421 ubox
208 216 0.139031401 ubox
208 220 0.060310622 ubox
208 222 0.009497425 ubox
208 223 0.004517195 ubox
208 228 0.031324501 ubox
208 231 0.013240947 ubox
208 358 0.077066420 ubox
208 360 0.043934030 ubox
208 396 0.005515399 ubox
208 422 0.003320756 ubox
208 424 0.642126998 ubox
208 425 0.044594894 ubox
208 427 0.622918023 ubox
208 429 0.150081341 ubox
208 430 0.006126008 ubox
209 215 0.139613694 ubox
209 221 0.010063960 ubox
209 225 0.028823987 ubox
209 227 0.030912743 ubox
209 230 0.013660396 ubox
209 359 0.044605228 ubox
209 395 0.005491898 ubox
209 423 0.630634114 ubox
209 426 0.608580756 ubox
209 428 0.151685945 ubox
210 224 0.029638030 ubox
210 229 0.013664992 ubox
210 300 0.031139334 ubox
210 303 0.005826954 ubox
210 423 0.093185094 ubox
210 426 0.196786071 ubox
210 431 0.016148483 ubox
211 222 0.004937866 ubox
211 223 0.028031905 ubox
211 228 0.013611800 ubox
211 299 0.031232784 ubox
211 302 0.005833635 ubox
211 357 0.034148650 ubox
211 360 0.005629259 ubox
211 422 0.106854253 ubox
211 425 0.233001899 ubox
211 430 0.016172729 ubox
212 221 0.006265727 ubox
212 224 0.016590076 ubox
212 227 0.012852488 ubox
212 298 0.030319441 ubox
212 301 0.005609292 ubox
212 307 0.007041048 ubox
212 356 0.033561014 ubox
212 359 0.005609757 ubox
212 423 0.561871681 ubox
212 426 0.009656136 ubox
212 431 0.005910036 ubox
213 223 0.015535012 ubox
213 306 0.008174057 ubox
213 353 0.077844931 ubox
213 354 0.016363543 ubox
213 422 0.846280225 ubox
213 425 0.018706712 ubox
213 430 0.007731034 ubox
214 222 0.014085119 ubox
214 223 0.035572471 ubox
214 296 0.031611334 ubox
214 306 0.004901108 ubox
214 352 0.080520747 ubox
214 353 0.016479432 ubox
214 354 0.009773148 ubox
214 421 0.868786206 ubox
214 422 0.011613266 ubox
214 425 0.283056287 ubox
214 430 0.004426221 ubox
215 222 0.043895659 ubox
215 290 0.003647422 ubox
215 295 0.032346443 ubox
215 304 0.091059779 ubox
215 305 0.004988681 ubox
215 344 0.004153773 ubox
215 351 0.080307040 ubox
215 352 0.015897975 ubox
215 353 0.007616502 ubox
215 360 0.008052214 ubox
215 420 0.871390869 ubox
215 424 0.288690302 ubox
215 427 0.073647633 ubox
215 429 0.004392535 ubox
216 221 0.044761738 ubox
216 224 0.014475862 ubox
216 289 0.004036657 ubox
216 291 0.006802101 ubox
216 294 0.032235897 ubox
216 303 0.091498198 ubox
216 343 0.004189964 ubox
216 350 0.079894778 ubox
216 359 0.008236578 ubox
216 414 0.005241812 ubox
216 419 0.870198153 ubox
216 423 0.288678572 ubox
216 426 0.073951699 ubox
216 428 0.004219753 ubox
217 223 0.014246433 ubox
217 286 0.005526841 ubox
217 290 0.007245814 ubox
217 296 0.007801410 ubox
217 302 0.091010167 ubox
217 346 0.010903691 ubox
217 352 0.004991830 ubox
217 353 0.005993239 ubox
217 354 0.034470030 ubox
217 402 0.003211269 ubox
217 403 0.108089751 ubox
217 409 0.004108821 ubox
217 413 0.006392703 ubox
217 421 0.023037052 ubox
217 422 0.283889478 ubox
217 425 0.073971116 ubox
217 430 0.003250732 ubox
218 222 0.009966782 ubox
218 285 0.006579041 ubox
218 295 0.017455665 ubox
218 305 0.004384575 ubox
218 341 0.004324768 ubox
218 345 0.011021027 ubox
218 347 0.019973584 ubox
218 351 0.003236263 ubox
218 352 0.005864091 ubox
218 353 0.043082432 ubox
218 354 0.030619623 ubox
218 355 0.031180226 ubox
218 358 0.006276179 ubox
218 361 0.121880934 ubox
218 402 0.131650745 ubox
218 403 0.004785593 ubox
218 404 0.006548005 ubox
218 408 0.004060377 ubox
218 410 0.012667769 ubox
218 420 0.031910335 ubox
218 421 0.220965247 ubox
218 422 0.037978985 ubox
218 424 0.073691310 ubox
218 429 0.003336152 ubox
219 228 0.005619234 ubox
219 290 0.036547288 ubox
219 340 0.004516133 ubox
219 346 0.019280392 ubox
219 352 0.044236051 ubox
219 353 0.033347395 ubox
219 354 0.030115231 ubox
219 357 0.006118641 ubox
219 360 0.122087157 ubox
219 401 0.134960911 ubox
219 402 0.003725630 ubox
219 403 0.004980229 ubox
219 409 0.012574306 ubox
219 421 0.060931954 ubox
220 227 0.006282400 ubox
220 289 0.038984426 ubox
220 291 0.006398706 ubox
220 294 0.028896067 ubox
220 300 0.110779565 ubox
220 303 0.008988226 ubox
220 339 0.004565298 ubox
220 343 0.006800086 ubox
220 359 0.122104369 ubox
220 400 0.136481242 ubox
220 414 0.485489808 ubox
220 423 0.038930961 ubox
220 428 0.003684122 ubox
221 285 0.039877243 ubox
221 290 0.005743846 ubox
221 293 0.029247925 ubox
221 299 0.111706605 ubox
221 302 0.008980252 ubox
221 338 0.004558120 ubox
221 342 0.006756403 ubox
221 344 0.008523727 ubox
221 351 0.099800613 ubox
221 358 0.111183725 ubox
221 399 0.136290636 ubox
221 407 0.013017641 ubox
221 413 0.473517917 ubox
221 416 0.188458032 ubox
221 420 0.292093215 ubox
221 422 0.008938891 ubox
221 427 0.003664340 ubox
222 284 0.037460657 ubox
222 288 0.025491557 ubox
222 292 0.028679922 ubox
222 298 0.112269973 ubox
222 301 0.009036346 ubox
222 337 0.004006263 ubox
222 343 0.007424756 ubox
222 350 0.104892898 ubox
222 356 0.007269719 ubox
222 398 0.116566830 ubox
222 406 0.009335989 ubox
222 412 0.334917271 ubox
222 415 0.183599178 ubox
222 419 0.293007606 ubox
223 247 0.006394002 ubox
223 284 0.085115060 ubox
223 287 0.027108321 ubox
223 291 0.024913971 ubox
223 297 0.112191076 ubox
223 300 0.008394724 ubox
223 343 0.003230735 ubox
223 349 0.139085549 ubox
223 356 0.099864138 ubox
223 398 0.047116079 ubox
223 406 0.023907617 ubox
223 412 0.787724068 ubox
223 414 0.109891655 ubox
223 418 0.292882105 ubox
224 246 0.006935991 ubox
224 251 0.085253904 ubox
224 252 0.003616021 ubox
224 281 0.010632962 ubox
224 282 0.070652043 ubox
224 283 0.092863681 ubox
224 286 0.026339784 ubox
224 290 0.015846763 ubox
224 296 0.112009378 ubox
224 299 0.005478218 ubox
224 305 0.006497229 ubox
224 342 0.004377174 ubox
224 345 0.003167299 ubox
224 348 0.141711416 ubox
224 354 0.007324216 ubox
224 355 0.101516268 ubox
224 397 0.066603931 ubox
224 405 0.027375443 ubox
224 408 0.006287511 ubox
224 409 0.008377184 ubox
224 410 0.020357741 ubox
224 411 0.872904687 ubox
224 413 0.008016926 ubox
224 417 0.293034279 ubox
224 434 0.003228795 ubox
225 245 0.006700885 ubox
225 246 0.004550916 ubox
225 250 0.106367503 ubox
225 280 0.009045425 ubox
225 281 0.105970900 ubox
225 282 0.083496308 ubox
225 283 0.114444051 ubox
225 285 0.022715355 ubox
225 295 0.111268923 ubox
225 304 0.006500346 ubox
225 341 0.003908650 ubox
225 347 0.141643386 ubox
225 353 0.020179012 ubox
225 354 0.084062100 ubox
225 355 0.007081297 ubox
225 396 0.050348707 ubox
225 404 0.027374345 ubox
225 407 0.006252153 ubox
225 408 0.010879416 ubox
225 409 0.018192792 ubox
225 410 0.873048718 ubox
225 416 0.292014705 ubox
225 433 0.003242034 ubox
226 245 0.004444858 ubox
226 249 0.107272508 ubox
226 282 0.117317017 ubox
226 286 0.007540470 ubox
226 296 0.004529267 ubox
226 340 0.003708979 ubox
226 346 0.137920520 ubox
226 352 0.027468172 ubox
226 353 0.074410605 ubox
226 354 0.007656644 ubox
226 403 0.026509608 ubox
226 409 0.870878287 ubox
227 242 0.046838669 ubox
227 248 0.107608572 ubox
227 280 0.381764417 ubox
227 281 0.084959910 ubox
227 285 0.008701826 ubox
227 293 0.026083227 ubox
227 295 0.004922202 ubox
227 344 0.008105334 ubox
227 345 0.074013533 ubox
227 351 0.032703355 ubox
227 352 0.017107609 ubox
227 399 0.018683327 ubox
227 402 0.003652848 ubox
227 407 0.610360596 ubox
227 408 0.614681104 ubox
227 413 0.257478744 ubox
227 416 0.017684965 ubox
228 241 0.047252821 ubox
228 247 0.107810661 ubox
228 279 0.397606750 ubox
228 284 0.008524961 ubox
228 287 0.011122396 ubox
228 289 0.003659949 ubox
228 292 0.024797675 ubox
228 294 0.004817170 ubox
228 343 0.010878345 ubox
228 349 0.033151929 ubox
228 350 0.021965930 ubox
228 398 0.022109873 ubox
228 406 0.861245253 ubox
228 412 0.257845602 ubox
228 415 0.031905924 ubox
229 240 0.047313349 ubox
229 246 0.107841707 ubox
229 251 0.004486630 ubox
229 278 0.405141860 ubox
229 281 0.028461151 ubox
229 283 0.006352653 ubox
229 286 0.011366363 ubox
229 290 0.004748656 ubox
229 293 0.004672155 ubox
229 342 0.008087647 ubox
229 345 0.012292842 ubox
229 348 0.037894551 ubox
229 352 0.009247348 ubox
229 397 0.022192999 ubox
229 404 0.008355169 ubox
229 405 0.863551482 ubox
229 408 0.034973829 ubox
229 411 0.257712099 ubox
230 239 0.047381103 ubox
230 242 0.004626676 ubox
230 245 0.106861439 ubox
230 250 0.006993653 ubox
230 277 0.405324174 ubox
230 280 0.029387698 ubox
230 282 0.004848875 ubox
230 285 0.010984807 ubox
230 290 0.014937217 ubox
230 341 0.003705155 ubox
230 344 0.013367665 ubox
230 347 0.037855001 ubox
230 351 0.010512230 ubox
230 396 0.021934917 ubox
230 399 0.011699974 ubox
230 401 0.003267852 ubox
230 403 0.007799279 ubox
230 404 0.861947665 ubox
230 407 0.039741288 ubox
230 408 0.003517205 ubox
230 409 0.003538857 ubox
230 410 0.257236343 ubox
230 413 0.037971643 ubox
231 238 0.047105140 ubox
231 241 0.005010686 ubox
231 243 0.086102728 ubox
231 244 0.077975392 ubox
231 274 0.017170762 ubox
231 276 0.394175227 ubox
231 279 0.029745641 ubox
231 284 0.010355051 ubox
231 287 0.196152369 ubox
231 289 0.017934566 ubox
231 343 0.013336811 ubox
231 349 0.133034598 ubox
231 350 0.009935259 ubox
231 395 0.019438452 ubox
231 398 0.020420541 ubox
231 400 0.108692299 ubox
231 406 0.040045544 ubox
231 412 0.038150162 ubox
232 239 0.015308427 ubox
232 242 0.113657188 ubox
232 248 0.041162389 ubox
232 273 0.020779037 ubox
232 277 0.014435781 ubox
232 278 0.029384620 ubox
232 280 0.009686957 ubox
232 283 0.009185039 ubox
232 285 0.851876612 ubox
232 286 0.043074505 ubox
232 342 0.012916868 ubox
232 344 0.008971515 ubox
232 348 0.137133718 ubox
232 397 0.017644574 ubox
232 399 0.112037170 ubox
232 401 0.013371647 ubox
232 405 0.036973992 ubox
232 407 0.172855480 ubox
232 411 0.038163824 ubox
233 238 0.015282129 ubox
233 241 0.113526301 ubox
233 243 0.014681903 ubox
233 247 0.044344433 ubox
233 254 0.028243500 ubox
233 274 0.358798062 ubox
233 276 0.014147490 ubox
233 279 0.009563418 ubox
233 284 0.859422752 ubox
233 343 0.008888705 ubox
233 349 0.013788551 ubox
233 398 0.108249605 ubox
233 400 0.011507255 ubox
233 406 0.172464401 ubox
234 240 0.108915214 ubox
234 242 0.015768362 ubox
234 246 0.044773395 ubox
234 249 0.003737185 ubox
234 250 0.014381770 ubox
234 252 0.015825502 ubox
234 253 0.032453143 ubox
234 270 0.106019630 ubox
234 273 0.400857904 ubox
234 278 0.006857502 ubox
234 283 0.860540536 ubox
234 342 0.008575407 ubox
234 347 0.147323279 ubox
234 348 0.010200428 ubox
234 397 0.102648490 ubox
234 399 0.012571539 ubox
234 402 0.003487355 ubox
234 403 0.004460403 ubox
234 404 0.029389299 ubox
234 405 0.170134203 ubox
234 410 0.038802337 ubox
235 245 0.044302876 ubox
235 248 0.007198972 ubox
235 249 0.016173064 ubox
235 251 0.044024772 ubox
235 252 0.047239589 ubox
235 269 0.109638786 ubox
235 272 0.403840420 ubox
235 282 0.860568345 ubox
235 341 0.007599523 ubox
235 346 0.149202683 ubox
235 401 0.003649685 ubox
235 402 0.004906945 ubox
235 403 0.031851574 ubox
235 409 0.039899622 ubox
236 246 0.007490053 ubox
236 248 0.015082497 ubox
236 250 0.048839296 ubox
236 251 0.055316903 ubox
236 268 0.110321062 ubox
236 271 0.404289411 ubox
236 278 0.011370789 ubox
236 281 0.860684524 ubox
236 340 0.004997160 ubox
236 342 0.004865810 ubox
236 345 0.149474344 ubox
236 348 0.031670016 ubox
236 397 0.007633209 ubox
236 401 0.004192958 ubox
236 402 0.026723705 ubox
236 403 0.127622439 ubox
236 404 0.089355052 ubox
236 405 0.031019155 ubox
236 408 0.039907424 ubox
237 245 0.005824683 ubox
237 246 0.056357467 ubox
237 249 0.047528564 ubox
237 250 0.059079623 ubox
237 267 0.110331424 ubox
237 270 0.404248663 ubox
237 277 0.012000126 ubox
237 280 0.859456423 ubox
237 341 0.005114725 ubox
237 344 0.148428465 ubox
237 347 0.031817391 ubox
237 396 0.007197263 ubox
237 401 0.017823611 ubox
237 402 0.140103924 ubox
237 403 0.084369599 ubox
237 404 0.032963850 ubox
237 407 0.039828073 ubox
238 245 0.063773875 ubox
238 248 0.046968256 ubox
238 249 0.058065182 ubox
238 251 0.011091007 ubox
238 252 0.009346301 ubox
238 265 0.005555844 ubox
238 266 0.107885116 ubox
238 269 0.393423300 ubox
238 290 0.007337194 ubox
238 340 0.008528482 ubox
238 346 0.030493735 ubox
238 401 0.142873445 ubox
238 402 0.076405095 ubox
238 403 0.032309065 ubox
239 255 0.023251277 ubox
239 256 0.005188228 ubox
239 262 0.022774929 ubox
239 289 0.008436095 ubox
239 339 0.008533068 ubox
239 395 0.004193225 ubox
239 400 0.143583224 ubox
240 254 0.026927723 ubox
240 255 0.005085066 ubox
240 261 0.022429033 ubox
240 274 0.056760847 ubox
240 287 0.003833423 ubox
240 288 0.007827552 ubox
240 394 0.003314235 ubox
241 253 0.027466812 ubox
241 260 0.018057608 ubox
241 273 0.058235830 ubox
241 286 0.004173734 ubox
241 290 0.004070465 ubox
241 340 0.067140274 ubox
241 401 0.048162767 ubox
242 261 0.056930875 ubox
242 289 0.004339196 ubox
242 291 0.004346109 ubox
242 303 0.021205253 ubox
242 337 0.005685865 ubox
242 339 0.067460810 ubox
242 400 0.049663139 ubox
243 249 0.048956152 ubox
243 252 0.059608041 ubox
243 253 0.060382661 ubox
243 260 0.042662956 ubox
243 266 0.041964665 ubox
243 273 0.047061749 ubox
243 290 0.004345115 ubox
243 302 0.015342386 ubox
243 336 0.004768702 ubox
243 341 0.003365654 ubox
243 402 0.005761856 ubox
244 248 0.043787218 ubox
244 251 0.063168891 ubox
244 252 0.071638794 ubox
244 260 0.108001105 ubox
244 265 0.043100862 ubox
244 272 0.026129872 ubox
244 302 0.087936207 ubox
244 340 0.003309610 ubox
244 401 0.006846667 ubox
245 256 0.010409872 ubox
245 257 0.016164838 ubox
245 259 0.116137485 ubox
245 262 0.357553948 ubox
245 264 0.032578421 ubox
245 292 0.078163736 ubox
245 301 0.098484447 ubox
245 393 0.004844075 ubox
245 400 0.006429173 ubox
245 415 0.004901603 ubox
246 255 0.012500311 ubox
246 256 0.016186437 ubox
246 258 0.115835819 ubox
246 261 0.392484341 ubox
246 291 0.081235428 ubox
246 300 0.099082202 ubox
246 303 0.008712776 ubox
246 337 0.005837704 ubox
246 392 0.004946265 ubox
246 414 0.005453064 ubox
247 260 0.388682130 ubox
247 290 0.080968095 ubox
247 299 0.098880730 ubox
247 302 0.008767205 ubox
247 336 0.004356221 ubox
247 391 0.004914316 ubox
247 413 0.005434108 ubox
248 255 0.010219086 ubox
248 256 0.020692847 ubox
248 257 0.104497081 ubox
248 258 0.141831868 ubox
248 259 0.304599994 ubox
248 275 0.025088410 ubox
248 276 0.058731555 ubox
248 289 0.072965513 ubox
248 292 0.015550457 ubox
248 298 0.097421010 ubox
248 301 0.008575106 ubox
248 390 0.004504953 ubox
248 412 0.005180335 ubox
249 254 0.010974832 ubox
249 255 0.018374756 ubox
249 256 0.106144910 ubox
249 257 0.205626373 ubox
249 258 0.186948472 ubox
249 259 0.209811490 ubox
249 274 0.022619638 ubox
249 275 0.056667235 ubox
249 288 0.045092616 ubox
249 291 0.016135970 ubox
249 292 0.040628538 ubox
249 297 0.083871230 ubox
249 300 0.007830638 ubox
249 389 0.003853764 ubox
250 255 0.106996487 ubox
250 256 0.226762535 ubox
250 258 0.286213496 ubox
250 289 0.053146391 ubox
250 291 0.043075901 ubox
250 300 0.003195221 ubox
251 255 0.204357534 ubox
251 257 0.285107582 ubox
251 258 0.005271355 ubox
251 259 0.003372393 ubox
251 275 0.294465362 ubox
251 276 0.477431771 ubox
251 288 0.045593527 ubox
251 289 0.083225884 ubox
252 256 0.256970244 ubox
252 257 0.010423028 ubox
252 258 0.004193103 ubox
252 274 0.284583588 ubox
252 275 0.522777169 ubox
252 276 0.055226980 ubox
252 287 0.035026548 ubox
252 288 0.139529478 ubox
252 289 0.003679283 ubox
252 415 0.004236074 ubox
253 257 0.004749840 ubox
253 258 0.003445811 ubox
253 274 0.520906650 ubox
253 275 0.053692179 ubox
253 287 0.156894511 ubox
253 288 0.004359909 ubox
253 414 0.004528418 ubox
254 269 0.080884704 ubox
254 272 0.768499738 ubox
254 273 0.408783131 ubox
254 286 0.160608166 ubox
254 413 0.004551528 ubox
255 268 0.097744739 ubox
255 269 0.005735670 ubox
255 270 0.004367973 ubox
255 271 0.850735149 ubox
255 272 0.251348865 ubox
255 278 0.005910155 ubox
255 285 0.160857520 ubox
255 286 0.009975778 ubox
255 348 0.027688783 ubox
255 405 0.012923103 ubox
255 411 0.009078292 ubox
256 267 0.097841155 ubox
256 268 0.007647633 ubox
256 269 0.004115565 ubox
256 270 0.851699783 ubox
256 271 0.248931950 ubox
256 273 0.029780046 ubox
256 277 0.005916013 ubox
256 283 0.137396922 ubox
256 285 0.011939038 ubox
256 347 0.027823921 ubox
256 404 0.013073946 ubox
256 410 0.009109792 ubox
257 265 0.004729100 ubox
257 266 0.097081697 ubox
257 269 0.851572334 ubox
257 272 0.032145778 ubox
257 282 0.137484768 ubox
257 346 0.027778743 ubox
257 403 0.013066748 ubox
257 409 0.009108700 ubox
258 265 0.068654079 ubox
258 266 0.020860237 ubox
258 267 0.373796319 ubox
258 268 0.761133409 ubox
258 270 0.243513316 ubox
258 271 0.032613407 ubox
258 281 0.135683363 ubox
258 283 0.086383772 ubox
258 345 0.026993822 ubox
258 347 0.003198509 ubox
258 402 0.013019506 ubox
258 408 0.009083276 ubox
259 265 0.060264344 ubox
259 266 0.519220532 ubox
259 269 0.240145845 ubox
259 282 0.085398119 ubox
259 346 0.003174214 ubox
259 401 0.012955335 ubox
260 264 0.061344720 ubox
260 279 0.130798660 ubox
260 343 0.003566572 ubox
260 398 0.003581235 ubox
260 400 0.012311552 ubox
260 406 0.008840119 ubox
261 267 0.168778425 ubox
261 268 0.248320286 ubox
261 269 0.006489201 ubox
261 270 0.005272744 ubox
261 271 0.009421999 ubox
261 272 0.004104615 ubox
261 278 0.135873882 ubox
261 281 0.096288526 ubox
261 305 0.013976923 ubox
261 342 0.003565064 ubox
261 345 0.006064460 ubox
261 397 0.004583374 ubox
261 399 0.010295134 ubox
261 405 0.008940621 ubox
262 266 0.112268230 ubox
262 267 0.247806500 ubox
262 268 0.009883046 ubox
262 269 0.004286519 ubox
262 270 0.009572121 ubox
262 271 0.005371552 ubox
262 277 0.135389604 ubox
262 280 0.097471305 ubox
262 304 0.014178053 ubox
262 344 0.006685036 ubox
262 396 0.004656147 ubox
262 404 0.008917238 ubox
263 279 0.097463900 ubox
263 303 0.014196136 ubox
263 343 0.006660084 ubox
263 395 0.004616142 ubox
264 302 0.014151438 ubox
265 275 0.024599132 ubox
265 276 0.034411956 ubox
265 301 0.012783413 ubox
266 274 0.024145297 ubox
266 275 0.038382086 ubox
266 300 0.011580585 ubox
267 300 0.004027490 ubox
269 292 0.003940365 ubox
269 301 0.006089588 ubox
270 291 0.004579813 ubox
270 300 0.006991503 ubox
271 289 0.020227093 ubox
272 288 0.020804418 ubox
272 298 0.010876713 ubox
272 301 0.012426361 ubox
273 287 0.021003016 ubox
273 297 0.014439047 ubox
273 300 0.016028788 ubox
273 303 0.003427951 ubox
274 286 0.020412093 ubox
274 296 0.014850387 ubox
274 299 0.015759745 ubox
274 302 0.003637240 ubox
274 403 0.013124523 ubox
275 402 0.015831180 ubox
275 403 0.004938806 ubox
276 290 0.007067629 ubox
276 401 0.016471113 ubox
276 402 0.005238569 ubox
277 289 0.007897932 ubox
277 400 0.015275413 ubox
278 291 0.044383172 ubox
278 294 0.033587116 ubox
278 300 0.008621306 ubox
278 303 0.003517965 ubox
278 339 0.003296867 ubox
278 343 0.004601847 ubox
278 400 0.012129235 ubox
279 290 0.049173123 ubox
279 293 0.036367535 ubox
279 295 0.212984012 ubox
279 304 0.025643468 ubox
279 338 0.003613542 ubox
279 342 0.004211237 ubox
279 396 0.004565936 ubox
279 399 0.013707342 ubox
279 401 0.003205675 ubox
280 289 0.049821598 ubox
280 294 0.216445174 ubox
280 303 0.026144340 ubox
280 337 0.003560235 ubox
280 395 0.004542771 ubox
280 400 0.003465610 ubox
281 289 0.026890180 ubox
281 350 0.005720978 ubox
282 288 0.027119551 ubox
282 292 0.375727048 ubox
282 301 0.057499529 ubox
282 349 0.005651017 ubox
282 415 0.012019970 ubox
283 291 0.390577561 ubox
283 300 0.060262470 ubox
283 303 0.011353120 ubox
283 414 0.012544003 ubox
284 290 0.390282805 ubox
284 299 0.058756406 ubox
284 302 0.011127926 ubox
284 401 0.004167500 ubox
284 413 0.011925656 ubox
285 289 0.386670138 ubox
285 350 0.015546732 ubox
285 400 0.004802992 ubox
286 297 0.045504099 ubox
286 300 0.009158533 ubox
286 349 0.019777856 ubox
287 296 0.037925979 ubox
287 299 0.008723712 ubox
287 353 0.098611008 ubox
287 354 0.005708722 ubox
287 402 0.018934686 ubox
287 403 0.011441707 ubox
288 296 0.062088440 ubox
288 306 0.006379499 ubox
288 346 0.127472607 ubox
288 352 0.130564650 ubox
288 353 0.005049908 ubox
288 401 0.020435997 ubox
288 402 0.012362928 ubox
288 403 0.005060141 ubox
288 409 0.006540024 ubox
289 295 0.071608725 ubox
289 299 0.009310835 ubox
289 302 0.005648956 ubox
289 304 0.017235282 ubox
289 305 0.007979777 ubox
289 310 0.003677518 ubox
289 344 0.743291175 ubox
289 345 0.105849695 ubox
289 351 0.138497653 ubox
289 357 0.008533747 ubox
289 399 0.070656692 ubox
289 401 0.009261974 ubox
289 402 0.003263245 ubox
289 407 0.023998052 ubox
289 408 0.006147168 ubox
290 294 0.067005087 ubox
290 297 0.005917300 ubox
290 298 0.009753516 ubox
290 301 0.005913653 ubox
290 303 0.017171972 ubox
290 307 0.003414335 ubox
290 309 0.003737308 ubox
290 343 0.749056700 ubox
290 349 0.146886420 ubox
290 350 0.131011220 ubox
290 356 0.008867192 ubox
290 398 0.070051846 ubox
290 400 0.007793816 ubox
290 406 0.024054564 ubox
291 296 0.005713452 ubox
291 302 0.011274962 ubox
291 306 0.003596010 ubox
291 308 0.003732064 ubox
291 341 0.109859924 ubox
291 342 0.747404973 ubox
291 347 0.451322159 ubox
291 348 0.124153073 ubox
291 355 0.008885212 ubox
291 397 0.067365461 ubox
291 399 0.008114608 ubox
291 402 0.026478682 ubox
291 404 0.003797253 ubox
291 405 0.022823480 ubox
292 340 0.539573510 ubox
292 341 0.529050566 ubox
292 346 0.458797709 ubox
292 354 0.008564120 ubox
292 401 0.031988071 ubox
292 403 0.004703839 ubox
293 300 0.072240551 ubox
293 303 0.032321436 ubox
293 339 0.755152488 ubox
293 343 0.055625189 ubox
293 400 0.032919003 ubox
294 299 0.047047360 ubox
294 302 0.026405760 ubox
294 304 0.119546578 ubox
294 313 0.005460003 ubox
294 338 0.755550035 ubox
294 340 0.012069996 ubox
294 342 0.055264280 ubox
294 344 0.538280556 ubox
294 351 0.010591667 ubox
294 399 0.028829591 ubox
295 303 0.127422251 ubox
295 312 0.005428182 ubox
295 337 0.754185244 ubox
295 339 0.012079859 ubox
295 343 0.540418385 ubox
295 350 0.010662974 ubox
296 303 0.015238245 ubox
296 312 0.003516881 ubox
296 337 0.014458619 ubox
296 349 0.010577502 ubox
297 302 0.019509229 ubox
297 311 0.006606738 ubox
297 336 0.029802592 ubox
297 341 0.530016899 ubox
297 402 0.006037926 ubox
298 310 0.007019691 ubox
298 336 0.011358996 ubox
298 340 0.566915034 ubox
298 401 0.006990124 ubox
299 309 0.007057048 ubox
299 337 0.004322746 ubox
299 339 0.567584450 ubox
299 343 0.017350115 ubox
299 400 0.007054682 ubox
300 308 0.007048577 ubox
300 311 0.005951045 ubox
300 336 0.011100501 ubox
300 338 0.567466927 ubox
300 341 0.017902199 ubox
300 342 0.020618824 ubox
300 399 0.007060549 ubox
301 310 0.006735008 ubox
301 336 0.012891083 ubox
301 340 0.020766206 ubox
301 341 0.019232546 ubox
302 309 0.006829316 ubox
302 337 0.543096678 ubox
302 339 0.021420727 ubox
303 308 0.006805902 ubox
303 332 0.003317788 ubox
303 336 0.956916615 ubox
303 338 0.017801783 ubox
304 331 0.003291049 ubox
304 335 0.980680830 ubox
304 337 0.013517488 ubox
305 334 0.985974843 ubox
305 335 0.004844671 ubox
306 331 0.010021899 ubox
306 333 0.994598163 ubox
307 330 0.011606020 ubox
307 332 0.998499251 ubox
308 329 0.012017983 ubox
308 331 0.999812764 ubox
309 328 0.011154344 ubox
309 330 0.998687210 ubox
310 329 0.934629209 ubox
311 329 0.023717153 ubox
312 327 0.994616471 ubox
312 328 0.021747644 ubox
313 326 0.936843960 ubox
313 329 0.003580119 ubox
314 325 0.874704447 ubox
314 326 0.349562807 ubox
314 365 0.004258060 ubox
315 324 0.807269242 ubox
315 325 0.484574431 ubox
315 364 0.004344614 ubox
316 324 0.589364369 ubox
316 363 0.004406162 ubox
317 323 0.673100064 ubox
317 362 0.004466176 ubox
318 322 0.661700457 ubox
318 361 0.004465756 ubox
319 360 0.004378104 ubox
320 358 0.003757997 ubox
321 357 0.003661915 ubox
324 353 0.003475935 ubox
325 352 0.004387984 ubox
326 351 0.004993712 ubox
327 350 0.005000600 ubox
328 349 0.004990947 ubox
329 348 0.004978439 ubox
333 346 0.005315534 ubox
334 345 0.005911257 ubox
335 344 0.006127190 ubox
336 343 0.006760359 ubox
337 342 0.007419549 ubox
337 344 0.066896714 ubox
337 351 0.005083378 ubox
337 401 0.010828114 ubox
338 343 0.068004083 ubox
338 350 0.005148718 ubox
338 400 0.012094162 ubox
339 399 0.012119254 ubox
340 398 0.011745865 ubox
342 400 0.013321542 ubox
343 351 0.019459557 ubox
343 396 0.005637343 ubox
343 399 0.013372780 ubox
343 401 0.017161691 ubox
344 350 0.019799296 ubox
344 395 0.005588598 ubox
344 400 0.018602600 ubox
345 395 0.003329812 ubox
348 371 0.005905099 ubox
348 414 0.004362435 ubox
348 423 0.024675819 ubox
348 426 0.009463178 ubox
349 367 0.010588495 ubox
349 370 0.005796093 ubox
349 375 0.006260813 ubox
349 379 0.022208400 ubox
349 402 0.033573407 ubox
349 403 0.006104229 ubox
349 409 0.003338829 ubox
349 413 0.004342033 ubox
349 421 0.037341668 ubox
349 422 0.017645929 ubox
349 425 0.012335496 ubox
350 360 0.019841715 ubox
350 366 0.013619078 ubox
350 374 0.007180516 ubox
350 378 0.025030890 ubox
350 396 0.931085993 ubox
350 401 0.041931677 ubox
350 408 0.003725372 ubox
350 420 0.044663479 ubox
350 424 0.013113103 ubox
351 359 0.020745941 ubox
351 365 0.013857721 ubox
351 395 0.930177832 ubox
351 400 0.042665420 ubox
351 419 0.044738397 ubox
351 423 0.013038319 ubox
352 364 0.013503901 ubox
352 377 0.026302356 ubox
352 394 0.759059156 ubox
352 395 0.129346450 ubox
352 418 0.042874926 ubox
353 363 0.011286534 ubox
353 365 0.003404322 ubox
353 376 0.027240596 ubox
353 377 0.003909691 ubox
353 389 0.003407425 ubox
353 393 0.538415327 ubox
353 394 0.570763606 ubox
353 395 0.004623863 ubox
354 364 0.004838603 ubox
354 365 0.003881015 ubox
354 372 0.010460730 ubox
354 376 0.004149586 ubox
354 388 0.004167126 ubox
354 390 0.010929672 ubox
354 392 0.092679513 ubox
354 393 0.796725278 ubox
354 394 0.006414517 ubox
354 415 0.038470188 ubox
355 363 0.006394705 ubox
355 364 0.004685934 ubox
355 371 0.010881848 ubox
355 384 0.025710612 ubox
355 389 0.012319719 ubox
355 392 0.962002296 ubox
355 414 0.039281871 ubox
356 366 0.015218168 ubox
356 370 0.010331539 ubox
356 373 0.044279281 ubox
356 383 0.025202400 ubox
356 385 0.010155801 ubox
356 391 0.965883814 ubox
356 401 0.009969978 ubox
356 413 0.039089185 ubox
357 364 0.006271055 ubox
357 365 0.016453036 ubox
357 369 0.009140955 ubox
357 372 0.047148582 ubox
357 384 0.007443186 ubox
357 390 0.966130838 ubox
357 393 0.063128814 ubox
357 412 0.038049488 ubox
357 415 0.017804675 ubox
358 363 0.008098232 ubox
358 364 0.017548249 ubox
358 371 0.047326238 ubox
358 381 0.024655342 ubox
358 384 0.070845734 ubox
358 389 0.965342003 ubox
358 392 0.067905904 ubox
358 400 0.088266195 ubox
358 414 0.018170489 ubox
359 370 0.046960447 ubox
359 373 0.004830072 ubox
359 378 0.012608705 ubox
359 380 0.024748257 ubox
359 382 0.019282418 ubox
359 383 0.092884930 ubox
359 385 0.053340268 ubox
359 387 0.745514690 ubox
359 391 0.068862420 ubox
359 399 0.088966482 ubox
359 413 0.018088587 ubox
359 416 0.006073541 ubox
360 369 0.046525184 ubox
360 372 0.005100174 ubox
360 377 0.012415024 ubox
360 384 0.047961056 ubox
360 386 0.723665183 ubox
360 390 0.069126134 ubox
360 398 0.083342397 ubox
360 412 0.017723829 ubox
360 415 0.006099981 ubox
361 371 0.004770355 ubox
361 389 0.069111070 ubox
361 414 0.006075719 ubox
362 371 0.004273520 ubox
362 381 0.957337747 ubox
362 384 0.139386786 ubox
362 400 0.019391201 ubox
363 370 0.004315214 ubox
363 374 0.004835227 ubox
363 375 0.042033336 ubox
363 379 0.005768788 ubox
363 380 0.972321357 ubox
363 383 0.071941360 ubox
363 397 0.093219658 ubox
363 399 0.019510597 ubox
363 409 0.018371172 ubox
364 373 0.004784954 ubox
364 374 0.046672897 ubox
364 375 0.012084994 ubox
364 378 0.009787812 ubox
364 379 0.973386896 ubox
364 380 0.021193617 ubox
364 382 0.034483763 ubox
364 383 0.009946308 ubox
364 396 0.093539289 ubox
364 397 0.024050681 ubox
364 408 0.018967740 ubox
364 417 0.022034341 ubox
365 373 0.047234402 ubox
365 374 0.015130225 ubox
365 378 0.974862228 ubox
365 379 0.004583330 ubox
365 382 0.004947994 ubox
365 385 0.004968994 ubox
365 387 0.033405706 ubox
365 396 0.024132039 ubox
365 407 0.018969826 ubox
365 416 0.022099156 ubox
366 372 0.047466713 ubox
366 377 0.971920854 ubox
366 384 0.004442795 ubox
366 386 0.031599029 ubox
366 394 0.094089039 ubox
366 395 0.021101719 ubox
366 406 0.017856250 ubox
366 415 0.015770151 ubox
367 371 0.043172891 ubox
367 376 0.942502883 ubox
367 393 0.095616983 ubox
367 394 0.016667469 ubox
367 415 0.016163693 ubox
368 384 0.036548038 ubox
368 392 0.096396532 ubox
368 414 0.022458578 ubox
369 382 0.074938869 ubox
369 383 0.027014905 ubox
369 385 0.008777914 ubox
369 391 0.091854108 ubox
369 401 0.007134522 ubox
369 413 0.022610790 ubox
370 376 0.030995822 ubox
370 381 0.086431837 ubox
370 384 0.009925104 ubox
370 388 0.009399348 ubox
370 390 0.080143155 ubox
370 398 0.005885585 ubox
370 400 0.007957228 ubox
370 412 0.022597370 ubox
371 375 0.034734097 ubox
371 380 0.089810811 ubox
371 383 0.011836822 ubox
371 387 0.010622719 ubox
371 391 0.006154552 ubox
371 397 0.006210909 ubox
371 399 0.008143245 ubox
371 402 0.013270457 ubox
371 404 0.006862552 ubox
371 405 0.003458485 ubox
371 410 0.003589851 ubox
371 411 0.022253933 ubox
372 379 0.084892733 ubox
372 382 0.012142150 ubox
372 385 0.004889706 ubox
372 391 0.115442327 ubox
372 401 0.014090616 ubox
372 403 0.006819994 ubox
372 409 0.004700879 ubox
373 381 0.011859608 ubox
373 384 0.004681203 ubox
373 390 0.131358036 ubox
373 400 0.013678438 ubox
374 389 0.133732909 ubox
374 395 0.016287595 ubox
375 384 0.020955092 ubox
375 386 0.027993455 ubox
375 388 0.129361857 ubox
375 394 0.016141983 ubox
376 383 0.022628722 ubox
376 385 0.024687820 ubox
376 391 0.003169602 ubox
376 402 0.008205009 ubox
377 382 0.018066906 ubox
377 385 0.136604922 ubox
377 401 0.009269883 ubox
378 384 0.141771760 ubox
378 389 0.020247827 ubox
378 395 0.031670274 ubox
378 400 0.009292944 ubox
378 419 0.006514301 ubox
379 388 0.020121762 ubox
379 390 0.030169849 ubox
379 393 0.047911062 ubox
379 394 0.022437996 ubox
379 415 0.003962778 ubox
379 418 0.006566238 ubox
380 389 0.031902868 ubox
380 392 0.054707553 ubox
380 400 0.018481127 ubox
380 414 0.004134261 ubox
381 387 0.024758989 ubox
381 391 0.056004163 ubox
381 396 0.004463942 ubox
381 399 0.018735815 ubox
381 413 0.004029981 ubox
381 416 0.013307882 ubox
382 386 0.022848988 ubox
382 390 0.056459369 ubox
382 393 0.003879771 ubox
382 395 0.004479219 ubox
382 398 0.018352273 ubox
382 412 0.003235629 ubox
382 415 0.013672372 ubox
383 388 0.007190975 ubox
383 389 0.055901558 ubox
383 392 0.004288517 ubox
383 394 0.004406736 ubox
383 406 0.004686583 ubox
383 412 0.003465371 ubox
383 414 0.013629659 ubox
384 391 0.008348812 ubox
384 396 0.018359352 ubox
384 405 0.006184307 ubox
384 407 0.005187401 ubox
384 411 0.004374779 ubox
384 413 0.013419680 ubox
384 429 0.006668629 ubox
385 390 0.008590605 ubox
385 395 0.018084084 ubox
385 406 0.005225822 ubox
385 412 0.013198143 ubox
385 428 0.006620848 ubox
387 426 0.009553627 ubox
388 403 0.024318679 ubox
388 409 0.015163879 ubox
388 425 0.009582994 ubox
389 402 0.031163436 ubox
389 404 0.004962192 ubox
389 408 0.015889618 ubox
389 410 0.005735093 ubox
389 424 0.009552278 ubox
390 401 0.032076087 ubox
390 403 0.004722874 ubox
390 409 0.005586708 ubox
391 398 0.006341525 ubox
391 400 0.032187586 ubox
391 406 0.015134673 ubox
391 423 0.003972848 ubox
392 397 0.007111079 ubox
392 399 0.031935386 ubox
392 403 0.007054148 ubox
392 404 0.142731643 ubox
392 405 0.013129638 ubox
393 402 0.008533303 ubox
393 403 0.144795042 ubox
393 422 0.010327329 ubox
394 401 0.010316178 ubox
394 402 0.147705387 ubox
394 403 0.006177721 ubox
394 421 0.015981207 ubox
394 425 0.008789141 ubox
394 430 0.003815356 ubox
395 401 0.150224396 ubox
395 402 0.006713242 ubox
395 420 0.018953548 ubox
395 424 0.012352555 ubox
395 429 0.004373595 ubox
396 400 0.149884456 ubox
396 419 0.018960359 ubox
396 423 0.010922923 ubox
396 428 0.004373156 ubox
397 414 0.015514323 ubox
397 423 0.072091666 ubox
397 426 0.004863970 ubox
398 413 0.013884343 ubox
398 422 0.071981251 ubox
398 425 0.005292451 ubox
399 414 0.051583397 ubox
399 423 0.011055925 ubox
399 428 0.003304938 ubox
400 407 0.070327462 ubox
400 413 0.050545026 ubox
400 416 0.049197649 ubox
400 420 0.075511716 ubox
400 422 0.008967287 ubox
400 424 0.011395777 ubox
400 427 0.003348948 ubox
401 406 0.064782953 ubox
401 412 0.048841317 ubox
401 415 0.050077095 ubox
401 419 0.075153884 ubox
401 423 0.011334286 ubox
401 426 0.003277076 ubox
402 414 0.048961888 ubox
402 415 0.005933170 ubox
402 418 0.064764161 ubox
402 419 0.004503989 ubox
403 414 0.005727521 ubox
403 415 0.044723073 ubox
403 418 0.005478662 ubox
404 414 0.043674781 ubox
405 414 0.080425217 ubox
405 423 0.012861906 ubox
406 413 0.072830832 ubox
406 422 0.012262420 ubox
408 419 0.024421585 ubox
409 415 0.031763908 ubox
409 418 0.024227924 ubox
410 414 0.032824189 ubox
411 423 0.025113875 ubox
411 431 0.003439301 ubox
412 422 0.024710409 ubox
412 430 0.003378386 ubox
413 423 0.004640715 ubox
413 428 0.003270239 ubox
414 422 0.006661901 ubox
414 427 0.003598254 ubox
414 435 0.003330825 ubox
415 421 0.006876263 ubox
415 435 0.004547242 ubox
417 423 0.023018011 ubox
417 426 0.046389951 ubox
417 431 0.357170350 ubox
418 422 0.018717998 ubox
418 425 0.053096032 ubox
418 430 0.358978384 ubox
419 424 0.054635828 ubox
419 427 0.042124215 ubox
419 429 0.359532508 ubox
419 434 0.003922381 ubox
420 426 0.042724635 ubox
420 428 0.359253863 ubox
421 432 0.003264509 ubox
422 431 0.003164228 ubox
423 427 0.019627184 ubox
423 429 0.009264213 ubox
424 428 0.009363453 ubox
